0,0,-1.5948e-07,0,0,0,0
0,0,-1.5948e-07,0,0,0,0
0.40573,0.013123,-0.0038007,-0.64835,2.5009,0.0030518,-0.00061035
0.40161,0.011902,-0.0042758,-0.66116,2.5012,0.00091553,-0.00061035
0.38101,0.0010681,-0.005226,-0.67856,2.5024,0,-0.00030518
0.36026,-0.0088501,-0.0042758,-0.69321,2.5012,0.00030518,0
0.33951,-0.0082397,-0.005701,-0.69839,2.5024,-0.00061035,0
0.32074,-0.0027466,-0.0047509,-0.69992,2.5009,0.00061035,0.00030518
0.33752,0.0027466,-0.005226,-0.70694,2.5009,-0.00030518,0
0.35187,0.0074768,-0.0047509,-0.71793,2.5015,0,0
0.29114,0.01358,-0.005226,-0.72525,2.5009,0,0.00030518
0.20294,0.014801,-0.0047509,-0.72342,2.5012,0,0.00030518
0.16113,0.0076294,-0.0042758,-0.71884,2.5012,0,0.00061035
0.14725,0.0032043,-0.0042758,-0.71625,2.5009,-0.00030518,0.00061035
0.12863,0.0083923,-0.005226,-0.71716,2.5015,-0.00030518,0.00030518
0.11261,0.017395,-0.0028506,-0.71243,2.5012,-0.00030518,0
0.1088,0.018311,-0.0033257,-0.6987,2.5021,0,0.00030518
0.0914,0.0054932,-0.0042758,-0.68649,2.5021,0.00061035,0.00061035
0.063629,-0.015564,-0.0042758,-0.67902,2.5012,0.00061035,-0.00030518
0.062561,-0.020905,-0.0038007,-0.67001,2.5012,-0.00030518,0.00030518
0.076447,-0.010529,-0.0042758,-0.65689,2.5012,0,0
0.055084,-0.0090027,-0.0042758,-0.63766,2.5009,-0.00091553,0.00030518
0.0076294,-0.015717,-0.0047509,-0.6105,2.5009,-0.00061035,-0.00030518
-0.014191,-0.015106,-0.0047509,-0.58167,2.5012,-0.00030518,0
-0.026855,-0.0061035,-0.0042758,-0.55176,2.5018,-0.00091553,-0.00061035
-0.034943,0.0076294,-0.0042758,-0.52185,2.5012,-0.00061035,-0.00030518
-0.036621,0.019531,-0.0042758,-0.48889,2.5012,-0.00030518,-0.00030518
-0.04837,0.022125,-0.0042758,-0.45364,2.5009,0,0
-0.084686,0.014038,-0.0038007,-0.41885,2.5009,0,0
-0.12375,-0.0032043,-0.005226,-0.38406,2.5009,0,0.00030518
-0.13626,-0.019531,-0.0038007,-0.34805,2.5018,0,0
-0.1326,-0.027161,-0.0042758,-0.31387,2.5021,0,0.00030518
-0.14725,-0.03067,-0.0047509,-0.28198,2.5009,-0.00061035,0.00061035
-0.16953,-0.027008,-0.0047509,-0.25162,2.5015,0,0.00030518
-0.18188,-0.013733,-0.0042758,-0.22385,2.5006,-0.00061035,-0.00061035
-0.18753,-0.0018311,-0.0042758,-0.19287,2.5018,-0.00061035,0
-0.17487,0.0015259,-0.0047509,-0.15686,2.5012,0.00030518,-0.00030518
-0.17929,0.0065613,-0.0042758,-0.11917,2.5015,0,0.00061035
-0.18356,0.015106,-0.0042758,-0.087433,2.5006,0,0.00030518
-0.17868,0.016022,-0.0038007,-0.065308,2.5003,-0.00061035,0
-0.16708,0.0061035,-0.0028506,-0.051422,2.5012,0,-0.00061035
-0.17349,-0.0067139,-0.005226,-0.03067,2.5021,0,0
-0.19608,-0.0097656,-0.0042758,-0.0048828,2.5021,-0.00061035,-0.00061035
-0.20767,-0.007019,-0.0042758,0.018158,2.5012,0,0.00030518
-0.19348,-0.0056458,-0.0047509,0.035553,2.5018,-0.00061035,0.00061035
-0.1857,-0.0036621,-0.0042758,0.050354,2.5006,-0.00030518,0.00030518
-0.18829,-0.0012207,-0.0047509,0.06958,2.5006,0,0.00030518
-0.20554,-0.0027466,-0.005226,0.093689,2.5009,-0.00030518,0.00030518
-0.21515,-0.0010681,-0.0042758,0.11337,2.5021,-0.00030518,0.00030518
-0.20584,0.0085449,-0.0047509,0.12909,2.5018,-0.00030518,-0.00030518
-0.19394,0.016327,-0.0038007,0.14389,2.5015,0.00030518,-0.00030518
-0.19196,0.019379,-0.0042758,0.15686,2.5012,-0.00030518,0.00030518
-0.18768,0.021057,-0.0033257,0.16998,2.5015,-0.00030518,0.00030518
-0.18555,0.013428,-0.0042758,0.18372,2.5009,0,0
-0.18661,-0.00015259,-0.005226,0.19684,2.5015,0.00030518,-0.00030518
-0.17624,-0.0093079,-0.0042758,0.20996,2.5012,0.00030518,0.00061035
-0.13138,-0.012207,-0.0042758,0.22125,2.5024,-0.00030518,0.00030518
-0.13489,-0.0059509,-0.0047509,0.22949,2.5015,0.00030518,0.00030518
-0.17151,0.0090027,-0.0047509,0.23651,2.5012,-0.00061035,-0.00061035
-0.17807,0.021973,-0.0047509,0.25116,2.5006,0,0
-0.18372,0.020599,-0.0047509,0.26352,2.5018,0,-0.00091553
-0.18723,0.0032043,-0.0042758,0.26978,2.5018,0,-0.00030518
-0.18646,-0.016937,-0.005701,0.27344,2.5021,-0.00030518,0.00030518
-0.18311,-0.025635,-0.0042758,0.27878,2.5015,0,-0.00030518
-0.18539,-0.02182,-0.0042758,0.28961,2.5009,-0.00061035,0
-0.19562,-0.0083923,-0.0042758,0.29419,2.5018,0.00030518,0.00030518
-0.1918,0.007782,-0.0033257,0.29358,2.5015,0.00030518,-0.00030518
-0.19104,0.014648,-0.0042758,0.30121,2.5015,-0.00061035,0
-0.20737,0.010529,-0.0042758,0.31372,2.5009,0.00030518,0.00061035
-0.21866,0.00061035,-0.0038007,0.3183,2.5021,0,0.00030518
-0.21973,-0.0057983,-0.0042758,0.31616,2.5,-0.00030518,0.00030518
-0.22339,-0.0027466,-0.0028506,0.31952,2.5012,0,0.00061035
-0.22125,0.0030518,-0.0047509,0.3244,2.5006,0,0.00030518
-0.21591,0.0028992,-0.0047509,0.32333,2.5018,-0.00030518,0
-0.20462,-0.0015259,-0.0047509,0.31982,2.5021,0,-0.00030518
-0.20203,-0.0074768,-0.0047509,0.32822,2.5021,-0.00030518,-0.00030518
-0.1915,-0.0067139,-0.0047509,0.33478,2.5006,0.00030518,0.00061035
-0.19379,0.0061035,-0.0047509,0.33783,2.5024,-0.00091553,0.00091553
-0.1976,0.027618,-0.0042758,0.34119,2.5,-0.00030518,-0.00030518
-0.1944,0.049133,-0.0047509,0.34393,2.5009,-0.00061035,-0.00030518
-0.19836,0.06546,-0.0042758,0.34561,2.5009,0,0
-0.21042,0.061188,-0.0047509,0.34988,2.5009,0,-0.00030518
-0.21591,0.031433,-0.0042758,0.35187,2.5015,0,0
-0.20569,-0.0033569,-0.0047509,0.3508,2.5012,0,0
-0.1973,-0.028381,-0.0038007,0.3508,2.5006,-0.00030518,-0.00030518
-0.20294,-0.040588,-0.0038007,0.35385,2.5018,-0.00061035,0.00061035
-0.19516,-0.029602,-0.0038007,0.35248,2.5018,-0.00030518,-0.00030518
-0.19669,-0.0039673,-0.005226,0.34546,2.5018,-0.00061035,0.00030518
-0.20401,0.011444,-0.0042758,0.33951,2.5021,0,0.00030518
-0.19821,0.01297,-0.0047509,0.33554,2.5012,0,-0.00061035
-0.18356,0.004425,-0.0042758,0.3363,2.5018,0,-0.00061035
-0.17471,-0.010071,-0.0047509,0.33722,2.5009,0,0
-0.18082,-0.026855,-0.0038007,0.33585,2.5018,0.00030518,-0.00030518
-0.18326,-0.032806,-0.0033257,0.33295,2.5012,-0.00030518,0
-0.18372,-0.024567,-0.0042758,0.327,2.5018,0.00030518,0
-0.18677,-0.014954,-0.005226,0.31677,2.5009,-0.00030518,0.00030518
-0.1712,-0.010376,-0.0042758,0.30731,2.5012,-0.00030518,0.00030518
-0.15533,-0.009613,-0.0042758,0.30212,2.5009,0,0
-0.14816,-0.022583,-0.0042758,0.30075,2.5018,-0.00030518,0
-0.13626,-0.041351,-0.0047509,0.29694,2.5018,0,0.00030518
-0.12909,-0.0383,-0.0042758,0.29297,2.5018,0,0
-0.15045,-0.021515,-0.0042758,0.29037,2.5018,-0.00030518,-0.00061035
-0.15915,-0.015106,-0.005226,0.28397,2.5006,0.00030518,-0.00091553
-0.15228,-0.014801,-0.0042758,0.27695,2.5009,0,-0.00030518
-0.14359,-0.010681,-0.005226,0.26489,2.5024,-0.00030518,0
-0.13809,-0.0099182,-0.0033257,0.24857,2.5018,-0.00030518,0
-0.1178,-0.013275,-0.0042758,0.23636,2.5024,-0.00091553,-0.00030518
-0.10895,-0.0091553,-0.0047509,0.22797,2.5012,0,0.00030518
-0.10956,0.0019836,-0.0042758,0.21484,2.5009,0,0.00061035
-0.097504,0.01297,-0.0042758,0.20126,2.5009,-0.00091553,0.00030518
-0.081787,0.031433,-0.0042758,0.19608,2.5012,-0.00030518,0.00030518
-0.077362,0.053864,-0.0042758,0.1918,2.5009,0,0
-0.088654,0.064392,-0.0042758,0.18387,2.5015,0.00030518,0
-0.089722,0.051575,-0.0042758,0.16846,2.5021,-0.00061035,0.00061035
-0.071106,0.027924,-0.0047509,0.15121,2.5012,0,-0.00030518
-0.050049,0.0062561,-0.0047509,0.1416,2.5012,-0.00061035,-0.00030518
-0.029755,-0.011902,-0.0047509,0.1326,2.5012,0.00061035,-0.00091553
-0.029297,-0.02533,-0.0042758,0.12009,2.5024,-0.00030518,0
-0.025787,-0.028381,-0.0042758,0.11215,2.5012,-0.00030518,-0.00030518
-0.019073,-0.019836,-0.0042758,0.10559,2.5021,0.00030518,0
-0.012054,-0.0053406,-0.0042758,0.095367,2.5009,0,0
-0.0061035,0.011597,-0.0038007,0.082397,2.5024,-0.00061035,0
0.0068665,0.021362,-0.005226,0.075378,2.5,0,0.00030518
0.021973,0.017548,-0.0042758,0.071411,2.5015,0,-0.00030518
0.024414,0.0024414,-0.005226,0.068054,2.5009,-0.00030518,-0.00030518
0.029907,-0.021057,-0.0047509,0.062561,2.5015,0,0
0.050964,-0.0354,-0.0042758,0.057373,2.5015,0,0.00030518
0.061951,-0.028839,-0.0047509,0.050201,2.5009,0,-0.00030518
0.055084,-0.014343,-0.0047509,0.043182,2.5006,0,0
0.040588,-0.0080872,-0.0042758,0.036621,2.5021,0,0.00061035
0.044708,-0.011597,-0.0047509,0.032959,2.5012,-0.00030518,0.00030518
0.066833,-0.016327,-0.0038007,0.032349,2.5021,0.00030518,0.00061035
0.081177,-0.016632,-0.0047509,0.029297,2.5015,0,0.00030518
0.07782,-0.0094604,-0.0038007,0.02243,2.5015,0,-0.00030518
0.076141,0.0016785,-0.0042758,0.017395,2.5012,-0.00030518,0
0.080566,0.011444,-0.0042758,0.011292,2.5012,-0.00030518,0
0.096283,0.016479,-0.0042758,0.0059509,2.5009,-0.00061035,-0.00061035
0.096741,0.016785,-0.0042758,0.0024414,2.5012,-0.00030518,0
0.094147,0.018005,-0.0042758,-0.0018311,2.5015,-0.00030518,0.00030518
0.099792,0.027466,-0.0042758,-0.0047302,2.5012,0,0
0.10239,0.035095,-0.0033257,-0.0067139,2.5018,-0.00061035,0
0.093231,0.030212,-0.0038007,-0.0059509,2.5003,-0.00061035,0
0.088501,0.016022,-0.0038007,-0.011902,2.5021,0.00030518,0
0.094757,0.0018311,-0.0042758,-0.02243,2.5012,-0.00030518,0.00030518
0.10391,-0.014801,-0.0038007,-0.027466,2.5015,-0.00030518,0.00061035
0.087891,-0.032043,-0.0042758,-0.025024,2.5015,-0.00061035,-0.00030518
0.099487,-0.034332,-0.0038007,-0.024719,2.5021,0,-0.00091553
0.11673,-0.018311,-0.0042758,-0.03067,2.5015,-0.00091553,0.00030518
0.11353,-0.0079346,-0.0042758,-0.038757,2.5009,0,-0.00091553
0.10696,-0.012512,-0.0042758,-0.042877,2.5012,-0.00061035,0
0.10803,-0.011139,-0.0038007,-0.042419,2.5021,0,0.00030518
0.11429,0.0048828,-0.0042758,-0.040283,2.5018,-0.00030518,0.00030518
0.1445,0.019379,-0.0047509,-0.045624,2.5012,-0.00030518,0
0.14328,0.026093,-0.0042758,-0.055389,2.5015,0.00030518,0
0.12848,0.016174,-0.0047509,-0.059662,2.5012,-0.00030518,0
0.11322,-0.012054,-0.0042758,-0.057831,2.5006,-0.00030518,-0.00030518
0.12146,-0.040131,-0.005701,-0.054626,2.5015,0,0.00061035
0.1265,-0.041962,-0.0042758,-0.05661,2.5009,0,-0.00091553
0.1152,-0.012054,-0.0042758,-0.062408,2.5009,-0.00030518,-0.00030518
0.12833,0.023804,-0.0042758,-0.067902,2.5006,0,-0.00061035
0.14771,0.041962,-0.0033257,-0.0737,2.5006,-0.00061035,-0.00061035
0.12466,0.04715,-0.0042758,-0.073242,2.5027,-0.00061035,0
0.10025,0.045776,-0.0047509,-0.065308,2.5018,0.00030518,0
0.095062,0.03479,-0.0033257,-0.056763,2.5021,0.00030518,0
0.10056,0.019531,-0.0042758,-0.054626,2.5015,-0.00061035,0.00030518
0.093231,0.0073242,-0.0038007,-0.055695,2.5012,-0.00061035,-0.00061035
0.096588,0.0013733,-0.0042758,-0.061035,2.5006,0,0.00030518
0.10635,0.011139,-0.0038007,-0.07309,2.5006,-0.00061035,-0.00030518
0.11368,0.023346,-0.0042758,-0.083771,2.5009,-0.00030518,-0.00061035
0.11871,0.022736,-0.005701,-0.087738,2.5009,-0.00030518,0.00061035
0.11703,0.0064087,-0.0042758,-0.085602,2.5018,-0.00030518,-0.00030518
0.10071,-0.011139,-0.0042758,-0.082397,2.5012,-0.00030518,0
0.10132,-0.0177,-0.0038007,-0.080566,2.5009,-0.00030518,0.00030518
0.11414,-0.017548,-0.0042758,-0.082245,2.5018,-0.00091553,-0.00030518
0.11459,-0.012665,-0.0047509,-0.080109,2.5015,-0.00030518,-0.00030518
0.11078,-0.0064087,-0.0042758,-0.077667,2.5024,0.00030518,0.00030518
0.11383,-0.005188,-0.005701,-0.075378,2.5021,0,0
0.10834,-0.0062561,-0.0042758,-0.074463,2.5015,-0.00030518,-0.00091553
0.10178,-0.010681,-0.0042758,-0.072021,2.5018,0,0.00030518
0.084534,-0.018921,-0.0042758,-0.068207,2.5003,0.00030518,0.00030518
0.07782,-0.023956,-0.005226,-0.065765,2.5003,-0.00091553,0
0.078888,-0.020294,-0.0038007,-0.064392,2.5021,-0.00061035,-0.00030518
0.078888,-0.015869,-0.0042758,-0.063019,2.5012,-0.00030518,0.00030518
0.07782,-0.017548,-0.0047509,-0.060272,2.5012,0.00030518,0
0.071106,-0.015869,-0.0042758,-0.06012,2.5012,0,0.00030518
0.060883,-0.012207,-0.0042758,-0.059509,2.5003,0,-0.00061035
0.080719,-0.01297,-0.0047509,-0.057678,2.5015,-0.00030518,0
0.081787,-0.015564,-0.0042758,-0.056458,2.5015,-0.00061035,0.00030518
0.071259,-0.016174,-0.0042758,-0.060577,2.5015,-0.00030518,0
0.065765,-0.013885,-0.0033257,-0.065002,2.5015,-0.00030518,-0.00030518
0.067596,-0.013428,-0.0047509,-0.059509,2.5009,-0.00030518,-0.00030518
0.070953,-0.011902,-0.0042758,-0.051727,2.5015,0,0.00030518
0.068512,-0.0061035,-0.0042758,-0.050812,2.5012,-0.00061035,0.00030518
0.067596,0.0057983,-0.0042758,-0.056152,2.5012,-0.00030518,-0.00061035
0.067291,0.020599,-0.005226,-0.057983,2.5018,0,0.00030518
0.046844,0.027008,-0.0038007,-0.055084,2.5015,-0.00030518,0.00061035
0.050507,0.021973,-0.0047509,-0.053711,2.5021,-0.00030518,0.00061035
0.059967,0.0091553,-0.0042758,-0.05661,2.5015,-0.00061035,-0.00030518
0.05661,-0.0064087,-0.0047509,-0.051727,2.5012,-0.00061035,0
0.052032,-0.012512,-0.0038007,-0.039215,2.5006,0.00030518,-0.00061035
0.046692,-0.0015259,-0.0047509,-0.032043,2.5024,0,0.00030518
0.052643,0.010834,-0.0038007,-0.033569,2.5015,0.00030518,-0.00030518
0.049591,0.016327,-0.0038007,-0.038605,2.5021,-0.00030518,-0.00030518
0.047913,0.015564,-0.005226,-0.0354,2.5012,0.00030518,0
0.040283,0.011444,-0.0033257,-0.02594,2.5015,0,0.00030518
0.030518,0.015564,-0.0042758,-0.023804,2.5009,0,0.00030518
0.041504,0.024109,-0.005226,-0.02655,2.5012,-0.00030518,0
0.047455,0.026703,-0.0047509,-0.03067,2.5015,0.00030518,0.00030518
0.036774,0.024109,-0.0042758,-0.033264,2.5018,-0.00030518,-0.00030518
0.025024,0.02182,-0.0042758,-0.032806,2.5009,-0.00030518,0.00030518
0.023651,0.016479,-0.0047509,-0.031128,2.5018,-0.00061035,-0.00061035
0.032654,0.0013733,-0.0047509,-0.029144,2.5012,-0.00030518,-0.00030518
0.030212,-0.0091553,-0.0047509,-0.029449,2.5012,0.00030518,0
0.028839,-0.0085449,-0.0047509,-0.028687,2.5009,-0.00061035,0.00030518
0.022888,-0.0053406,-0.005226,-0.027771,2.5009,0.00030518,0
0.0054932,-0.009613,-0.0047509,-0.027924,2.5015,-0.00061035,0
0.010223,-0.013123,-0.0047509,-0.028076,2.5012,-0.00030518,0
0.0076294,-0.010376,-0.0042758,-0.029755,2.5012,-0.00030518,-0.00061035
0.0090027,-0.0056458,-0.0042758,-0.031433,2.5009,-0.00030518,0
0.019379,0.0022888,-0.0038007,-0.030975,2.5027,-0.00030518,0
0.022736,0.01297,-0.005226,-0.030212,2.5018,-0.00030518,-0.00061035
0.01709,0.023804,-0.0047509,-0.029297,2.5006,0,-0.00030518
0.010223,0.027313,-0.0033257,-0.024414,2.5012,-0.00061035,0
0.0039673,0.025177,-0.0047509,-0.016327,2.5009,0,0
-0.0080872,0.024872,-0.005226,-0.0094604,2.5009,0,0
-0.010529,0.023651,-0.0042758,-0.0019836,2.5015,0,0
-0.0035095,0.00030518,-0.0047509,0.002594,2.5015,0,-0.00030518
0.0021362,-0.0354,-0.005226,0.0010681,2.5003,0,0
0.0067139,-0.046997,-0.0047509,-0.005188,2.5018,0,-0.00061035
0.005188,-0.035858,-0.0042758,-0.010529,2.5009,0,0.00030518
0.0061035,-0.025787,-0.0042758,-0.012665,2.5009,-0.00030518,0.00061035
0.0071716,-0.022125,-0.005226,-0.014648,2.5012,-0.00030518,0
0.015717,-0.020142,-0.0047509,-0.013428,2.5018,0.00061035,0.00030518
0.020142,-0.015106,-0.0042758,-0.012054,2.5018,-0.00030518,-0.00030518
0.019684,-0.0056458,-0.0042758,-0.014801,2.5003,-0.00061035,-0.00061035
0.00091553,0.0057983,-0.0047509,-0.019684,2.5012,0.00030518,0
0.0042725,0.016479,-0.0047509,-0.018005,2.5012,-0.00030518,-0.00030518
0.021515,0.022736,-0.0038007,-0.014648,2.5015,-0.00030518,0
0.029907,0.027008,-0.0042758,-0.017242,2.5018,-0.00061035,-0.00030518
0.021667,0.024414,-0.0047509,-0.016479,2.5012,0,0
0.01358,0.010071,-0.0042758,-0.0091553,2.5003,-0.00061035,-0.00030518
0.010834,-0.010834,-0.0042758,-0.0019836,2.5009,-0.00030518,0
0.0038147,-0.018005,-0.005226,-0.00045776,2.5012,-0.00061035,0.00030518
-0.0079346,-0.0068665,-0.0042758,-0.00030518,2.5015,-0.00061035,0.00030518
-0.018158,0.0050354,-0.005226,0.00091553,2.5012,-0.00030518,0
-0.02243,0.013275,-0.0042758,0.0010681,2.5,0,-0.00030518
-0.012054,0.018768,-0.0038007,0.0012207,2.5006,-0.00061035,0.00030518
-0.02243,0.016022,-0.0047509,0.0059509,2.5006,-0.00030518,-0.00061035
-0.035095,0.0076294,-0.005226,0.0071716,2.5012,0,-0.00061035
-0.027924,-0.0012207,-0.0033257,0.0022888,2.5015,0,0.00061035
-0.017548,-0.0067139,-0.0042758,0,2.5018,0,0
-0.019073,-0.0028992,-0.0047509,0.0083923,2.5012,-0.00030518,0.00030518
-0.021362,0.0012207,-0.005226,0.018768,2.5021,0,-0.00030518
-0.023346,-0.0041199,-0.005226,0.022125,2.5006,-0.00061035,0.00030518
-0.025482,-0.014648,-0.0038007,0.019836,2.5021,0,-0.00030518
-0.029907,-0.014954,-0.0042758,0.015717,2.5009,-0.00091553,-0.0012207
-0.015564,-0.0071716,-0.0047509,0.010681,2.5015,-0.00061035,0.00030518
-0.007782,0.00061035,-0.005226,0.0073242,2.5021,-0.00030518,0.00030518
-0.01297,0.0071716,-0.0042758,0.0028992,2.5015,-0.00030518,0.00030518
-0.022278,0.010681,-0.005701,-0.0010681,2.5012,0.00030518,-0.00061035
-0.024414,0.014801,-0.0042758,-0.00045776,2.5012,0,-0.00030518
-0.025482,0.019531,-0.0047509,0.0028992,2.5015,0.00030518,0.00030518
-0.028076,0.013885,-0.0047509,0.0065613,2.5015,0,0
-0.020905,-0.007782,-0.005226,0.0048828,2.5021,-0.00061035,0
-0.0088501,-0.019531,-0.0038007,0.0033569,2.5027,0.00030518,-0.00030518
-0.017548,-0.0061035,-0.0042758,0.005188,2.5021,-0.00030518,-0.00061035
-0.022888,0.015717,-0.005226,0.0079346,2.5021,0,0.00030518
-0.023651,0.022888,-0.0042758,0.0091553,2.5021,-0.00030518,-0.00030518
-0.020905,0.015106,-0.005226,0.010834,2.5012,-0.00030518,0.00030518
-0.019379,0.00076294,-0.0038007,0.01236,2.5003,0.00030518,0
-0.026398,-0.015869,-0.0042758,0.010071,2.5018,0,-0.00030518
-0.033569,-0.022125,-0.005226,0.0057983,2.5012,0,0
-0.037079,-0.015717,-0.0038007,0.0032043,2.4997,-0.00061035,0.00030518
-0.029297,-0.0016785,-0.0047509,0.0030518,2.5021,0,0.00030518
-0.019379,0.0080872,-0.005226,0.00091553,2.5009,-0.00061035,-0.00061035
-0.017853,0.01236,-0.0047509,-0.00076294,2.5018,-0.00091553,0.00030518
-0.016632,0.010834,-0.005226,-0.0024414,2.5006,-0.00030518,-0.00061035
-0.023193,0.0094604,-0.0038007,-0.0056458,2.5009,0.00030518,0.00061035
-0.013275,0.0088501,-0.0038007,-0.010986,2.5018,-0.00030518,-0.00030518
-0.0016785,0.007782,-0.0042758,-0.01709,2.5012,-0.00091553,0
-0.0061035,0.0076294,-0.005226,-0.0177,2.5018,-0.00030518,-0.00091553
-0.017548,0.0097656,-0.0038007,-0.013733,2.5021,-0.00030518,0.00061035
-0.017395,0.0079346,-0.0042758,-0.005188,2.5009,0.00030518,0
-0.01297,0.0013733,-0.005701,-0.0019836,2.5015,0.00030518,0.00030518
-0.016022,-0.010986,-0.005226,-0.0033569,2.5012,0,0.00030518
-0.015717,-0.018005,-0.0047509,-0.0027466,2.5018,-0.00030518,0.00030518
0.010681,-0.0088501,-0.0042758,-0.0067139,2.5012,-0.00061035,0.00061035
0.0090027,0.010529,-0.0038007,-0.014038,2.5003,0,0.00030518
0.0099182,0.016785,-0.0047509,-0.01709,2.5018,0.00030518,0.00030518
0.022125,0.0053406,-0.0042758,-0.017395,2.5015,-0.00030518,0
0.018463,-0.0016785,-0.0038007,-0.012817,2.5009,-0.00030518,0.00061035
0.00061035,0.0045776,-0.0042758,-0.0085449,2.5009,0,-0.00030518
-0.0021362,0.011444,-0.0042758,-0.002594,2.5009,0,0
0.0091553,0.0056458,-0.0042758,0.0033569,2.5021,0,-0.00030518
0.0068665,-0.0067139,-0.005226,0.0061035,2.5015,-0.00030518,-0.00030518
-0.0068665,-0.01358,-0.0047509,0.0083923,2.5012,-0.00030518,-0.00030518
-0.0036621,-0.017395,-0.0033257,0.0099182,2.5015,-0.00030518,0
0.0024414,-0.018768,-0.005226,0.0071716,2.5015,0.00030518,-0.00030518
0.011292,-0.0090027,-0.005226,0.0021362,2.5012,-0.00030518,0
0.014954,-0.0021362,-0.005226,0,2.5009,-0.00030518,-0.00030518
-0.0013733,-0.0073242,-0.0047509,0.0010681,2.5009,0.00030518,-0.00091553
-0.01358,-0.019531,-0.0038007,0.0035095,2.5012,-0.00030518,0.00030518
-0.0083923,-0.031586,-0.0038007,0.0054932,2.5012,0,0.00030518
0.004425,-0.040131,-0.0047509,0.0062561,2.5009,-0.00030518,-0.00061035
0.00045776,-0.035095,-0.005226,0.007019,2.5009,0,-0.00030518
-0.014496,-0.018311,-0.0047509,0.0082397,2.5009,0,-0.00030518
-0.013428,-0.0082397,-0.005701,0.0093079,2.5012,-0.00030518,0.00030518
-0.0056458,-0.010681,-0.0047509,0.012207,2.5015,-0.00030518,0.00030518
-0.0064087,-0.012054,-0.0047509,0.013733,2.5021,0,0.00030518
-0.026855,-0.0039673,-0.0038007,0.015869,2.5024,0,-0.00030518
-0.031433,0.0057983,-0.0047509,0.018616,2.5015,0,0.00091553
-0.019684,0.0082397,-0.0042758,0.022736,2.5006,-0.00061035,0
-0.0177,0.0080872,-0.005226,0.026855,2.5012,0,0
-0.023804,0.016022,-0.0047509,0.03006,2.5009,0.00030518,-0.00030518
-0.028076,0.027618,-0.005226,0.031281,2.5018,-0.00091553,0
-0.02594,0.032196,-0.005701,0.032043,2.5012,-0.00030518,-0.00030518
-0.00061035,0.023651,-0.0042758,0.028229,2.5012,0,-0.00030518
0.0038147,0.0022888,-0.0047509,0.023499,2.5021,-0.0012207,-0.00091553
-0.0079346,-0.028992,-0.005701,0.024567,2.5006,0.00030518,0.00030518
-0.018616,-0.051727,-0.0047509,0.03067,2.5018,0,-0.00091553
-0.010223,-0.045624,-0.0047509,0.034485,2.5018,-0.00030518,0.00030518
-0.011292,-0.02243,-0.0042758,0.03418,2.5012,0.00030518,0
-0.023499,-0.0015259,-0.0038007,0.03418,2.5012,-0.00061035,-0.00030518
-0.017242,0.016785,-0.0047509,0.035095,2.5027,-0.00030518,-0.00030518
-0.020447,0.033722,-0.0042758,0.033417,2.5009,0,0
-0.025787,0.041046,-0.0042758,0.028687,2.5021,0,-0.00030518
-0.0093079,0.036316,-0.0042758,0.02655,2.5012,0,-0.00030518
-0.0083923,0.032043,-0.005226,0.032349,2.5021,0,-0.00030518
-0.013275,0.023956,-0.0042758,0.034637,2.5009,-0.00030518,0.00061035
-0.010986,0.0033569,-0.005226,0.032806,2.5006,-0.00030518,-0.00030518
-0.0091553,-0.023346,-0.0047509,0.029602,2.5003,-0.00061035,0
-0.021362,-0.037689,-0.0047509,0.026093,2.5018,0,0
-0.022888,-0.036774,-0.0042758,0.02655,2.5012,-0.00030518,-0.00030518
-0.012512,-0.027161,-0.0042758,0.029297,2.5024,-0.00030518,0
-0.009613,-0.0061035,-0.0033257,0.029449,2.5009,-0.00061035,-0.00061035
-0.024719,0.025024,-0.0042758,0.031128,2.5009,-0.00030518,0.00030518
-0.02182,0.047607,-0.005226,0.032806,2.5021,0,-0.00091553
-0.020752,0.047913,-0.0047509,0.033417,2.5015,0,0.00061035
-0.017853,0.031433,-0.0042758,0.031281,2.5012,-0.00091553,0
-0.014648,0.0056458,-0.0047509,0.025482,2.5015,0,-0.00030518
-0.018463,-0.023499,-0.0047509,0.018005,2.5012,-0.00030518,0.00030518
-0.018158,-0.042114,-0.0047509,0.017242,2.5012,-0.00030518,0.00030518
-0.018616,-0.036926,-0.005226,0.02121,2.5015,-0.00030518,0.00061035
-0.019073,-0.02182,-0.0042758,0.023651,2.5012,-0.00030518,-0.00061035
-0.026398,-0.0032043,-0.0042758,0.026398,2.5018,0,-0.00030518
-0.022583,0.023499,-0.005226,0.030823,2.5012,0,0.00030518
-0.0074768,0.045471,-0.005701,0.031738,2.5018,0,-0.00061035
-0.010834,0.051117,-0.0042758,0.033417,2.5021,0,0
-0.023193,0.033264,-0.0038007,0.035706,2.5003,-0.00061035,-0.00061035
-0.029907,-0.0088501,-0.005226,0.030823,2.5015,0,-0.00030518
-0.028534,-0.055389,-0.0042758,0.024872,2.5018,0.00030518,0
-0.018616,-0.066833,-0.0042758,0.024567,2.5009,-0.00030518,-0.00061035
-0.0022888,-0.035706,-0.0033257,0.028534,2.5015,-0.00061035,0.00030518
0.00076294,0.0015259,-0.0042758,0.030975,2.5015,-0.00030518,-0.00030518
-0.015564,0.016174,-0.0042758,0.033417,2.5015,0.00061035,0.00030518
-0.023651,0.015259,-0.0047509,0.035706,2.5015,0,-0.00030518
-0.0035095,0.01297,-0.0047509,0.039063,2.5006,-0.00030518,0.00030518
0.0054932,0.0054932,-0.0042758,0.0383,2.5009,-0.00061035,0
-0.019836,-0.0041199,-0.0047509,0.034637,2.5021,-0.00030518,-0.00091553
-0.022583,-0.0080872,-0.0038007,0.028229,2.5012,0,0.00030518
0.00076294,-0.0074768,-0.0038007,0.018463,2.5015,0.00030518,-0.00030518
0.0016785,-0.0041199,-0.005226,0.014038,2.5009,-0.00030518,-0.00030518
-0.0016785,0.0045776,-0.0047509,0.016022,2.5009,0,-0.00030518
-0.0059509,0.022583,-0.0038007,0.02121,2.5006,0.00030518,-0.00030518
-0.0041199,0.040741,-0.0042758,0.022888,2.5015,-0.00061035,-0.00030518
-0.0061035,0.041504,-0.0042758,0.019989,2.5015,0,-0.00030518
0.012665,0.029755,-0.0042758,0.013733,2.5015,0,0.00030518
0.014496,0.012512,-0.0042758,0.010681,2.5012,0,-0.00061035
0.004425,-0.015869,-0.0047509,0.010834,2.5018,0,-0.00030518
-0.0016785,-0.040131,-0.0042758,0.012665,2.5009,-0.00030518,0
0.0067139,-0.027161,-0.0047509,0.010986,2.5012,-0.00030518,0
0.0028992,0.016632,-0.0038007,0.0061035,2.5015,0,-0.00030518
-0.002594,0.050507,-0.0038007,0.010223,2.5015,0,0.00030518
0.0028992,0.068817,-0.0042758,0.016479,2.5,-0.00030518,0
0.0021362,0.082703,-0.0042758,0.021515,2.5015,0,-0.00030518
-0.0032043,0.078735,-0.005226,0.022888,2.5012,0,0
0.0039673,0.057526,-0.0047509,0.022583,2.5009,-0.00061035,-0.00030518
-0.014343,0.037231,-0.0042758,0.022278,2.5015,0.00030518,0.00030518
-0.022736,0.020142,-0.0047509,0.016937,2.5009,-0.00061035,-0.00030518
0.0016785,-0.0035095,-0.0038007,0.0056458,2.5012,-0.00030518,-0.00030518
0.01358,-0.033112,-0.0047509,0.00061035,2.5018,0,0
-0.0027466,-0.059357,-0.005226,0.0010681,2.5015,0,0
0.0057983,-0.081024,-0.0042758,0.0032043,2.5015,0.00030518,0.00091553
-0.0010681,-0.083771,-0.0038007,0.0019836,2.5012,-0.00030518,-0.00030518
-0.01236,-0.062103,-0.0047509,-0.00015259,2.5015,-0.00030518,0
-0.0061035,-0.038605,-0.0047509,-0.0032043,2.5012,-0.00091553,0.00030518
0.0079346,-0.021667,-0.0042758,-0.0090027,2.5009,0.00030518,-0.00030518
0.0010681,-0.0067139,-0.0042758,-0.0080872,2.5015,0.00061035,0
-0.01297,-0.00030518,-0.0038007,-0.0030518,2.5006,-0.00061035,0.00030518
-0.01709,-0.0091553,-0.0042758,0.0015259,2.5006,0.00030518,0
-0.018158,-0.020447,-0.0042758,0.0018311,2.5012,-0.00030518,-0.00030518
-0.01358,-0.016174,-0.0047509,-0.0024414,2.5015,-0.00030518,0.00030518
-0.00091553,-0.0067139,-0.0033257,-0.0073242,2.5,-0.00061035,-0.00091553
-0.0038147,-0.0039673,-0.0042758,-0.010223,2.5018,0.00030518,-0.00030518
-0.017853,-0.00015259,-0.005226,-0.013428,2.5012,-0.00030518,-0.00030518
-0.0093079,0.016937,-0.0042758,-0.020294,2.5009,0.00030518,0.00030518
0.013428,0.035248,-0.0042758,-0.026703,2.5006,0,0.00030518
0.005188,0.038757,-0.0042758,-0.025787,2.5006,0,0.00030518
-0.0091553,0.030365,-0.0042758,-0.021973,2.5015,0,0.00030518
-0.011292,0.016327,-0.0042758,-0.019836,2.5009,-0.00030518,-0.00061035
-0.010529,-0.005188,-0.0042758,-0.02243,2.5009,-0.00030518,0.00030518
-0.015259,-0.022583,-0.0042758,-0.027008,2.5015,-0.00030518,-0.00030518
-0.024261,-0.016632,-0.0042758,-0.02655,2.5018,0,-0.00030518
-0.0094604,0.0080872,-0.0047509,-0.027008,2.5006,-0.00061035,0
0.010834,0.037689,-0.0033257,-0.024872,2.5012,0,-0.00061035
-0.0091553,0.058594,-0.0028506,-0.019989,2.5006,-0.00030518,0.00030518
-0.015259,0.052795,-0.0042758,-0.024414,2.5,-0.00061035,0
0.0012207,0.022278,-0.0028506,-0.035553,2.5006,-0.00030518,0
0.015259,-0.0097656,-0.005701,-0.04364,2.5003,-0.00061035,0
0.0086975,-0.031433,-0.005226,-0.046082,2.5015,-0.00061035,0.00030518
0.0094604,-0.040436,-0.0042758,-0.04425,2.5018,-0.00030518,-0.00030518
0.0073242,-0.039215,-0.0028506,-0.042572,2.5012,0.00030518,0
-0.00061035,-0.03418,-0.005226,-0.040741,2.5009,0,0.00030518
-0.0032043,-0.035095,-0.005226,-0.040588,2.5015,0,-0.00061035
-0.0085449,-0.037842,-0.0047509,-0.041351,2.5012,0,0.00030518
-0.005188,-0.033569,-0.0042758,-0.037842,2.5015,0.00030518,-0.00030518
0.011444,-0.022736,-0.0038007,-0.033112,2.5018,0,-0.00030518
0.0083923,-0.015717,-0.0042758,-0.033112,2.5006,-0.00030518,-0.00030518
0.0010681,-0.015259,-0.0038007,-0.035706,2.5012,-0.00061035,0
-0.0074768,-0.018005,-0.0047509,-0.0383,2.4997,-0.00030518,-0.00030518
-0.0076294,-0.022888,-0.0047509,-0.038605,2.5003,-0.00030518,-0.00091553
0.0053406,-0.024414,-0.0042758,-0.037994,2.5015,0,0
0.015411,-0.020447,-0.0042758,-0.036926,2.5009,-0.00061035,0.00030518
0.0074768,-0.011597,-0.0042758,-0.032196,2.5012,-0.00030518,0
-0.0012207,-0.0019836,-0.0038007,-0.027924,2.5009,-0.00030518,0
-0.0039673,0.0057983,-0.0047509,-0.027771,2.5006,-0.00061035,0.00030518
0.0050354,0.012207,-0.0042758,-0.029144,2.5006,-0.00030518,0.00030518
0.00076294,0.014801,-0.0038007,-0.027466,2.5009,0,0.00061035
-0.014648,0.01236,-0.0042758,-0.022125,2.5015,0.00061035,0
-0.014191,0.0088501,-0.0038007,-0.016327,2.5021,-0.00030518,-0.00030518
-0.015564,0.0022888,-0.0047509,-0.015717,2.5,-0.00030518,-0.00030518
-0.017395,-0.011902,-0.005226,-0.0177,2.5021,0,0
0.048676,-0.018463,-0.0038007,-0.018463,2.5012,0,0.00030518
0.07309,-0.0074768,-0.0042758,-0.014648,2.5015,-0.00030518,0.00030518
0.038452,0.0056458,-0.0042758,-0.010529,2.5009,0,0.00030518
0.049591,0.013123,-0.0042758,-0.0094604,2.5018,-0.00030518,0.00030518
0.056458,0.024109,-0.0042758,-0.0062561,2.5003,0,0
-0.011139,0.047913,-0.005226,-0.00076294,2.5021,-0.00061035,0
-0.035248,0.08667,-0.0042758,0.00061035,2.5,-0.00030518,0
-0.014496,0.13153,-0.0042758,-0.0022888,2.5015,0,0.00030518
-0.0074768,0.14969,-0.0042758,-0.0082397,2.5015,0,-0.00030518
-0.016022,0.11856,-0.0047509,-0.013428,2.5015,0,-0.00061035
-0.0099182,0.065613,-0.0033257,-0.015564,2.5012,-0.00061035,0
-0.0094604,0.00045776,-0.005226,-0.011292,2.5012,0,-0.00030518
-0.015259,-0.079346,-0.0042758,-0.0030518,2.5012,-0.00091553,-0.00030518
-0.018768,-0.12756,-0.0042758,-0.0018311,2.5012,-0.00061035,0
-0.0035095,-0.11383,-0.0038007,-0.0059509,2.5012,-0.00030518,0.00030518
0.011139,-0.062561,-0.0042758,-0.010986,2.5009,-0.00030518,-0.00091553
0.01236,-0.016022,-0.0042758,-0.012054,2.5018,0.00030518,-0.00030518
0.0053406,-0.00091553,-0.0038007,-0.011292,2.5003,0,0.00030518
0.00061035,-0.0056458,-0.0038007,-0.0091553,2.5012,0,-0.00061035
0.010834,-0.016327,-0.0047509,-0.0094604,2.5009,0,0.00030518
0.0054932,-0.034637,-0.0038007,-0.012512,2.5009,-0.00030518,0.00030518
-0.0027466,-0.055084,-0.0042758,-0.010986,2.5021,0,0
0.0018311,-0.057831,-0.0047509,-0.0054932,2.5015,-0.00030518,-0.00061035
0.0019836,-0.037079,-0.005226,-0.0019836,2.5006,-0.00061035,0.00030518
0.0094604,-0.0099182,-0.0033257,-0.0010681,2.5015,-0.00030518,-0.00030518
0.00076294,0.0068665,-0.0042758,-0.0018311,2.5012,-0.00030518,0.00030518
-0.01358,0.017395,-0.0042758,0.00045776,2.5015,0,-0.00030518
-0.011139,0.02243,-0.0042758,0.0047302,2.5015,-0.00030518,-0.00030518
-0.0038147,0.017548,-0.0042758,0.0047302,2.5021,-0.00061035,-0.00030518
-0.0042725,0.0022888,-0.005226,0.0054932,2.5015,-0.00030518,0
-0.009613,-0.013428,-0.0042758,0.0030518,2.5015,0.00030518,0
-0.015564,-0.018005,-0.0042758,0.0012207,2.5018,-0.00061035,0.00030518
-0.027008,-0.011444,-0.0038007,-0.0010681,2.5027,0,0.00030518
-0.011292,0.002594,-0.0038007,-0.0012207,2.5009,0.00030518,-0.00030518
0.027771,0.020294,-0.0038007,-0.00076294,2.5021,-0.00030518,0.00030518
0.0090027,0.038605,-0.005226,-0.0018311,2.5024,-0.00061035,-0.00030518
-0.012665,0.052795,-0.0047509,-0.0071716,2.5012,-0.00091553,0
-0.0090027,0.055695,-0.0038007,-0.0067139,2.5015,-0.00030518,0
-0.011444,0.03952,-0.0042758,0.0010681,2.5024,-0.00061035,-0.00061035
-0.010681,0.007782,-0.0042758,0.0090027,2.5009,0,-0.00061035
-0.013275,-0.023041,-0.0042758,0.0083923,2.5018,-0.00030518,0.00061035
-0.012817,-0.044403,-0.0033257,0.0062561,2.5012,-0.00061035,0.00061035
-0.0088501,-0.052643,-0.0033257,0.0013733,2.5012,-0.00061035,-0.00030518
-0.029602,-0.048676,-0.0038007,-0.0030518,2.5015,0.00030518,0.00030518
-0.031891,-0.034027,-0.0033257,-0.0016785,2.5012,0,0
-0.017395,-0.014801,-0.0047509,0.007019,2.5024,-0.00030518,0.00030518
-0.01709,0.0010681,-0.0047509,0.014496,2.5024,0,0
-0.015564,0.0083923,-0.005226,0.010529,2.5012,0,-0.00061035
-0.0013733,0.005188,-0.0047509,0.0012207,2.5012,0.00030518,0.00030518
0.0015259,0.00076294,-0.0042758,-0.002594,2.5009,0.00030518,0.00061035
-0.0062561,-0.0024414,-0.005226,0.0012207,2.5003,-0.00030518,0.00061035
-0.0065613,-0.0071716,-0.0042758,0.005188,2.5015,0,0.00061035
-0.007019,-0.0059509,-0.0042758,0.0083923,2.5009,0,0.00061035
-0.0067139,-0.00091553,-0.0038007,0.01236,2.5009,0.00061035,0
0.0010681,-0.0041199,-0.0042758,0.016327,2.5009,0,-0.00030518
-0.0038147,-0.0097656,-0.0038007,0.021362,2.5012,-0.00061035,0.00030518
-0.009613,-0.005188,-0.0042758,0.023499,2.5015,-0.00030518,0.00030518
-0.013885,0.0065613,-0.0028506,0.026398,2.5018,0,-0.00030518
-0.015717,0.01297,-0.0038007,0.031128,2.5015,-0.00061035,0.00030518
-0.005188,0.019379,-0.005226,0.03418,2.5021,-0.00030518,0
0.00061035,0.026245,-0.0028506,0.030518,2.5018,-0.00061035,0
-0.0076294,0.032196,-0.0038007,0.027161,2.5018,-0.00091553,0
-0.0088501,0.038147,-0.005226,0.03006,2.5006,-0.00061035,0.00061035
-0.0086975,0.041962,-0.0033257,0.033264,2.5009,0.00030518,-0.00061035
-0.00061035,0.040131,-0.0047509,0.030212,2.5012,0,0.00030518
-0.00030518,0.034027,-0.0042758,0.025482,2.5009,-0.00030518,-0.00061035
0.0018311,0.027771,-0.0038007,0.021057,2.5018,-0.00030518,-0.00030518
0.011902,0.017242,-0.0047509,0.019684,2.5009,-0.00030518,-0.00030518
0.0068665,0.0050354,-0.0038007,0.021057,2.5009,-0.00030518,0.00030518
0.0036621,-0.0013733,-0.0047509,0.024109,2.5,-0.00030518,0
0.0018311,-0.0061035,-0.0038007,0.023651,2.5015,0,0.00030518
-0.0038147,-0.010529,-0.0047509,0.019531,2.5006,0.00030518,-0.00030518
-0.016022,-0.011902,-0.0038007,0.012817,2.5018,0,0.00030518
-0.025024,-0.0090027,-0.0047509,0.010986,2.5018,0.00030518,0
-0.0094604,-0.0024414,-0.0047509,0.015106,2.5015,0,0
-0.0022888,0.013123,-0.0047509,0.014648,2.5009,0,0.00030518
-0.0048828,0.028687,-0.0042758,0.014191,2.5018,-0.00030518,0
-0.0065613,0.031586,-0.005226,0.012817,2.5009,0,0
-0.0048828,0.022583,-0.005226,0.014801,2.5012,0.00061035,-0.00091553
0.0068665,0.0097656,-0.0042758,0.016327,2.5021,0.00061035,0.00030518
0.013733,-0.0065613,-0.0047509,0.018158,2.5015,0,0.00061035
0.0083923,-0.016022,-0.0047509,0.019226,2.5018,0,0.00030518
0.0045776,-0.010986,-0.0047509,0.015106,2.5015,0.00030518,0
0.0086975,0.007782,-0.0042758,0.0177,2.5012,-0.00030518,-0.00030518
0.020905,0.025024,-0.005701,0.021515,2.5009,0,-0.00030518
0.01709,0.028534,-0.0038007,0.019379,2.5021,0,0.00030518
0.0047302,0.036316,-0.0047509,0.016937,2.5012,-0.00061035,0.00061035
-0.0035095,0.055084,-0.0042758,0.018616,2.5021,-0.00061035,0
0.0068665,0.062408,-0.0047509,0.015106,2.5009,-0.00030518,0
0.015717,0.045319,-0.0042758,0.010223,2.5012,0,0
0.013275,0.010834,-0.0042758,0.011597,2.5024,-0.0012207,0.00030518
0.0057983,-0.036621,-0.005226,0.018158,2.5021,0,0
0.0083923,-0.067444,-0.0042758,0.022125,2.5024,0,0.00030518
0.0085449,-0.058289,-0.0042758,0.024567,2.5009,0.00061035,0.00030518
0.015564,-0.020752,-0.0047509,0.019989,2.5015,0,-0.00030518
0.011292,0.00076294,-0.0038007,0.01236,2.5015,0.00030518,0.00030518
0.009613,-0.0085449,-0.005226,0.0083923,2.5015,0.00030518,0
0.014801,-0.018463,-0.0028506,0.010834,2.5021,0,0.00030518
0.027313,-0.0177,-0.0047509,0.01709,2.5009,0.00030518,0.00030518
0.026093,-0.015411,-0.005226,0.023193,2.5018,-0.00061035,0
0.0099182,-0.016327,-0.005226,0.027161,2.5015,-0.00061035,0
0.00061035,-0.022278,-0.005226,0.027924,2.5012,-0.00030518,0
0.0064087,-0.031586,-0.0042758,0.025482,2.5012,0,-0.00030518
0.0074768,-0.033264,-0.005226,0.02533,2.5015,0,-0.00061035
0.018616,-0.03006,-0.0038007,0.023956,2.5009,-0.00091553,0
0.016479,-0.030365,-0.005226,0.02121,2.5015,-0.00030518,0
0.0177,-0.033875,-0.0038007,0.020599,2.5006,-0.00030518,-0.00030518
0.014801,-0.034485,-0.0042758,0.018158,2.5018,0,-0.00030518
0.0054932,-0.025787,-0.005226,0.016937,2.5012,-0.00030518,-0.00030518
0.00091553,-0.016785,-0.0038007,0.019379,2.5006,0,-0.00091553
-0.0079346,-0.014343,-0.0047509,0.024414,2.5009,-0.00061035,0
-0.011749,-0.014191,-0.0042758,0.028687,2.5012,-0.00030518,-0.00061035
-0.0079346,-0.0064087,-0.005226,0.027771,2.5015,-0.00030518,-0.00030518
-0.0071716,0.015106,-0.0047509,0.028839,2.5012,0.00030518,0
0.00061035,0.03891,-0.0038007,0.029755,2.5009,-0.00030518,-0.00030518
0.0033569,0.057068,-0.0047509,0.028839,2.5012,0.00030518,0.00061035
0.0053406,0.055084,-0.0042758,0.025177,2.5018,0,0
0.0033569,0.018311,-0.0033257,0.022278,2.5015,0.00061035,-0.00030518
-0.0016785,-0.027924,-0.0038007,0.019531,2.5015,0,0.00091553
-0.0035095,-0.050964,-0.0047509,0.014801,2.5015,-0.00061035,0
-0.0064087,-0.049438,-0.0047509,0.013733,2.5003,-0.00030518,-0.00091553
0.00045776,-0.034485,-0.0042758,0.015106,2.5012,0,0.00030518
0.0090027,-0.007019,-0.0038007,0.012512,2.5018,-0.00061035,0.00030518
0.0061035,0.02533,-0.005226,0.0094604,2.5003,-0.00030518,-0.00030518
0.014343,0.043182,-0.0038007,0.013733,2.5003,-0.00091553,-0.00030518
0.017395,0.039368,-0.0047509,0.017242,2.5006,-0.00030518,0
0.018005,0.0097656,-0.005226,0.019073,2.5015,0,0.00030518
0.020905,-0.038452,-0.0038007,0.020447,2.5006,-0.00030518,-0.00030518
0.020599,-0.064545,-0.0042758,0.021973,2.5021,-0.00030518,0.00061035
0.007019,-0.047455,-0.005226,0.026245,2.5015,0.00030518,0.00030518
-0.022736,-0.011139,-0.0042758,0.027618,2.5018,-0.00091553,0
-0.025177,0.010529,-0.0047509,0.024872,2.5003,0,0
-0.0074768,0.010986,-0.0042758,0.023499,2.5009,-0.00030518,0
-0.009613,0.005188,-0.005226,0.028381,2.5012,0,0
-0.007019,0.00030518,-0.005226,0.031433,2.5009,-0.00030518,0
-0.00091553,-0.007782,-0.0042758,0.030518,2.5009,-0.00061035,0
-0.0074768,-0.011597,-0.005226,0.03006,2.5018,0,-0.00030518
-0.0038147,-0.0068665,-0.0042758,0.029602,2.5015,0,0.00030518
-0.0038147,-0.0021362,-0.0047509,0.028839,2.5006,0.00030518,0
-0.012665,-0.0047302,-0.005226,0.026093,2.5006,-0.00030518,0.00030518
-0.017395,-0.0086975,-0.0047509,0.019531,2.5009,0,0
-0.014496,-0.0053406,-0.0038007,0.015564,2.5015,-0.00030518,0
-0.010834,0.013123,-0.0042758,0.015564,2.5021,-0.00030518,0
-0.026855,0.040588,-0.0038007,0.013885,2.5012,-0.00030518,0
-0.0080872,0.056763,-0.005226,0.0090027,2.5018,0,0
0.0091553,0.045776,-0.0042758,0.005188,2.5015,-0.00061035,-0.00030518
0.005188,0.018158,-0.0047509,0.0019836,2.5015,-0.00030518,0
-0.0041199,-0.013733,-0.0047509,0.0028992,2.5021,-0.00030518,0.00030518
-0.0053406,-0.031128,-0.0047509,0.0056458,2.5018,-0.00061035,-0.00061035
-0.0036621,-0.033722,-0.0042758,0.0088501,2.5021,-0.00061035,-0.00061035
-0.0059509,-0.028992,-0.005226,0.014038,2.5018,-0.00030518,0
-0.0079346,-0.014954,-0.005226,0.015717,2.5009,0,0.00061035
-0.0071716,0.00015259,-0.0047509,0.014343,2.5015,-0.00030518,0
-0.010834,0.017548,-0.005701,0.012817,2.5012,-0.00030518,0
0.0013733,0.042114,-0.0042758,0.011292,2.5009,-0.00030518,0.00030518
0.007782,0.062103,-0.0042758,0.0085449,2.5009,0,0.00030518
-0.00045776,0.071564,-0.005226,0.0088501,2.4997,-0.00030518,-0.00061035
-0.0019836,0.06424,-0.0047509,0.010681,2.5015,0,0
0.0085449,0.033569,-0.0042758,0.011139,2.5012,0.00061035,0.00030518
0.044556,-0.0079346,-0.0042758,0.011749,2.5009,0,0
0.048523,-0.041199,-0.0047509,0.012817,2.5018,-0.00030518,0
0.0027466,-0.05722,-0.0038007,0.011597,2.5015,0.00030518,-0.00061035
-0.015411,-0.055389,-0.0042758,0.010071,2.5015,-0.00030518,-0.00030518
-0.0093079,-0.042267,-0.0042758,0.0079346,2.5021,-0.00030518,0.00030518
0.0038147,-0.015259,-0.0047509,0.0073242,2.5009,0,0.00030518
0.00091553,0.020447,-0.0042758,0.010223,2.5018,0,0
-0.0015259,0.042725,-0.0047509,0.01236,2.5015,0.00030518,0.00030518
0.0028992,0.040131,-0.0042758,0.011902,2.5021,0,0.00030518
-0.00076294,0.022736,-0.0047509,0.0097656,2.5015,0.00030518,-0.00061035
-0.00015259,-0.0050354,-0.0047509,0.0061035,2.5012,-0.00061035,0
-0.00076294,-0.03067,-0.0047509,0.0067139,2.5012,-0.00061035,-0.00030518
-0.0041199,-0.025635,-0.0042758,0.010071,2.5015,-0.00091553,-0.00091553
-0.0027466,0.00091553,-0.0047509,0.011444,2.5015,0,0
-0.0067139,0.015411,-0.0042758,0.011444,2.5015,0,0.00030518
-0.0091553,0.01297,-0.005226,0.010223,2.5018,0.00030518,0
-0.019073,0.007019,-0.0042758,0.012817,2.5006,0,-0.00091553
-0.02243,-0.0036621,-0.0042758,0.014954,2.5012,0,-0.00030518
-0.019073,-0.012665,-0.0028506,0.01236,2.5015,0,0
-0.01297,-0.0038147,-0.0042758,0.0059509,2.5018,0.00030518,0.00030518
0.0010681,0.023041,-0.0042758,-0.00015259,2.5012,0,0.00030518
-0.0071716,0.057526,-0.005226,-0.0036621,2.5015,-0.00091553,0.00030518
-0.020447,0.084839,-0.0038007,-0.0019836,2.5009,0.00061035,-0.00061035
-0.023041,0.081329,-0.0047509,-0.00076294,2.5015,-0.00030518,0.00030518
-0.023193,0.049591,-0.0047509,0.0013733,2.5003,0,0
-0.011902,0.0050354,-0.005226,0.0035095,2.5006,-0.00030518,0
-0.0032043,-0.044708,-0.0042758,0.0061035,2.5,0,0.00030518
-0.0028992,-0.079498,-0.0047509,0.0085449,2.5015,0,0.00061035
-0.011597,-0.077972,-0.005226,0.010834,2.5015,-0.00030518,0
-0.019073,-0.053253,-0.005226,0.013885,2.5006,-0.00030518,-0.00091553
-0.0061035,-0.030518,-0.0047509,0.018158,2.5009,0.00061035,-0.00030518
-0.0030518,-0.014038,-0.005226,0.016174,2.5018,0,0
-0.0036621,-0.0012207,-0.0042758,0.0093079,2.5009,0,0.00061035
0.0010681,0.011292,-0.005226,0.0022888,2.5012,0,0.00030518
-0.0048828,0.021973,-0.005226,0.00045776,2.5024,-0.00061035,0.00030518
0.0013733,0.024109,-0.0038007,0.0012207,2.5012,-0.00030518,0.00061035
0.0093079,0.016022,-0.005226,-0.0047302,2.5021,0,-0.00061035
0.020142,0.0027466,-0.0047509,-0.0064087,2.5012,-0.00091553,-0.00030518
0.013275,-0.002594,-0.0047509,-0.0041199,2.5015,-0.00061035,0.00030518
-0.0027466,0.0099182,-0.005701,-0.0068665,2.5006,0.00030518,0.00030518
0.0056458,0.028229,-0.0042758,-0.012665,2.5015,-0.00030518,-0.00061035
0.019226,0.030975,-0.0042758,-0.014496,2.5003,0,0.00030518
0.011902,0.0094604,-0.0047509,-0.01358,2.5015,0,-0.00030518
0.0074768,-0.023804,-0.0047509,-0.011444,2.5009,0,0
0.013885,-0.048981,-0.0042758,-0.012054,2.5015,0.00030518,0.00030518
0.024261,-0.053101,-0.0042758,-0.018005,2.5015,0.85541,0.00030518
0.014954,-0.039978,-0.0038007,-0.025024,2.5024,3.0377,0.00030518
0.00091553,-0.024567,-0.0038007,-0.028534,2.5009,4.1071,0
0.017242,-0.016022,-0.0047509,-0.029755,2.5015,4.5969,-0.00030518
0.021362,-0.012665,-0.0047509,-0.027924,2.5,4.8129,0
0.015106,-0.0086975,-0.0042758,-0.02655,2.5021,4.9069,0
0.007019,-0.0073242,-0.0042758,-0.029144,2.5012,4.9466,0.00030518
0.0094604,-0.0097656,-0.0047509,-0.033722,2.5018,4.9637,-0.00030518
0.015259,-0.0079346,-0.005226,-0.040283,2.5015,4.9722,0
0.0038147,-0.0013733,-0.0042758,-0.046539,2.5009,4.9741,-0.00030518
0.020142,0.00091553,-0.0042758,-0.046997,2.5009,4.9762,-0.00061035
0.035248,-0.00091553,-0.0042758,-0.045929,2.5012,4.9765,0
0.035248,-0.0038147,-0.005226,-0.045013,2.5015,4.9771,0.00030518
0.027924,-0.0042725,-0.0047509,-0.04425,2.5009,4.9774,0.00030518
0.01709,-0.0012207,-0.0042758,-0.041351,2.5021,4.978,0.00061035
0.020447,-0.0018311,-0.0047509,-0.037537,2.5006,4.9783,0.00030518
0.026245,-0.0038147,-0.0042758,-0.034027,2.5009,4.9774,0.00061035
0.014801,0.0019836,-0.0042758,-0.031128,2.5012,4.9783,-0.00030518
-0.00015259,0.0059509,-0.0047509,-0.028076,2.5018,4.978,0.00030518
-0.0082397,0.007782,-0.0038007,-0.024872,2.5015,4.9789,0.00030518
0.010376,0.0091553,-0.0028506,-0.024872,2.5021,4.9774,0.00030518
0.020905,0.0061035,-0.0042758,-0.02594,2.5015,4.9786,0
0.039825,-0.0010681,-0.0042758,-0.028839,2.5015,4.9777,0.00061035
0.050507,-0.0085449,-0.0047509,-0.024109,2.5009,4.9789,0.00030518
0.0022888,-0.0036621,-0.0038007,-0.016022,2.5012,4.9789,0.00091553
-0.040436,0.013123,-0.0042758,-0.017395,2.5018,4.9783,0.00030518
-0.034027,0.034332,-0.0042758,-0.024109,2.5015,4.9789,0
-0.0093079,0.048065,-0.0042758,-0.028687,2.5003,4.9783,0.00030518
-0.0032043,0.045013,-0.0047509,-0.030823,2.5009,4.9783,-0.00061035
-0.02243,0.021973,-0.0047509,-0.027924,2.5,4.9774,0.00030518
-0.020905,-0.014496,-0.0047509,-0.021515,2.5018,4.9786,0
-0.012207,-0.033875,-0.0047509,-0.020447,2.5012,4.9783,0.00030518
-0.011139,-0.024261,-0.0042758,-0.02243,2.5018,4.9789,-0.00030518
-0.018158,-0.0091553,-0.0047509,-0.026093,2.5012,4.9792,0
-0.014343,0.0048828,-0.005226,-0.027008,2.5012,4.9789,-0.00061035
-0.010834,0.020905,-0.0047509,-0.025787,2.5018,4.9777,0.00030518
-0.0019836,0.024872,-0.0033257,-0.023651,2.5021,4.9774,0.00030518
-0.010834,0.013733,-0.005226,-0.023041,2.5012,4.9774,0.00030518
-0.01709,0.0080872,-0.0033257,-0.023651,2.5012,4.9768,0.00030518
-0.022888,0.012512,-0.0042758,-0.020294,2.5009,4.9762,0
-0.009613,0.012054,-0.0047509,-0.020294,2.5,4.9753,-0.00030518
0.0019836,0.00015259,-0.0038007,-0.02243,2.5018,4.9707,0
0.015869,-0.01297,-0.0042758,-0.027161,2.5006,4.9698,0.00030518
0.017853,-0.020752,-0.0047509,-0.028076,2.5018,4.971,0
0.009613,-0.020294,-0.0042758,-0.020599,2.5009,4.9704,-0.00030518
0.022736,-0.010834,-0.0042758,-0.020599,2.5018,4.9707,0
0.027771,0.010681,-0.0047509,-0.024414,2.5015,4.9719,-0.00061035
-0.0035095,0.050812,-0.005226,-0.023499,2.5021,4.9722,0.00030518
0.00091553,0.099335,-0.0042758,-0.023193,2.5009,4.9722,0.00030518
0.023499,0.11887,-0.005226,-0.024414,2.5018,4.9719,-0.00030518
0.012817,0.10513,-0.005226,-0.02533,2.5006,4.9731,-0.00061035
-0.015869,0.06485,-0.0047509,-0.026093,2.5021,4.9747,0.00030518
-0.015106,-0.0036621,-0.0042758,-0.023804,2.5018,4.9744,0.00030518
0.019836,-0.073853,-0.0047509,-0.02182,2.5012,4.9762,-0.00030518
0.044556,-0.095825,-0.0042758,-0.023651,2.5006,4.9756,-0.00030518
0.071716,-0.078125,-0.0042758,-0.024261,2.5009,4.9777,0
0.075073,-0.056915,-0.0042758,-0.02182,2.5015,4.978,0.00030518
0.04715,-0.036469,-0.0042758,-0.019226,2.5018,4.9789,0.00030518
0.030518,-0.019684,-0.005226,-0.019989,2.5021,4.9783,0.00061035
0.023041,-0.022888,-0.0042758,-0.022583,2.5021,4.978,0.00061035
0.018005,-0.032349,-0.0033257,-0.019226,2.5018,4.978,0.00030518
-0.016022,-0.027313,-0.0047509,-0.013275,2.5006,4.9783,0
-0.0086975,-0.018311,-0.0042758,-0.010376,2.5009,4.9789,0.00030518
0.032349,-0.021057,-0.005226,-0.015869,2.5015,4.9789,0
-0.0021362,-0.017395,-0.0047509,-0.022888,2.5021,4.9777,0
-0.033264,0.0016785,-0.0038007,-0.023193,2.5015,4.9783,0
-0.02533,0.018005,-0.0042758,-0.020599,2.5021,4.9789,-0.00030518
-0.0177,0.0083923,-0.0042758,-0.022736,2.5012,4.978,0.00061035
-0.0080872,-0.0093079,-0.0047509,-0.021515,2.5015,4.9792,0.00030518
-0.0082397,-0.011902,-0.005226,-0.014648,2.5015,4.9774,0.00030518
0.016022,-0.0035095,-0.0042758,-0.012207,2.5015,4.9777,-0.00061035
0.033875,0.00030518,-0.0038007,-0.017242,2.5003,4.9786,0.00030518
0.023193,-0.0030518,-0.0047509,-0.02121,2.5021,4.9786,-0.00030518
0.020294,-0.0045776,-0.0038007,-0.020905,2.5003,4.9786,0
0.043488,-0.0012207,-0.0028506,-0.01236,2.5006,4.9783,-0.00030518
0.036316,-0.00091553,-0.0042758,-0.0062561,2.5012,4.9792,0.00061035
0.0086975,-0.0059509,-0.0042758,-0.0042725,2.5006,4.9789,0.00030518
0.0073242,-0.007019,-0.0042758,-0.00030518,2.5012,4.9786,0.00030518
0.016785,-0.0071716,-0.0042758,0.0036621,2.5015,4.9789,0
0.0032043,-0.009613,-0.0047509,0.0085449,2.5012,4.9783,0
-0.011444,-0.011139,-0.0047509,0.007782,2.5021,4.9774,0
-0.019989,-0.0062561,-0.0042758,0.0059509,2.5012,4.9789,0.00091553
-0.017853,0.00045776,-0.005226,0.0053406,2.5018,4.9796,0.00030518
-0.0016785,0.0042725,-0.0042758,0.0013733,2.5009,4.9796,0.00030518
0.0015259,0.0033569,-0.005226,-0.0013733,2.5018,4.9792,0.00030518
0.002594,0.0022888,-0.0042758,-0.0032043,2.5012,4.9789,-0.00091553
0.0038147,0.00061035,-0.0042758,-0.0045776,2.5006,4.9789,0.00030518
0.0045776,-0.0012207,-0.0042758,-0.0054932,2.5012,4.9783,0.00030518
0.0080872,-0.0018311,-0.0047509,-0.0045776,2.5015,4.9789,0
0.0053406,-0.0039673,-0.0038007,-0.00030518,2.5015,4.9774,-0.00030518
0.011444,-0.0057983,-0.0042758,0.0027466,2.5015,4.9777,-0.00061035
0.0064087,-0.0048828,-0.0047509,0.0041199,2.5006,4.9796,0.00061035
-0.0086975,-0.0035095,-0.0047509,0.0033569,2.5006,4.9783,0
-0.024261,-0.00015259,-0.0042758,0.00061035,2.5021,4.9774,0
-0.016937,0.0061035,-0.0047509,-0.0033569,2.5015,4.9777,-0.00030518
-0.0013733,0.012512,-0.0042758,-0.004425,2.5024,4.9765,0
-0.0030518,0.017548,-0.0042758,0.00045776,2.5018,4.9756,-0.00030518
-0.0088501,0.023651,-0.0038007,0.0083923,2.5012,4.9765,0
-0.012665,0.032806,-0.0042758,0.014343,2.5012,4.9762,-0.00030518
-0.014343,0.041199,-0.0042758,0.0177,2.5009,4.9768,0.00030518
-0.0015259,0.047607,-0.0042758,0.017242,2.5015,4.9774,0
-0.0033569,0.05188,-0.0042758,0.017548,2.5024,4.9768,0.00030518
-0.014801,0.050507,-0.0042758,0.020447,2.5012,4.9768,0
-0.020599,0.042419,-0.0047509,0.022583,2.5012,4.9759,0.00030518
-0.0041199,0.02655,-0.0033257,0.021667,2.5012,4.9774,0.00030518
0.0039673,0.0047302,-0.0047509,0.019379,2.5006,4.9765,0
0.00061035,-0.0050354,-0.0042758,0.024414,2.5018,4.9768,0.00030518
-0.004425,-0.0042725,-0.0038007,0.030365,2.5012,4.9771,-0.00061035
-0.0050354,-0.012512,-0.005226,0.031128,2.5024,4.9774,-0.00061035
-0.010529,-0.028229,-0.0042758,0.029449,2.5018,4.9771,-0.00061035
-0.0028992,-0.039368,-0.0042758,0.033112,2.5009,4.9771,0
0.0079346,-0.046844,-0.005226,0.040741,2.5006,4.9783,0.00061035
0.00061035,-0.046692,-0.0038007,0.040741,2.5018,4.9792,0
-0.012665,-0.040283,-0.0033257,0.036011,2.5006,4.9786,0
-0.016632,-0.031281,-0.0038007,0.034027,2.5012,4.9786,-0.00030518
-0.027618,-0.0071716,-0.0042758,0.036621,2.5018,4.9792,0
-0.04364,0.028534,-0.0047509,0.037842,2.5009,4.9783,0.00030518
-0.028534,0.05249,-0.0042758,0.038147,2.5018,4.9786,-0.00030518
-0.00061035,0.054779,-0.0042758,0.041504,2.5006,4.9792,0
-0.015717,0.039368,-0.0038007,0.045013,2.5009,4.9792,0.00030518
-0.035248,0.013123,-0.0038007,0.042267,2.5015,4.9796,0.00061035
-0.045471,-0.0010681,-0.0047509,0.038757,2.5012,4.9762,0.00061035
-0.045166,0.026703,-0.0042758,0.036316,2.5021,4.9756,0
-0.026398,0.086212,-0.0042758,0.03479,2.5006,4.9753,0.00030518
-0.023651,0.11536,-0.0047509,0.03479,2.5015,4.9753,0.00091553
-0.020905,0.091248,-0.0038007,0.031891,2.5018,4.9741,0
-0.020447,0.05188,-0.0033257,0.031891,2.5021,4.9741,0.00030518
-0.017242,0.0093079,-0.0047509,0.034332,2.5015,4.975,0
-0.018921,-0.056763,-0.005226,0.035858,2.5018,4.9756,0.00030518
-0.022278,-0.11032,-0.0042758,0.034485,2.5012,4.9747,0
-0.014496,-0.092773,-0.0038007,0.032654,2.5018,4.975,-0.00061035
-0.020447,-0.033722,-0.0042758,0.033722,2.5006,4.9753,0.00030518
-0.025482,0.002594,-0.0042758,0.034943,2.5006,4.9756,0.00030518
-0.019684,0.00045776,-0.0047509,0.03479,2.5009,4.9762,0.00030518
-0.016937,-0.02243,-0.0042758,0.035858,2.5024,4.9756,-0.00061035
-0.004425,-0.044556,-0.0033257,0.035858,2.5003,4.978,0.00030518
-0.018616,-0.038147,-0.0042758,0.035858,2.5021,4.9777,0.00030518
-0.039063,-0.0033569,-0.0042758,0.041199,2.5009,4.9783,0.00091553
-0.039063,0.023499,-0.0042758,0.046844,2.5012,4.9789,-0.00061035
-0.043945,0.030212,-0.0047509,0.046692,2.5021,4.9796,-0.00030518
-0.017395,0.021667,-0.0047509,0.044861,2.5021,4.9786,0.00030518
0.0065613,-0.0074768,-0.0038007,0.048065,2.5015,4.9783,0
0.004425,-0.03952,-0.0042758,0.053101,2.5006,4.9789,-0.00061035
-0.0074768,-0.044861,-0.0042758,0.057068,2.5012,4.9792,-0.00030518
-0.00061035,-0.027771,-0.0042758,0.058289,2.5018,4.9789,0
-0.0056458,-0.0094604,-0.0028506,0.052795,2.5015,4.9792,-0.00030518
-0.016022,-0.0064087,-0.0038007,0.046844,2.5009,4.978,0
0.00015259,-0.024719,-0.0038007,0.047607,2.5021,4.9792,0.00061035
0.047302,-0.044708,-0.0042758,0.049896,2.5006,4.9796,0.00030518
0.048981,-0.050201,-0.0033257,0.053864,2.5006,4.978,-0.00030518
0.03006,-0.041046,-0.0042758,0.055695,2.5015,4.9777,0.00030518
-0.005188,-0.023346,-0.005226,0.058441,2.5021,4.978,-0.00061035
-0.0024414,-0.010681,-0.0047509,0.057831,2.5009,4.9786,0
-0.00045776,-0.0033569,-0.005226,0.052185,2.5021,4.9771,-0.00030518
-0.012665,0.00045776,-0.0042758,0.044708,2.5003,4.9774,0.00030518
-0.02594,0.00091553,-0.0042758,0.040894,2.5015,4.9765,0.00061035
-0.02121,-0.0033569,-0.0042758,0.036316,2.5015,4.9768,-0.00030518
-0.01358,-0.011139,-0.0042758,0.032806,2.5018,4.9771,-0.00030518
-0.013885,-0.014191,-0.0047509,0.030212,2.5015,4.9768,0.00030518
-0.036774,-0.0061035,-0.0042758,0.032196,2.5015,4.9771,0
-0.031281,0.014191,-0.0042758,0.040741,2.5,4.9777,0
-0.019073,0.037231,-0.0042758,0.046082,2.5015,4.9774,0.00030518
-0.019989,0.050354,-0.0033257,0.045776,2.5,4.9786,0.00030518
-0.021362,0.050354,-0.0038007,0.042572,2.5012,4.9771,0.00030518
-0.014496,0.03891,-0.0038007,0.041199,2.5015,4.9777,0.00030518
-0.0071716,0.015717,-0.0042758,0.037079,2.5018,4.9768,-0.00030518
-0.010986,-0.015259,-0.0038007,0.031281,2.5015,4.9768,0.00030518
-0.011597,-0.036621,-0.0042758,0.026093,2.5009,4.9774,-0.00030518
-0.0024414,-0.036774,-0.0042758,0.023193,2.5018,4.978,-0.00030518
-0.0047302,-0.026398,-0.005226,0.018158,2.5012,4.9768,0.00030518
-0.0018311,-0.016632,-0.0042758,0.018768,2.5015,4.9789,-0.00030518
-0.0064087,0.0015259,-0.0042758,0.02182,2.5009,4.9789,0
-0.0086975,0.024414,-0.005226,0.02121,2.5015,4.9786,0.00030518
-0.00030518,0.032501,-0.0038007,0.016785,2.5,4.9786,-0.00030518
0.0018311,0.025787,-0.0042758,0.014038,2.5006,4.9786,0
-0.00061035,0.0076294,-0.0047509,0.010834,2.5015,4.9796,0
0.0053406,-0.019073,-0.0042758,0.0080872,2.5012,4.9786,0
0.0047302,-0.036316,-0.0042758,0.007019,2.5015,4.9789,0
-0.0032043,-0.03006,-0.0033257,0.0068665,2.5021,4.9792,-0.00030518
-0.012817,-0.007782,-0.0042758,0.0068665,2.5018,4.9786,0.00030518
0.0012207,0.016479,-0.0038007,0.007782,2.5024,4.978,-0.00030518
0.0082397,0.033264,-0.0038007,0.0059509,2.5003,4.9789,0.00061035
0.0067139,0.0354,-0.005226,0.0059509,2.5015,4.9786,-0.00030518
-0.010681,0.026245,-0.0038007,0.0056458,2.5006,4.9786,0.00030518
-0.020142,0.010529,-0.0033257,0.009613,2.5018,4.9786,-0.00061035
-0.025177,-0.011749,-0.0047509,0.012665,2.5015,4.9789,0.00030518
-0.025482,-0.027771,-0.0047509,0.012054,2.5012,4.9799,-0.00030518
-0.019073,-0.026703,-0.0038007,0.010986,2.5009,4.9786,0.00061035
-0.012665,-0.009613,-0.0042758,0.0071716,2.5015,4.9789,0
-0.018768,0.0057983,-0.0028506,-0.0013733,2.5009,4.9777,-0.00030518
-0.0059509,0.019073,-0.0038007,-0.007782,2.5012,4.9789,0
0.02121,0.033875,-0.0042758,-0.0085449,2.5009,4.9786,0
0.013123,0.040741,-0.0047509,-0.0086975,2.5009,4.9789,0.00061035
-0.004425,0.03418,-0.005226,-0.0035095,2.5018,4.9789,0.00061035
-0.013428,0.028534,-0.0038007,-0.0012207,2.5012,4.9789,0
-0.018311,0.034485,-0.0042758,0.00015259,2.5009,4.9786,0.00030518
-0.020447,0.041046,-0.0042758,0.0027466,2.5015,4.9783,0
-0.019226,0.041656,-0.0047509,0.0039673,2.5009,4.9789,0.00061035
-0.018768,0.03067,-0.0038007,0.0032043,2.5015,4.9789,-0.00030518
-0.027771,0.0010681,-0.0038007,0.0068665,2.5015,4.9792,0.00030518
-0.020905,-0.036621,-0.0047509,0.0068665,2.5006,4.9786,0
-0.020142,-0.061798,-0.0042758,0.0064087,2.5021,4.9756,0
-0.016632,-0.058441,-0.0047509,0.004425,2.5015,4.9756,-0.00061035
-0.0090027,-0.037384,-0.0047509,-0.0010681,2.5021,4.9741,0.00061035
-0.0074768,-0.021362,-0.0042758,-0.0061035,2.5018,4.9747,0.00030518
-0.0053406,-0.016327,-0.0047509,-0.0086975,2.5006,4.9741,-0.00030518
-0.0094604,-0.015259,-0.0033257,-0.0082397,2.5006,4.9741,0.00030518
-0.013275,-0.0068665,-0.005226,-0.0076294,2.5018,4.9741,0.00061035
-0.013123,0.0065613,-0.0033257,-0.012054,2.5009,4.9731,0
-0.0065613,0.012054,-0.0028506,-0.012665,2.5015,4.9716,0.00061035
0.019684,0.0059509,-0.0038007,-0.012207,2.5003,4.9704,-0.00030518
0.018311,0.0010681,-0.0033257,-0.01709,2.5015,4.9713,0
0.0016785,0.0022888,-0.0042758,-0.019073,2.5012,4.9713,0
0.007019,0.0018311,-0.0038007,-0.016785,2.5012,4.9716,-0.00030518
0.026855,0.0041199,-0.0047509,-0.013428,2.5015,4.9719,-0.00061035
0.024109,0.012207,-0.0038007,-0.010223,2.5015,4.975,-0.00030518
0.02243,0.022736,-0.0038007,-0.0086975,2.5009,4.9756,0.00061035
0.02533,0.036469,-0.0047509,-0.0094604,2.5018,4.9765,-0.00030518
0.0056458,0.047607,-0.0042758,-0.0085449,2.5009,4.9774,0
-0.020142,0.046692,-0.0038007,-0.0080872,2.5009,4.9771,0
-0.013275,0.040436,-0.0038007,-0.0086975,2.5018,4.9768,0
-0.0012207,0.018311,-0.0047509,-0.01236,2.5015,4.9768,-0.00030518
0.0085449,-0.018311,-0.0047509,-0.012207,2.5012,4.9774,0
0.018158,-0.041809,-0.0047509,-0.0057983,2.5,4.9768,0.00061035
0.021667,-0.046692,-0.0038007,-0.00030518,2.5018,4.9771,0.00030518
0.020752,-0.039215,-0.0038007,0.0041199,2.5003,4.9774,0.00030518
0.012054,-0.019684,-0.0042758,0.0032043,2.5018,4.978,0.00030518
0.011902,0.010681,-0.0038007,0.0024414,2.5006,4.978,0.00030518
-0.002594,0.034332,-0.0047509,0.0041199,2.5012,4.9789,-0.00030518
-0.021057,0.036469,-0.0038007,0.0079346,2.5021,4.9786,0.00030518
-0.007782,0.020447,-0.0047509,0.011749,2.5024,4.9786,0.00030518
0.0045776,-0.0035095,-0.0042758,0.01236,2.5015,4.9792,0.00061035
0.0038147,-0.029907,-0.005226,0.013428,2.5009,4.9796,0.00030518
0,-0.045166,-0.0033257,0.013885,2.5012,4.9792,0.00061035
0.00015259,-0.040741,-0.0033257,0.01297,2.5021,4.9799,-0.00061035
-0.0010681,-0.022583,-0.0042758,0.0062561,2.5021,4.9789,-0.00061035
-0.0041199,-0.0019836,-0.005226,-0.0013733,2.5003,4.9789,0.00061035
-0.0015259,0.0076294,-0.0047509,-0.0062561,2.5009,4.9796,0.00061035
-0.0033569,0.005188,-0.0042758,-0.0045776,2.5006,4.9792,0
-0.01709,-0.0019836,-0.0033257,0.0012207,2.5009,4.9792,0
-0.0079346,0.0016785,-0.005226,0.0056458,2.5021,4.9792,-0.00061035
0.0028992,0.010986,-0.0038007,0.0065613,2.5021,4.9789,0
0.0065613,0.01236,-0.0042758,0.0047302,2.5009,4.9796,0
0.0036621,0.010376,-0.0038007,0.0024414,2.5018,4.9792,-0.00030518
0.007782,0.0093079,-0.0042758,0.0012207,2.5009,4.9786,0
0.010223,0.014038,-0.0047509,0.0032043,2.5024,4.9792,0.00030518
0.0057983,0.021667,-0.0047509,0.0053406,2.5012,4.9796,-0.00030518
-0.0030518,0.024567,-0.005226,0.0045776,2.5012,4.9796,-0.00061035
-0.0074768,0.023346,-0.0038007,0.0045776,2.5015,4.9786,-0.00061035
-0.0019836,0.013428,-0.0033257,0.0027466,2.5012,4.9774,-0.00030518
0.019379,-0.013275,-0.0038007,0.0022888,2.5009,4.9774,-0.00030518
0.019989,-0.040894,-0.0047509,0.0036621,2.5015,4.9789,0
0.010376,-0.049744,-0.0028506,0.0038147,2.4997,4.9792,0.00030518
0.0050354,-0.037079,-0.0038007,0.0019836,2.5009,4.9792,0.00030518
0.0074768,-0.019379,-0.0042758,0,2.5018,4.9789,0
0.0083923,-0.013275,-0.0042758,-0.0021362,2.5012,4.9789,0.00061035
0.0086975,-0.018311,-0.0047509,-0.0021362,2.5015,4.9789,0.00061035
0.0045776,-0.030975,-0.0042758,0.00076294,2.5006,4.9786,0.00030518
0.0019836,-0.034485,-0.0042758,0.0032043,2.5009,4.9783,0
0.0054932,-0.0177,-0.0047509,0.0041199,2.5018,4.9783,0.00030518
0.014496,0.0010681,-0.0047509,0.0059509,2.5009,4.9783,-0.00061035
0.015564,0.0015259,-0.0042758,0.0062561,2.5015,4.9783,-0.00091553
0.013275,-0.013885,-0.0042758,0.0054932,2.5015,4.9783,0
0.011139,-0.023346,-0.0038007,0.004425,2.5006,4.9789,0
0.011292,-0.016785,-0.0042758,0.0045776,2.5018,4.9789,0
0.014954,-0.0083923,-0.0028506,0.0079346,2.5015,4.9789,0
0.0086975,-0.0068665,-0.005226,0.0085449,2.5018,4.9796,0
0.0039673,-0.0064087,-0.0042758,0.007019,2.5015,4.9777,0
0.00061035,-0.0080872,-0.0038007,0.0036621,2.5009,4.9774,0.00030518
-0.007019,-0.0086975,-0.0028506,0.0019836,2.5009,4.9771,-0.00030518
0.0073242,0.0010681,-0.005226,-0.00015259,2.5012,4.9765,-0.00030518
0.011902,0.016174,-0.0042758,-0.0047302,2.5018,4.9771,-0.00030518
0.00076294,0.024414,-0.0042758,-0.0038147,2.5018,4.9765,-0.00030518
-0.007782,0.025024,-0.0042758,0.00076294,2.5018,4.9765,0
-0.0033569,0.021515,-0.0047509,0.0054932,2.5015,4.9771,0.00030518
-0.0015259,0.017548,-0.0047509,0.0047302,2.5015,4.9762,0.00030518
-0.012665,0.022736,-0.0038007,0.0010681,2.5012,4.9768,0.00061035
-0.0099182,0.031128,-0.0047509,-0.0016785,2.5015,4.9771,-0.00061035
-0.0048828,0.03006,-0.0038007,-0.0012207,2.5018,4.9771,0.00061035
0,0.024261,-0.0047509,-0.00091553,2.5006,4.9768,-0.00030518
0.021362,0.018158,-0.0033257,-0.00091553,2.5021,4.9765,0
0.023651,0.0036621,-0.0047509,0.0035095,2.5012,4.9738,-0.00030518
0.0093079,-0.010223,-0.0042758,0.0053406,2.5006,4.9725,-0.00030518
-0.00091553,-0.012512,-0.0042758,0.0032043,2.5003,4.9734,0.00091553
-0.0027466,-0.0030518,-0.0042758,0.00061035,2.5015,4.9722,-0.00030518
0.0057983,0.0076294,-0.0033257,-0.00045776,2.5009,4.9738,-0.00030518
0.011749,0.012512,-0.0047509,-0.0016785,2.5015,4.9738,-0.00061035
0.0086975,0.012665,-0.005226,-0.0012207,2.5006,4.9744,0
0.0018311,0.0099182,-0.0047509,-0.0039673,2.5009,4.9747,0.00030518
-0.0030518,0.0033569,-0.0047509,-0.0045776,2.5015,4.9734,0.00061035
0.0094604,-0.0088501,-0.0042758,-0.0019836,2.5009,4.975,0
0.002594,-0.018768,-0.0042758,0.00030518,2.5015,4.975,-0.00030518
-0.010223,-0.014801,-0.0038007,-0.00015259,2.5024,4.9759,0.00030518
-0.005188,-0.0048828,-0.005226,-0.0019836,2.5006,4.9759,-0.00030518
-0.004425,0.0045776,-0.0047509,-0.0022888,2.5006,4.9759,0
-0.009613,0.0059509,-0.0038007,0.0032043,2.5009,4.9777,0.00030518
0.0083923,-0.00015259,-0.0038007,0.011139,2.5012,4.9786,-0.00061035
0.023041,-0.0054932,-0.005226,0.017853,2.5009,4.9792,0
0.0068665,-0.0085449,-0.0038007,0.016785,2.5009,4.9783,0
-0.020294,-0.007782,-0.0047509,0.011292,2.5009,4.9783,-0.00030518
-0.0076294,-0.0018311,-0.0047509,0.0057983,2.5012,4.9792,0.00030518
0.0061035,0.0067139,-0.0047509,0.007782,2.5009,4.9786,0.00091553
-0.01709,0.0177,-0.0047509,0.011597,2.5015,4.9792,0
-0.025787,0.035095,-0.0028506,0.012207,2.5027,4.9783,0.00030518
-0.011292,0.054169,-0.005226,0.013123,2.5018,4.9774,-0.00030518
-0.015106,0.061493,-0.0047509,0.0094604,2.5012,4.9786,0
-0.01709,0.046234,-0.005226,0.0093079,2.5009,4.9789,0.00030518
-0.012054,0.0177,-0.005226,0.011902,2.5012,4.9799,0
-0.019073,-0.010834,-0.0047509,0.010223,2.5018,4.9789,0.00061035
-0.023651,-0.023193,-0.0047509,0.0080872,2.5024,4.978,-0.00030518
0.0032043,-0.015259,-0.0042758,0.0083923,2.5006,4.9783,0.00061035
0.015106,-0.0062561,-0.0047509,0.0086975,2.5015,4.9783,0.00061035
0.022583,-0.0024414,-0.0042758,0.0080872,2.5003,4.978,0
0.018463,-0.0039673,-0.0047509,0.0041199,2.5009,4.9789,-0.00030518
0.020294,-0.0079346,-0.0047509,0.0013733,2.5012,4.9789,0.00061035
0.025482,-0.0074768,-0.0047509,0.0018311,2.5015,4.9786,0
0.012207,0.00030518,-0.0033257,0.0048828,2.5009,4.9783,0
-0.0039673,0.0080872,-0.0047509,0.0059509,2.5015,4.9789,0
-0.0086975,0.022888,-0.0042758,0.0054932,2.5009,4.9789,0.00030518
-0.018463,0.053406,-0.0033257,0.0059509,2.5021,4.9792,0
0.00045776,0.0914,-0.0042758,0.0068665,2.5,4.9786,0.00030518
0.027618,0.10681,-0.0042758,0.0091553,2.5021,4.9789,0.00030518
0.045471,0.085907,-0.0042758,0.013733,2.5027,4.9783,0.00030518
0.05722,0.040436,-0.0038007,0.013885,2.5009,4.978,0.00030518
0.045624,-0.014648,-0.0033257,0.012817,2.5009,4.9774,-0.00061035
0.046234,-0.062408,-0.0038007,0.01358,2.5003,4.9768,0
0.02594,-0.084229,-0.0042758,0.011749,2.5006,4.9762,-0.00061035
-0.022736,-0.079346,-0.0042758,0.0086975,2.5009,4.9768,0
-0.056152,-0.061188,-0.0042758,0.0093079,2.5006,4.9756,0.00030518
-0.054779,-0.03891,-0.0042758,0.012207,2.5012,4.9762,0.00030518
-0.011597,-0.026245,-0.005226,0.012817,2.5024,4.9762,0
0.0021362,-0.022125,-0.0047509,0.016022,2.5006,4.9759,0.00030518
-0.010681,-0.019531,-0.0042758,0.020599,2.5012,4.9759,0.00030518
-0.005188,-0.02182,-0.0047509,0.0177,2.5015,4.9765,-0.00030518
0.019379,-0.02243,-0.0042758,0.011749,2.5015,4.9774,-0.00061035
0.014496,-0.019836,-0.005226,0.0094604,2.5015,4.9759,0
-0.007019,-0.023499,-0.0033257,0.013733,2.5015,4.9762,0.00030518
0.0074768,-0.024109,-0.0038007,0.01709,2.5003,4.9774,0
-0.0035095,-0.0065613,-0.0042758,0.016174,2.5021,4.978,-0.00030518
-0.015259,0.015411,-0.0042758,0.017548,2.5009,4.9771,0.00030518
0.0027466,0.022888,-0.0047509,0.015564,2.5027,4.9774,-0.00061035
0.011749,0.015106,-0.0047509,0.0065613,2.5009,4.9777,-0.00030518
0.015106,0.0038147,-0.0038007,0.0022888,2.5015,4.9786,-0.00030518
0.007782,-0.010376,-0.0047509,0.0086975,2.5012,4.9789,0
-0.012054,-0.02533,-0.0042758,0.023346,2.5006,4.9786,-0.00061035
-0.072327,-0.029755,-0.0042758,0.031586,2.5012,4.9789,0
-0.070801,-0.026245,-0.0042758,0.03418,2.5006,4.978,0
-0.0062561,-0.020752,-0.0038007,0.03006,2.5018,4.9786,-0.00091553
0.014038,-0.01236,-0.0047509,0.023193,2.5012,4.9799,0
0.0024414,-0.0032043,-0.0042758,0.019836,2.5021,4.978,0.00030518
0.02121,-0.00061035,-0.0042758,0.02121,2.5015,4.9792,-0.00091553
0.013733,-0.0015259,-0.0047509,0.02533,2.5015,4.9783,0.00091553
-0.030518,0.0033569,-0.0042758,0.027771,2.5012,4.9789,0
-0.05127,0.010223,-0.0038007,0.021667,2.5018,4.9786,0
-0.027466,0.0088501,-0.0042758,0.013428,2.5015,4.9792,0
0.0086975,0.0015259,-0.005226,0.0099182,2.5021,4.9789,0.00030518
0.00030518,0,-0.0033257,0.0074768,2.5006,4.9786,-0.00061035
-0.032349,0.0010681,-0.0047509,0.0062561,2.5018,4.9792,-0.00061035
-0.037994,0.0038147,-0.0047509,0.0038147,2.5006,4.9789,0
-0.024414,0.011139,-0.005226,0.0056458,2.5009,4.9783,0.00030518
0.021057,0.019379,-0.0042758,0.0085449,2.5003,4.978,0.00061035
0.024719,0.019836,-0.0042758,0.011139,2.5027,4.975,0.00030518
-0.0076294,0.017395,-0.005226,0.014801,2.5003,4.9744,0.00030518
-0.034027,0.015564,-0.0047509,0.018005,2.5021,4.9744,0.00061035
-0.038452,0.033569,-0.005226,0.019989,2.5009,4.9738,-0.00030518
-0.022583,0.067444,-0.0047509,0.020905,2.5018,4.9747,-0.00030518
-0.010986,0.083466,-0.005226,0.018158,2.5009,4.9741,0.00091553
-0.0019836,0.070801,-0.0038007,0.01709,2.5015,4.9747,0.00030518
-0.0054932,0.030212,-0.0042758,0.01709,2.5015,4.9741,0
-0.03006,-0.027313,-0.0038007,0.018311,2.5009,4.9741,0.00030518
-0.035248,-0.059967,-0.0047509,0.018616,2.4997,4.9756,-0.00030518
-0.015717,-0.055084,-0.0047509,0.016479,2.5027,4.9762,-0.00061035
0.0015259,-0.034637,-0.0047509,0.010681,2.5021,4.9759,0
0.007019,-0.019379,-0.0042758,0.0019836,2.5012,4.9759,0
0.0061035,-0.016022,-0.0033257,-0.0045776,2.5018,4.9759,0.00061035
-0.0024414,-0.018158,-0.0042758,0.0019836,2.5009,4.9777,-0.00091553
-0.0053406,-0.015564,-0.0047509,0.0062561,2.5009,4.9783,0
-0.00076294,-0.012054,-0.0042758,0.0036621,2.5018,4.978,0.00030518
-0.0022888,-0.011292,-0.0038007,0.0012207,2.5012,4.978,-0.00030518
-0.013275,-0.014496,-0.0047509,0.002594,2.5015,4.9777,0.00061035
-0.011749,-0.020599,-0.0042758,0.0016785,2.5012,4.9774,-0.00030518
-0.016174,-0.018311,-0.0033257,-0.0019836,2.5006,4.9756,0.00030518
-0.0177,-0.00061035,-0.0047509,-0.0068665,2.5015,4.9759,0.00030518
-0.0099182,0.02594,-0.0047509,-0.015106,2.5006,4.9756,0.00061035
0.0033569,0.047302,-0.0038007,-0.021667,2.5015,4.9765,0.00030518
-0.0057983,0.047607,-0.005226,-0.020294,2.5012,4.9768,-0.00091553
-0.028076,0.02243,-0.0047509,-0.014191,2.5009,4.9759,0
-0.027008,-0.0062561,-0.0038007,-0.012512,2.5018,4.9762,0.00030518
-0.0083923,-0.02243,-0.0038007,-0.010986,2.5015,4.9768,0
0.0036621,-0.038605,-0.0047509,-0.010834,2.5009,4.9759,-0.00030518
0.015106,-0.049896,-0.0047509,-0.013123,2.5006,4.9765,-0.00030518
0.017242,-0.036926,-0.005226,-0.01236,2.5006,4.9771,0
0.015411,-0.010071,-0.0047509,-0.0094604,2.5012,4.9771,0.00061035
0.011749,0.0088501,-0.0047509,-0.0048828,2.5015,4.9771,0.00030518
0.010529,0.011139,-0.0042758,-0.0024414,2.5018,4.9774,0
0.013275,0.0047302,-0.0047509,-0.0042725,2.5009,4.9777,0.00030518
0.013275,0.00061035,-0.0047509,-0.0067139,2.5012,4.978,-0.00061035
0.0041199,0.00061035,-0.0042758,-0.010071,2.5,4.9777,-0.00030518
-0.0039673,0.0010681,-0.0042758,-0.01358,2.5009,4.9799,0
-0.012207,0.002594,-0.0047509,-0.012512,2.5012,4.9789,0
-0.0057983,0.0036621,-0.0047509,-0.0079346,2.5003,4.9792,-0.00030518
-0.0048828,0.0064087,-0.005226,-0.0047302,2.5012,4.9783,0
0.0036621,0.0093079,-0.0038007,-0.0053406,2.5012,4.9799,0.00030518
0.023041,0.018616,-0.0047509,-0.0083923,2.5018,4.9789,0
0.015869,0.037079,-0.0028506,-0.0082397,2.5006,4.9792,-0.00030518
0.0019836,0.050507,-0.0042758,-0.0074768,2.5012,4.9789,0.00061035
0.018921,0.048218,-0.005226,-0.0061035,2.5009,4.9783,-0.00091553
0.011749,0.035858,-0.0047509,-0.0024414,2.5012,4.9792,0
-0.011597,0.013733,-0.005226,-0.00061035,2.5009,4.9786,0.00030518
-0.020905,-0.017853,-0.0042758,0.00030518,2.5015,4.9774,0
-0.002594,-0.042114,-0.0047509,-0.0024414,2.5009,4.978,-0.00030518
0.00030518,-0.040741,-0.0042758,-0.0074768,2.5021,4.9786,-0.00030518
-0.011597,-0.019379,-0.0061761,-0.011444,2.5012,4.9796,-0.00030518
-0.016022,-0.0036621,-0.0047509,-0.010681,2.5009,4.9789,0.00030518
-0.012665,0.0013733,-0.0038007,-0.0093079,2.4875,4.9789,0.00061035
-0.0041199,0.0018311,-0.0042758,-0.0099182,2.5006,4.9789,0
0,0.011597,-0.0038007,-0.0094604,2.5006,4.9792,0
0.0013733,0.017242,-0.005226,-0.0048828,2.5015,4.9792,-0.00030518
-0.00030518,0.013123,-0.005701,-0.00091553,2.5021,4.9789,0.00030518
-0.0035095,0.002594,-0.0047509,-0.0039673,2.5009,4.9786,-0.00030518
0.0074768,-0.0080872,-0.0033257,-0.0085449,2.5015,4.9792,0.00030518
0.010223,-0.0053406,-0.005226,-0.009613,2.5012,4.9774,-0.00061035
0.0068665,0.0048828,-0.0042758,-0.011749,2.5009,4.9768,0
0.0042725,0.0059509,-0.005226,-0.016632,2.5015,4.9783,0.00030518
-0.00030518,-0.0041199,-0.0042758,-0.017548,2.5015,4.9786,-0.00061035
-0.0082397,-0.015869,-0.005226,-0.015717,2.5015,4.9792,0.00030518
-0.032349,-0.014954,-0.0047509,-0.012665,2.5012,4.9786,-0.00030518
-0.033722,-0.0068665,-0.0047509,-0.0064087,2.5006,4.9796,-0.00030518
-0.01358,-0.0030518,-0.0047509,-0.0038147,2.5018,4.978,0
-0.010529,-0.0059509,-0.0042758,-0.0056458,2.5012,4.9792,-0.00061035
0.0035095,-0.0061035,-0.0042758,-0.0093079,2.5018,4.9774,0.00061035
0.014343,0.0010681,-0.0038007,-0.0073242,2.5,4.9799,-0.00030518
0.020752,0.0062561,-0.0047509,-0.0071716,2.5015,4.9786,0.00030518
0.031128,0.0054932,-0.005226,-0.012817,2.5003,4.978,0
0.030975,0.0068665,-0.0042758,-0.0177,2.5012,4.9774,0
0.018005,0.0083923,-0.005701,-0.018311,2.5012,4.9792,0.00061035
-0.00091553,0.004425,-0.0047509,-0.020905,2.5018,4.9786,0.00030518
-0.014038,-0.0013733,-0.0047509,-0.017853,2.5015,4.9783,0
-0.016022,-0.0038147,-0.0042758,-0.009613,2.5006,4.9789,0
-0.018921,-0.0022888,-0.0042758,-0.0041199,2.5012,4.9792,-0.00061035
-0.015411,-0.0042725,-0.0042758,-0.0064087,2.5009,4.9783,0
-0.016632,-0.0048828,-0.005701,-0.0076294,2.5009,4.9762,0.00030518
-0.015411,0.002594,-0.0047509,0.00061035,2.5009,4.9759,0.00030518
-0.02121,0.0097656,-0.0042758,0.0071716,2.5015,4.9747,0
-0.025177,0.0059509,-0.0042758,0.0050354,2.5012,4.9747,0.00030518
-0.022583,0.00091553,-0.0042758,-0.0016785,2.5009,4.9747,0.00030518
-0.016632,0.0013733,-0.0047509,-0.0048828,2.5012,4.9744,-0.00030518
-0.004425,0.0022888,-0.0047509,-0.0056458,2.5015,4.9738,0.00030518
0.0019836,0.0010681,-0.0042758,-0.005188,2.5006,4.9734,0
-0.007782,0.00076294,-0.0047509,-0.0038147,2.5015,4.971,0.00030518
-0.0028992,0.0015259,-0.0042758,-0.0047302,2.5031,4.971,-0.00061035
0.005188,0.0018311,-0.0047509,-0.0054932,2.5009,4.9713,-0.00030518
0.014496,0.00061035,-0.0042758,-0.0074768,2.5012,4.9704,-0.00061035
0.029449,0.00076294,-0.0038007,-0.0019836,2.5012,4.9716,0
0.028229,0.0047302,-0.005226,0.0067139,2.5015,4.9716,0
0.0030518,0.011444,-0.0038007,0.0090027,2.5015,4.9741,0.00030518
-0.011749,0.018768,-0.0047509,0.009613,2.5021,4.9765,0
-0.011139,0.02594,-0.0042758,0.011139,2.5009,4.9762,-0.00030518
-0.0048828,0.032043,-0.005226,0.010834,2.5009,4.9768,0
0.0097656,0.036469,-0.005226,0.0080872,2.5009,4.9774,-0.00030518
-0.00030518,0.034027,-0.005226,0.0059509,2.5003,4.978,0.00030518
-0.011139,0.017242,-0.0047509,0.0088501,2.5012,4.978,-0.00030518
-0.0082397,-0.0088501,-0.005226,0.015259,2.5015,4.9777,0
0.0013733,-0.02655,-0.005226,0.015411,2.5015,4.9777,0.00030518
0.0074768,-0.026398,-0.005226,0.010223,2.5015,4.9771,0
0.0065613,-0.015411,-0.0042758,0.0085449,2.5003,4.9789,0
-0.0030518,-0.002594,-0.0047509,0.012054,2.5021,4.9796,0
-0.0093079,0.0067139,-0.0038007,0.016479,2.5009,4.9796,0
-0.010986,0.012817,-0.0042758,0.024261,2.5018,4.9783,0.00061035
-0.021515,0.016937,-0.0038007,0.035706,2.5018,4.9768,-0.00030518
-0.010681,0.010071,-0.005226,0.03952,2.5009,4.9796,-0.00061035
0.0010681,-0.0073242,-0.0038007,0.028534,2.5012,4.9786,0.00061035
-0.0013733,-0.021362,-0.005226,0.01709,2.5018,4.9789,-0.00030518
-0.0030518,-0.018005,-0.005226,0.010681,2.5003,4.9789,0.00061035
0.00045776,-0.0033569,-0.005226,0.0067139,2.5021,4.9799,0
0.0041199,0.0041199,-0.0047509,0.0016785,2.5009,4.9796,-0.00030518
0.0079346,0.0015259,-0.0047509,-0.0015259,2.5015,4.9799,0.00030518
0.014191,-0.0050354,-0.0047509,0.00030518,2.5012,4.9792,-0.00030518
0.0065613,-0.015717,-0.0047509,0.00091553,2.5009,4.9789,0.00030518
-0.0061035,-0.028229,-0.0047509,0.00030518,2.5015,4.9792,0
0.014038,-0.033417,-0.005226,0.0018311,2.5003,4.9792,0
0.022736,-0.02594,-0.0042758,0.005188,2.5009,4.9799,-0.00061035
0.012817,-0.0094604,-0.0047509,0.0061035,2.5009,4.9792,0
0.011292,0.00091553,-0.005226,0.0053406,2.5009,4.9789,-0.00030518
0.021057,0.0036621,-0.0042758,0.0053406,2.5009,4.9783,-0.00030518
0.020752,0.0082397,-0.0028506,0.007019,2.5021,4.9792,0.00030518
0.018005,0.014038,-0.0047509,0.0054932,2.5012,4.9786,-0.00030518
0.022278,0.017853,-0.0042758,0.0033569,2.5018,4.9783,-0.00061035
0.019226,0.022125,-0.0042758,0.0056458,2.5012,4.9792,0
0.015717,0.019226,-0.0047509,0.0079346,2.5015,4.978,0
0.027618,0.014343,-0.0047509,0.0088501,2.5009,4.9783,0.00091553
0.023804,0.015869,-0.005701,0.0083923,2.5012,4.9789,0.00030518
0.015259,0.014038,-0.005226,0.0028992,2.5009,4.9789,-0.00030518
0.016937,-0.00091553,-0.0038007,0.0036621,2.5021,4.9786,0
0.023499,-0.021362,-0.0047509,0.0057983,2.5018,4.9786,0
0.02182,-0.025787,-0.005226,0.0067139,2.5018,4.9786,-0.00061035
0.012512,-0.026398,-0.0042758,0.0061035,2.5018,4.9789,0.00030518
0.010529,-0.029449,-0.0047509,0.0053406,2.5018,4.9789,0
0.011292,-0.024414,-0.005226,0.0059509,2.5018,4.9792,0
0.0050354,-0.014496,-0.0042758,0.0057983,2.5015,4.9789,0.00061035
0.014191,0.0032043,-0.0042758,0.0028992,2.5021,4.978,-0.00061035
0.019379,0.028229,-0.0047509,-0.00076294,2.5015,4.9789,0.00030518
0.0177,0.045624,-0.0038007,0.00076294,2.5009,4.9786,0.00030518
0.019226,0.046692,-0.0042758,0.0019836,2.5012,4.9783,0.00030518
0.02121,0.03952,-0.0042758,0.0050354,2.5006,4.9774,0
0.02243,0.018005,-0.0042758,0.0064087,2.5015,4.9765,0.00030518
0.02243,-0.014648,-0.0038007,0.0080872,2.5018,4.9762,0
0.013123,-0.03006,-0.0038007,0.0064087,2.5018,4.9765,0.00030518
0.0088501,-0.019379,-0.0047509,0.0016785,2.5009,4.9768,0.00030518
0.0022888,-0.0093079,-0.0042758,0.00045776,2.5009,4.9759,0.00030518
0.017242,-0.01297,-0.0033257,0.0030518,2.5018,4.9759,0.00030518
0.048523,-0.014038,-0.0042758,0.0062561,2.5006,4.9774,0.00030518
0.031738,-0.0042725,-0.005226,0.0093079,2.5021,4.9765,-0.00091553
-0.0022888,0.0039673,-0.005226,0.0082397,2.5031,4.9768,-0.00091553
-0.010071,0.0045776,-0.0038007,0.0082397,2.5009,4.9774,0.00061035
-0.0083923,-0.0038147,-0.0047509,0.0045776,2.5015,4.9774,0.00030518
-0.0085449,-0.015106,-0.0033257,0.0041199,2.5018,4.9768,0.00061035
-0.011902,-0.017548,-0.005226,0.0048828,2.5015,4.9786,0
-0.013275,-0.0090027,-0.0047509,0.0082397,2.5015,4.9777,0
-0.015869,0.00015259,-0.0047509,0.011139,2.5015,4.978,0.00030518
-0.0099182,0.0018311,-0.005226,0.0088501,2.5012,4.9774,-0.00030518
-0.010529,-0.004425,-0.0047509,0.0054932,2.5009,4.9762,-0.00030518
-0.011139,-0.009613,-0.0042758,0.0015259,2.5009,4.9747,0
-0.010834,-0.010376,-0.0042758,-0.00030518,2.5006,4.975,0
-0.0032043,-0.0021362,-0.0038007,0.0015259,2.5021,4.9741,0.0012207
0.0021362,0.0083923,-0.0047509,0.0048828,2.5012,4.9741,-0.00030518
0.0050354,0.013733,-0.0042758,0.007019,2.5018,4.9744,0.00030518
0.00091553,0.013428,-0.005226,0.0094604,2.5003,4.9747,0
-0.0090027,0.010986,-0.0047509,0.015717,2.5006,4.975,-0.00030518
-0.015411,0.0094604,-0.0038007,0.018311,2.5015,4.9744,-0.00061035
-0.0065613,0.0093079,-0.0038007,0.019073,2.5015,4.9747,0.00030518
-0.0073242,0.0090027,-0.0047509,0.019531,2.5018,4.9753,0.00061035
-0.009613,0.010376,-0.0047509,0.020752,2.5018,4.9756,0.00030518
-0.0064087,0.0079346,-0.0047509,0.022125,2.5012,4.9759,-0.00061035
-0.0033569,-0.0022888,-0.0047509,0.026245,2.5009,4.9762,-0.00030518
0.0019836,-0.011597,-0.0042758,0.026093,2.5012,4.9786,0
0.030365,-0.010223,-0.0047509,0.022888,2.5015,4.9789,-0.00030518
0.012817,-0.0012207,-0.0047509,0.019684,2.5012,4.9792,0.00061035
-0.012817,0.0079346,-0.005701,0.015106,2.5009,4.9783,0.00030518
-0.017242,0.0079346,-0.005226,0.011597,2.5018,4.9792,0.00030518
0.0027466,-0.0035095,-0.0047509,0.011139,2.5012,4.9789,-0.00030518
0.007019,-0.01358,-0.0047509,0.009613,2.5006,4.9783,0.00030518
-0.0053406,-0.0097656,-0.0047509,0.0080872,2.5009,4.9789,0.00061035
-0.0071716,-0.0021362,-0.005226,0.011139,2.5009,4.9783,0
-0.0032043,0.0042725,-0.005226,0.016479,2.5021,4.9786,0.00061035
-0.0048828,0.013428,-0.0047509,0.018616,2.5015,4.9789,-0.00030518
-0.0067139,0.021515,-0.0047509,0.018768,2.5009,4.9786,-0.00061035
-0.007782,0.021057,-0.0038007,0.017242,2.5006,4.9789,0
-0.014648,0.014801,-0.0047509,0.015259,2.5015,4.9789,0
-0.028839,0.0080872,-0.0042758,0.014648,2.5015,4.9774,0.00030518
-0.023041,0.0016785,-0.005226,0.01358,2.5009,4.9786,0
-0.014038,-0.00076294,-0.0038007,0.0099182,2.5018,4.9789,0
-0.005188,-0.0019836,-0.0042758,0.0028992,2.5012,4.9789,0
-0.0085449,-0.0073242,-0.005226,-0.0012207,2.5009,4.9789,0.00061035
-0.0093079,-0.010529,-0.0042758,-0.00061035,2.5009,4.9792,0.00091553
-0.0088501,-0.0071716,-0.0042758,0.0024414,2.5012,4.9786,0.00030518
-0.0056458,0.0041199,-0.0047509,0.0018311,2.5018,4.9799,0.00030518
-0.00045776,0.027313,-0.005226,0.00015259,2.5018,4.9789,0.00030518
-0.0013733,0.044403,-0.0047509,-0.0012207,2.5012,4.9786,0.00030518
-0.013123,0.040436,-0.0047509,0.00091553,2.5012,4.9783,0.00030518
-0.0073242,0.024414,-0.0042758,0.0048828,2.5003,4.9783,0.00030518
-0.0065613,0.014343,-0.0038007,0.0053406,2.5018,4.9768,0
-0.0062561,0.016174,-0.0047509,0,2.5015,4.9762,0.00061035
-0.0041199,0.024872,-0.0038007,-0.0013733,2.5009,4.9768,-0.00030518
-0.005188,0.035095,-0.0047509,0.0039673,2.5009,4.9759,0.00030518
-0.010834,0.035706,-0.0047509,0.0093079,2.5006,4.9768,0
-0.020142,0.015717,-0.005226,0.010834,2.5006,4.9765,0.00061035
-0.023346,-0.010986,-0.0047509,0.0079346,2.5012,4.9774,-0.00030518
-0.0091553,-0.010376,-0.0038007,0.0054932,2.5018,4.9768,0.00061035
0.032501,0.018311,-0.005701,0.0045776,2.5012,4.9759,0.00030518
0.070801,0.047607,-0.0047509,0.0045776,2.5015,4.9774,0.00030518
0.04715,0.052338,-0.0047509,0.0054932,2.4994,4.9771,0
0.0088501,0.030365,-0.0042758,0.0024414,2.5015,4.9771,0.00030518
0.0045776,-0.015259,-0.0047509,-0.0028992,2.5015,4.9771,0.00030518
0.0041199,-0.060272,-0.005701,-0.0057983,2.5021,4.9768,0.00030518
0.0045776,-0.070648,-0.005226,-0.0019836,2.5015,4.9774,0.00030518
0.0033569,-0.057526,-0.0042758,0.0024414,2.5021,4.9771,0.00030518
-0.0038147,-0.050659,-0.005701,0.0061035,2.5012,4.9783,0
-0.0083923,-0.047913,-0.0047509,0.010529,2.5012,4.9786,0.00061035
-0.0041199,-0.040283,-0.005226,0.013733,2.5,4.9786,-0.00030518
-0.00015259,-0.0354,-0.0047509,0.011292,2.5015,4.9783,0
-0.0097656,-0.033722,-0.0042758,0.0097656,2.5012,4.9783,0.00030518
-0.00076294,-0.026398,-0.0047509,0.0093079,2.5012,4.9786,0
0.0062561,-0.01358,-0.0047509,0.0094604,2.5012,4.978,-0.00061035
0.0042725,-0.00015259,-0.005226,0.0090027,2.5012,4.9786,0.00030518
0.016785,0.012512,-0.005226,0.0088501,2.5012,4.9786,-0.00030518
0.018463,0.020599,-0.0047509,0.0059509,2.5015,4.9792,0
0.0056458,0.02121,-0.0042758,0.0057983,2.5012,4.9792,0
0.018768,0.017548,-0.0038007,0.0048828,2.5012,4.9783,-0.00030518
0.027618,0.0093079,-0.0047509,0.0048828,2.5018,4.978,0.00061035
0.022736,-0.0048828,-0.005226,0.0054932,2.5006,4.978,0.00030518
0.01297,-0.020447,-0.0047509,0.0050354,2.5021,4.9792,0.00030518
0.0035095,-0.027924,-0.0033257,0.0061035,2.5012,4.9789,0.00030518
-0.0035095,-0.023651,-0.005226,0.016174,2.5015,4.9786,0
-0.010986,-0.013123,-0.0042758,0.020752,2.5018,4.9792,-0.00030518
-0.020905,-0.0085449,-0.0042758,0.016937,2.5021,4.9796,-0.00030518
-0.016785,-0.0097656,-0.0042758,0.0073242,2.5009,4.9792,0
-0.0036621,-0.012054,-0.0047509,0.0056458,2.5021,4.9786,0.00061035
-0.014801,-0.010223,-0.0042758,0.011597,2.5009,4.9789,-0.00030518
-0.020599,-0.0099182,-0.0042758,0.018921,2.5009,4.9786,0.00030518
0.0013733,-0.014343,-0.0047509,0.015869,2.5015,4.9789,0
0.0097656,-0.013733,-0.0047509,0.0097656,2.5018,4.975,-0.00030518
0.010071,-0.0048828,-0.0042758,0.005188,2.5018,4.975,0
0.0086975,0.0018311,-0.0042758,0.00091553,2.5015,4.9747,0.00030518
0.0082397,0.0039673,-0.0042758,-0.0028992,2.5,4.9747,0
0.0067139,0.011597,-0.0047509,-0.0027466,2.5003,4.9744,0.00061035
-0.0074768,0.020905,-0.005226,0.0022888,2.5024,4.9747,-0.00061035
-0.013123,0.026093,-0.005226,0.0071716,2.5015,4.9759,0.00061035
-0.0071716,0.027008,-0.0042758,0.0086975,2.5018,4.9759,0
-0.012665,0.019531,-0.0042758,0.0088501,2.5,4.9734,0.00030518
-0.0068665,0.0074768,-0.0047509,0.0094604,2.5006,4.9747,0.00030518
-0.0071716,0.0074768,-0.005226,0.012207,2.5009,4.9759,0.00061035
-0.0094604,0.0177,-0.0047509,0.011902,2.5012,4.9756,-0.00061035
-0.0073242,0.024261,-0.0042758,0.0079346,2.5009,4.9762,0.00030518
-0.0010681,0.025177,-0.0042758,0.0048828,2.5024,4.9768,0.00061035
0.0074768,0.017853,-0.0047509,0,2.5006,4.9771,0
0.019531,0.0030518,-0.0042758,0.0018311,2.5021,4.9774,-0.00061035
0.0047302,-0.012665,-0.0047509,0.010223,2.5012,4.9768,0.00030518
-0.012207,-0.020599,-0.005226,0.015869,2.5015,4.9771,0
-0.014954,-0.01709,-0.0042758,0.015106,2.5021,4.9768,-0.00091553
-0.0038147,-0.0091553,-0.0047509,0.010834,2.5021,4.9765,0
0.0068665,-0.0041199,-0.0047509,0.0074768,2.5006,4.9765,0
-0.0059509,-0.0030518,-0.0042758,0.0033569,2.5015,4.9765,0.00030518
-0.021362,-0.0018311,-0.005226,0.00076294,2.5006,4.9765,0.00091553
-0.019073,0.00091553,-0.0042758,0.0018311,2.5015,4.9765,-0.00030518
-0.0021362,0.0065613,-0.0047509,0.0032043,2.5009,4.9765,0
0.0080872,0.014801,-0.0047509,0.0035095,2.5018,4.9771,0.00030518
0.0059509,0.020905,-0.005226,0.0010681,2.5018,4.9771,0
0.00030518,0.023499,-0.005226,0.0013733,2.5,4.9768,-0.00061035
-0.0041199,0.027008,-0.0042758,0.0015259,2.5009,4.9765,0.00030518
-0.00030518,0.032196,-0.0047509,0.00045776,2.5009,4.978,0
-0.0076294,0.030975,-0.0042758,0.0012207,2.5018,4.978,0
-0.011749,0.017853,-0.0047509,0.0033569,2.5012,4.9768,0
0.0013733,-0.0082397,-0.0047509,0.0041199,2.5024,4.978,-0.00030518
0.012054,-0.027771,-0.0042758,0.0041199,2.5012,4.9783,0
0.009613,-0.028839,-0.0047509,0.0033569,2.5006,4.9792,0.00030518
0.0035095,-0.013123,-0.0028506,0.0062561,2.5024,4.9786,0.00030518
-0.0050354,0.0097656,-0.0042758,0.0097656,2.5018,4.9786,0
-0.0083923,0.023956,-0.005701,0.011902,2.5018,4.9786,0
-0.012054,0.023651,-0.005226,0.013428,2.5021,4.9786,-0.00030518
-0.0045776,0.02121,-0.0042758,0.01358,2.5006,4.9789,0.00030518
0.00015259,0.022583,-0.005226,0.011902,2.5009,4.9792,0.00061035
0.0048828,0.020142,-0.0047509,0.0079346,2.5006,4.9789,0
0.0041199,0.010071,-0.0042758,0.0016785,2.5018,4.978,0
0.0045776,0.0041199,-0.0047509,-0.0032043,2.5006,4.9792,0.00030518
-0.005188,0.010223,-0.0038007,-0.0053406,2.5015,4.9792,0.00030518
-0.012054,0.015106,-0.0038007,-0.0067139,2.5015,4.9792,0.00091553
-0.014648,0.0018311,-0.0047509,-0.0056458,2.5024,4.9792,0.00030518
-0.014801,-0.019379,-0.005226,-0.0030518,2.5021,4.9786,0.00030518
-0.014496,-0.037231,-0.0042758,-0.0041199,2.5024,4.9771,0.00030518
-0.0064087,-0.047455,-0.0047509,-0.0027466,2.5012,4.9786,-0.00061035
-0.011597,-0.044861,-0.0047509,0.0018311,2.5021,4.9789,0.00030518
-0.017242,-0.029755,-0.0047509,0.0032043,2.5012,4.9792,0.00030518
-0.011597,-0.014954,-0.005226,0.0019836,2.5009,4.9792,0
-0.0083923,-0.011749,-0.0042758,0.0010681,2.5003,4.9783,0.00030518
-0.010223,-0.020294,-0.0047509,0.0015259,2.5021,4.9789,-0.00061035
-0.0080872,-0.026855,-0.0042758,0.0022888,2.5009,4.9786,0
0.0019836,-0.016022,-0.0047509,-0.0013733,2.5018,4.9777,0.00030518
0.0035095,0.00091553,-0.0038007,-0.0059509,2.5015,4.9771,0
-0.0039673,0.0085449,-0.0038007,-0.0073242,2.5003,4.9786,0
0.0076294,0.0062561,-0.0038007,-0.0059509,2.5021,4.9783,0.00061035
0.013733,0.00076294,-0.0047509,-0.0035095,2.5018,4.978,0.00061035
0.0059509,-0.0074768,-0.0042758,0.0015259,2.5012,4.9792,-0.00030518
-0.0053406,-0.0177,-0.0042758,0.004425,2.5012,4.9796,0.00030518
-0.011292,-0.022583,-0.005226,0.0083923,2.5018,4.9786,0.00030518
-0.014648,-0.027313,-0.0047509,0.011902,2.5009,4.9783,-0.00091553
-0.01297,-0.025635,-0.0033257,0.0094604,2.5021,4.9783,0.00061035
-0.0080872,-0.01236,-0.005226,0.0047302,2.5006,4.9789,-0.00030518
0.0027466,-0.00061035,-0.0047509,0.0027466,2.5021,4.9783,0.00030518
-0.0053406,0.0027466,-0.0038007,0.0035095,2.5,4.9786,0.00030518
0.0019836,0.0012207,-0.0042758,0.0032043,2.5027,4.9783,0
0.013885,0.00061035,-0.0038007,0.0054932,2.5012,4.9777,0.00030518
0.013733,0.0036621,-0.0042758,0.0080872,2.5003,4.9777,0.00030518
0.0042725,0.0067139,-0.0038007,0.007782,2.5012,4.9768,0.00030518
0.0099182,0.0059509,-0.0042758,0.0042725,2.5009,4.9759,0
0.042725,0.0027466,-0.0042758,0.00091553,2.5006,4.9765,-0.00061035
0.079956,0.0028992,-0.0042758,0.0012207,2.5018,4.9759,0
0.076141,0.0027466,-0.005226,0.0012207,2.5015,4.9765,-0.00030518
0.066376,0.0032043,-0.0042758,0.00061035,2.5012,4.9765,0
0.050964,0.0036621,-0.0042758,0.0010681,2.5012,4.9771,0.00061035
0.052948,0.0021362,-0.005226,0,2.5009,4.9762,0
0.016327,0,-0.0047509,0.00015259,2.5015,4.9731,-0.00030518
-0.02182,0.0047302,-0.0047509,0.0047302,2.5018,4.9719,-0.00030518
-0.029297,0.01297,-0.0038007,0.0093079,2.5015,4.9719,0
-0.028992,0.014343,-0.0042758,0.0083923,2.5003,4.9725,0.00030518
-0.024109,0.011749,-0.0038007,0.010986,2.5009,4.9725,0
-0.01358,0.014343,-0.0042758,0.012512,2.5009,4.9725,0.00030518
-0.014191,0.023041,-0.0042758,0.012054,2.5009,4.9741,-0.00030518
-0.01358,0.033569,-0.0047509,0.0073242,2.5015,4.9738,0.00030518
-0.014954,0.037537,-0.005226,0.00030518,2.5006,4.9734,0.00030518
-0.013275,0.0354,-0.0042758,-0.0054932,2.5015,4.975,0
-0.010681,0.027618,-0.0047509,-0.007019,2.5006,4.9756,0
-0.00061035,0.013428,-0.0042758,-0.004425,2.5015,4.9759,0.00030518
0.0067139,-0.0019836,-0.0047509,-0.0022888,2.5015,4.9762,0
0.00091553,-0.010681,-0.0047509,-0.0038147,2.5012,4.9753,0
0.00076294,-0.010834,-0.005226,-0.0033569,2.5018,4.9786,0
0.002594,-0.0056458,-0.0042758,-0.0048828,2.5018,4.9783,0
-0.019836,-0.0056458,-0.0047509,-0.012817,2.5018,4.9783,0.00030518
-0.045471,-0.011139,-0.0042758,-0.015717,2.5006,4.9786,0.00061035
-0.025635,-0.012665,-0.0033257,-0.010834,2.5018,4.9786,0.00061035
0.0016785,-0.0090027,-0.0042758,-0.0073242,2.5012,4.9789,0.00061035
-0.017853,-0.0076294,-0.005226,-0.0068665,2.5009,4.9792,-0.00061035
-0.025177,-0.0086975,-0.0047509,-0.0042725,2.5012,4.9783,0.00030518
-0.014648,-0.0099182,-0.0038007,-0.00061035,2.5006,4.9796,-0.00030518
-0.011597,-0.012817,-0.0047509,0.0061035,2.5015,4.978,0.00030518
-0.010376,-0.015869,-0.0047509,0.013123,2.5006,4.9792,0.00091553
-0.012054,-0.0086975,-0.005226,0.016327,2.5015,4.9786,0
-0.0050354,0.0042725,-0.0047509,0.016479,2.5009,4.9796,-0.00030518
0.0079346,0.0083923,-0.0042758,0.017242,2.5024,4.9783,0
-0.0057983,0.0021362,-0.0042758,0.020294,2.5015,4.9777,0.00030518
-0.015106,-0.0015259,-0.0047509,0.025024,2.5006,4.9792,0.00030518
-0.016785,0.0076294,-0.0038007,0.029755,2.5009,4.9796,-0.00030518
-0.032501,0.018158,-0.0042758,0.032806,2.5021,4.9796,0.00030518
-0.042267,0.023956,-0.0038007,0.035095,2.5015,4.9789,0
-0.023804,0.029297,-0.0042758,0.0354,2.5027,4.9789,0
-0.007019,0.032806,-0.0047509,0.030823,2.5015,4.9802,0.00030518
-0.011597,0.031128,-0.005226,0.026093,2.5015,4.9783,0.00061035
-0.035095,0.023041,-0.005226,0.023651,2.5009,4.9786,0.00030518
-0.029144,0.004425,-0.005226,0.025787,2.5015,4.9789,0.00030518
-0.013123,-0.017548,-0.0047509,0.030365,2.5003,4.9799,0.00030518
0.0061035,-0.021973,-0.005226,0.028076,2.5015,4.9792,0.00030518
0.007019,-0.010376,-0.0047509,0.02533,2.5006,4.9796,0
-0.010834,0.0012207,-0.0028506,0.025177,2.5015,4.9789,-0.00030518
-0.012054,0.010986,-0.005226,0.023499,2.5012,4.9786,0.00030518
0.0016785,0.022736,-0.0042758,0.022736,2.5009,4.9783,-0.00030518
-0.0021362,0.019684,-0.005226,0.027771,2.5018,4.9792,0.00030518
-0.0053406,-0.0032043,-0.0042758,0.036926,2.5012,4.9786,0
-0.011444,-0.022888,-0.005226,0.042419,2.5018,4.9792,0.00030518
-0.013428,-0.028839,-0.0042758,0.039825,2.5012,4.9786,-0.00030518
-0.017395,-0.028381,-0.0047509,0.033875,2.5009,4.9756,0.00030518
-0.0041199,-0.017395,-0.0047509,0.026093,2.5009,4.9756,-0.00030518
-0.012207,-0.00015259,-0.005226,0.018158,2.5009,4.9768,0.00030518
-0.023193,-0.00015259,-0.0042758,0.016174,2.5009,4.9762,0.00030518
-0.020752,-0.017853,-0.005226,0.014648,2.5021,4.9765,0
-0.012665,-0.032043,-0.0047509,0.013123,2.5021,4.9762,0.00030518
-0.0082397,-0.040131,-0.005226,0.014801,2.5006,4.9765,0.00061035
-0.01709,-0.042572,-0.0047509,0.01236,2.5009,4.9771,-0.00030518
-0.030518,-0.029907,-0.0047509,0.0085449,2.5009,4.9777,-0.00030518
-0.026093,-0.0053406,-0.0047509,0.0079346,2.5003,4.9774,0
-0.021362,0.0094604,-0.0038007,0.010223,2.5015,4.9777,0
-0.013123,0.0094604,-0.0047509,0.010986,2.5024,4.9768,0
-0.016174,0.0067139,-0.005701,0.010071,2.5015,4.9777,0.00030518
-0.018921,0.0085449,-0.0042758,0.0068665,2.5012,4.9777,0
-0.013123,0.0097656,-0.0047509,0.0035095,2.5009,4.978,0.00030518
-0.011902,0.0082397,-0.0042758,0.0019836,2.5018,4.9777,-0.00091553
-0.021057,0.0091553,-0.005701,-0.00015259,2.5034,4.9786,-0.00030518
-0.013885,0.012054,-0.0042758,-0.0039673,2.5006,4.9786,0
-0.0053406,0.010376,-0.0047509,-0.0059509,2.5009,4.9792,-0.00091553
-0.0053406,0.009613,-0.0047509,-0.0027466,2.5009,4.9796,0.00030518
-0.018921,0.013428,-0.0033257,0,2.5009,4.9786,-0.00061035
-0.016174,0.01297,-0.0042758,0.00030518,2.5012,4.9777,0.00030518
-0.02182,0.0047302,-0.0042758,0.0028992,2.5015,4.9799,0.00030518
-0.010834,-0.0012207,-0.0047509,0.0047302,2.5015,4.9786,0
0.0036621,-0.0015259,-0.0047509,0.00076294,2.5018,4.9789,-0.00030518
0.00030518,-0.00015259,-0.0042758,-0.0038147,2.5003,4.9796,0.00030518
-0.0018311,0.0010681,-0.005226,-0.0024414,2.5015,4.9799,0
-0.0028992,0.005188,-0.0047509,-0.0010681,2.5009,4.9789,0.00061035
-0.007782,0.011292,-0.0047509,0.0015259,2.5009,4.9789,0
-0.011902,0.016174,-0.0042758,0.0059509,2.5018,4.9786,0.00061035
-0.014954,0.017548,-0.0033257,0.0053406,2.5015,4.9799,-0.00061035
0.0022888,0.015717,-0.0047509,0.0050354,2.5015,4.9799,0
0.0010681,0.015564,-0.0047509,0.0056458,2.5006,4.9759,-0.00030518
-0.014801,0.01709,-0.0038007,0.005188,2.5012,4.975,-0.00030518
-0.024719,0.015106,-0.0047509,0.0062561,2.5006,4.9762,0
-0.022125,0.007019,-0.0042758,0.010376,2.5024,4.9744,0.00030518
-0.019531,0.00015259,-0.0047509,0.012054,2.5009,4.9744,0.00030518
-0.017242,0.0015259,-0.0042758,0.010071,2.5018,4.9747,0
-0.016174,0.010529,-0.0047509,0.0064087,2.5006,4.9747,0.00030518
-0.030365,0.014648,-0.0047509,0.0047302,2.5006,4.9747,0
-0.038147,0.0041199,-0.0042758,0.0035095,2.5009,4.9744,0.00061035
-0.011902,-0.014191,-0.0042758,0.00045776,2.5012,4.975,-0.00061035
-0.0022888,-0.023804,-0.0047509,-0.0028992,2.5012,4.9768,-0.00030518
-0.0016785,-0.020905,-0.0042758,-0.0018311,2.5021,4.9762,0.00030518
-0.0032043,-0.011597,-0.0038007,-0.0015259,2.5009,4.9768,0.00061035
0,-0.0019836,-0.0042758,-0.0057983,2.5015,4.9765,-0.00030518
0.004425,0.0059509,-0.0028506,-0.0068665,2.5018,4.9783,0
0.0033569,0.011444,-0.0042758,-0.0061035,2.5021,4.978,0.00030518
-0.00045776,0.0091553,-0.0047509,-0.0062561,2.5009,4.9792,0.00030518
-0.0018311,-0.0079346,-0.005226,-0.0088501,2.5015,4.9783,-0.00030518
-0.0068665,-0.029297,-0.0047509,-0.010376,2.5009,4.9786,0
0.0028992,-0.032196,-0.005226,-0.014191,2.5018,4.9799,0
0.0080872,-0.015564,-0.0042758,-0.018463,2.5012,4.9786,0
0.005188,0.0032043,-0.0042758,-0.022125,2.5021,4.9786,0
0.0050354,0.014954,-0.0038007,-0.024414,2.5015,4.9777,-0.00030518
0.0076294,0.019073,-0.0042758,-0.02594,2.5018,4.9768,0
0.0045776,0.009613,-0.0038007,-0.023651,2.5018,4.9765,0.00030518
0.00076294,-0.0050354,-0.0047509,-0.017242,2.5006,4.9774,0.00030518
-0.0021362,-0.012207,-0.0047509,-0.011597,2.5015,4.9759,-0.00030518
0.002594,-0.010834,-0.0042758,-0.012665,2.5006,4.9759,0
0.00091553,-0.0067139,-0.0042758,-0.019531,2.5015,4.9768,0.00030518
0.0082397,-0.0032043,-0.0047509,-0.022583,2.5018,4.9765,0.00061035
0.0039673,-0.00091553,-0.0047509,-0.019684,2.5024,4.9759,0.00030518
-0.0065613,0.002594,-0.0042758,-0.015259,2.5006,4.9768,0
-0.01709,0.0057983,-0.0042758,-0.013885,2.5003,4.9768,0.00030518
-0.018311,0.010834,-0.0047509,-0.015259,2.5012,4.9774,0
-0.0088501,0.015106,-0.0042758,-0.012817,2.5018,4.9774,0.00030518
-0.00015259,0.016327,-0.0047509,-0.013428,2.5015,4.9771,-0.00030518
0.0032043,0.016327,-0.0047509,-0.01709,2.5021,4.9783,0.00061035
-0.0028992,0.016785,-0.0047509,-0.016327,2.5012,4.978,0.00030518
-0.025177,0.016632,-0.0042758,-0.014038,2.5009,4.9771,0.00061035
-0.00030518,0.016327,-0.0038007,-0.015106,2.5,4.9783,-0.00030518
0.025787,0.016479,-0.0047509,-0.014343,2.5018,4.9786,0
0.030212,0.014496,-0.0042758,-0.011902,2.5021,4.9796,0
0.058441,0.0080872,-0.0042758,-0.01236,2.5024,4.9783,0.00030518
0.033875,0.0019836,-0.0047509,-0.011292,2.5015,4.9786,-0.00030518
-0.011749,-0.00030518,-0.0047509,-0.012665,2.5009,4.9786,0
-0.016479,-0.00061035,-0.0042758,-0.014801,2.5021,4.9789,0.00061035
0.011444,0.00030518,-0.0047509,-0.014648,2.5018,4.9789,0
0.028839,0.0059509,-0.005226,-0.011444,2.5009,4.9796,0.00030518
0.024414,0.011444,-0.0047509,-0.0064087,2.5015,4.9783,0.00030518
0.025024,0.012665,-0.0042758,-0.0064087,2.5015,4.9786,0.00030518
0.01709,0.0097656,-0.0047509,-0.0061035,2.5003,4.9783,0.00061035
0.021362,0.0039673,-0.0047509,-0.0038147,2.5012,4.9786,0.00030518
0.024872,-0.0061035,-0.0042758,0.0024414,2.5015,4.9789,0.00030518
0.020294,-0.018616,-0.0047509,0.004425,2.5015,4.9789,0.00030518
0.0177,-0.021515,-0.0042758,-0.00076294,2.5012,4.9786,-0.00030518
0.0065613,-0.01358,-0.0042758,-0.0010681,2.5015,4.9789,0.00030518
0.0053406,-0.0054932,-0.0042758,0.0010681,2.5006,4.9786,0.00061035
0.0073242,0.00061035,-0.0042758,0.0027466,2.5018,4.9783,0.00061035
-0.0032043,0.0088501,-0.0047509,0.0032043,2.5009,4.9796,0
0.00091553,0.012207,-0.0047509,0.0053406,2.5024,4.9789,0
0.012665,0.0061035,-0.005226,0.0056458,2.5021,4.9789,0
0.015411,-0.005188,-0.0047509,0.0016785,2.5024,4.9792,0
0.0015259,-0.0099182,-0.0038007,0.00045776,2.5012,4.9792,0
-0.010071,-0.013733,-0.0047509,0.0048828,2.5009,4.9789,0.00030518
-0.0036621,-0.016022,-0.0047509,0.0086975,2.5012,4.9789,0
-0.00030518,-0.013275,-0.0047509,0.0082397,2.5009,4.9783,-0.00030518
-0.004425,-0.0082397,-0.0042758,0.0071716,2.5015,4.9792,0.00030518
-0.00076294,-0.00045776,-0.0047509,0.0086975,2.5009,4.9792,0
-0.0053406,0.0093079,-0.005226,0.010529,2.5012,4.9783,-0.00030518
0.0042725,0.015259,-0.005226,0.0091553,2.5012,4.9783,0.00061035
0.011292,0.011292,-0.0038007,0.0064087,2.5009,4.9792,0.00061035
0.0076294,-0.002594,-0.0033257,0.00076294,2.5018,4.9796,0.00030518
0.010986,-0.016632,-0.005701,0.0010681,2.5012,4.9796,0
0.016479,-0.014801,-0.0047509,0.0016785,2.5018,4.9792,0
0.014038,0.0012207,-0.0047509,0.0016785,2.5018,4.9792,-0.00061035
0.019836,0.011749,-0.0038007,0.0013733,2.5009,4.9789,0.00061035
0.022736,0.0033569,-0.0038007,0.004425,2.5018,4.9796,-0.00091553
0.017242,-0.0054932,-0.005226,0.0056458,2.5018,4.9792,0
0.0065613,-0.0047302,-0.0047509,0.0033569,2.5012,4.9792,0
0.020752,-0.0050354,-0.0047509,0.0028992,2.5015,4.9783,0.00061035
0.021515,-0.0080872,-0.0038007,0.005188,2.5009,4.9759,0.00030518
0.011597,-0.0056458,-0.005226,0.0082397,2.5006,4.9759,-0.00061035
0.011444,0.0012207,-0.0047509,0.011292,2.5009,4.975,0.00030518
0.010071,0.0021362,-0.0042758,0.015717,2.5,4.9741,0.00030518
0.0015259,-0.00045776,-0.0042758,0.022736,2.5012,4.9744,0.00030518
0.0015259,-0.00045776,-0.0047509,0.025635,2.5018,4.9738,-0.00061035
0.0024414,0.0021362,-0.0042758,0.026245,2.5015,4.9756,0.00061035
-0.007782,0.0048828,-0.0042758,0.025177,2.5021,4.975,0.00030518
-0.015564,0.0061035,-0.0047509,0.017853,2.5012,4.9731,0
0.00076294,0.004425,-0.0047509,0.011749,2.5018,4.9747,0.00030518
0.0039673,-0.00076294,-0.0042758,0.0093079,2.5015,4.9744,-0.00061035
-0.0032043,-0.0053406,-0.0042758,0.0068665,2.5021,4.9734,-0.00030518
0.0022888,-0.0065613,-0.0038007,0.0022888,2.5015,4.9725,0.00030518
0.010376,-0.0035095,-0.005226,0.0028992,2.5012,4.9719,0
0.017242,-0.0021362,-0.0033257,0.0018311,2.5003,4.9744,0
0.02121,-0.0024414,-0.005226,0.00076294,2.5015,4.9759,0.00030518
0.032196,-0.0021362,-0.0042758,0.0033569,2.5009,4.9762,0.00061035
0.042419,0.00030518,-0.0047509,0.0076294,2.5015,4.9759,0.00030518
0.0050354,0.0016785,-0.0038007,0.01236,2.5015,4.9768,0.00030518
-0.014038,0.002594,-0.005226,0.015564,2.5015,4.9759,0.00091553
-0.0071716,0.0039673,-0.0047509,0.016479,2.5009,4.9768,-0.00061035
0.00091553,0.0064087,-0.0038007,0.015106,2.5018,4.9768,0.00061035
-0.00030518,0.0094604,-0.0047509,0.0067139,2.5018,4.9771,-0.00030518
0.0010681,0.0099182,-0.005226,-0.0048828,2.5021,4.978,0
0.0065613,0.0093079,-0.005226,-0.0097656,2.5015,4.9777,0.00030518
0.0042725,0.007019,-0.0047509,-0.0033569,2.5024,4.9777,-0.00091553
-0.0071716,0.0018311,-0.005226,0.0056458,2.5018,4.978,0
-0.014648,-0.0021362,-0.005226,0.0099182,2.5006,4.9768,0.00061035
-0.012817,-0.00076294,-0.0042758,0.011292,2.5012,4.9777,0
0.0068665,-0.00015259,-0.0033257,0.009613,2.5018,4.9792,0.00030518
0.015259,-0.0024414,-0.0042758,0.0062561,2.5003,4.9789,0.00030518
0.0053406,-0.0059509,-0.0047509,0.0061035,2.5015,4.9786,-0.00061035
-0.004425,-0.0076294,-0.0061761,0.0062561,2.5006,4.9792,-0.00061035
-0.0093079,-0.0082397,-0.0047509,0.0032043,2.5003,4.9792,0.00030518
-0.0061035,-0.0093079,-0.0042758,0.0030518,2.5012,4.978,0.00061035
-0.00091553,-0.0090027,-0.0042758,0.0068665,2.5012,4.9783,0.00030518
0.0041199,-0.0064087,-0.0028506,0.011139,2.5012,4.9783,-0.00030518
-0.0013733,-0.0038147,-0.005226,0.014801,2.5021,4.9796,0
-0.018158,-0.0030518,-0.0042758,0.017395,2.5027,4.9783,0.00030518
-0.0073242,-0.0021362,-0.005701,0.015564,2.5015,4.9786,-0.00030518
0.010834,-0.00015259,-0.0047509,0.012665,2.5018,4.9789,0.00061035
0.014038,0.0053406,-0.0047509,0.010376,2.5003,4.9792,0.00061035
0.0038147,0.013275,-0.0038007,0.011292,2.5009,4.9783,0.00061035
-0.0039673,0.016785,-0.0047509,0.01297,2.5012,4.9786,0.00030518
0.00015259,0.015564,-0.005226,0.010834,2.5012,4.9792,-0.00030518
0.0061035,0.016785,-0.0047509,0.010986,2.5021,4.9799,-0.00030518
0.0041199,0.016937,-0.0042758,0.010376,2.5012,4.9792,-0.00030518
0.0012207,0.012665,-0.005226,0.01297,2.5012,4.9792,0
0.0015259,0.0061035,-0.005226,0.015259,2.5006,4.9783,0.00061035
0.018005,0.0016785,-0.0038007,0.013733,2.5018,4.978,0
0.028839,-0.0024414,-0.0047509,0.0082397,2.5015,4.9786,0.00030518
0.025635,-0.002594,-0.005226,0.00045776,2.5009,4.978,0.00030518
0.023651,0.00091553,-0.0038007,-0.0039673,2.5006,4.9783,-0.00030518
0.025787,0.0053406,-0.0042758,-0.0053406,2.5009,4.9786,0.00091553
0.026245,0.0061035,-0.0047509,-0.0067139,2.5015,4.9789,0.00030518
0.021515,0.0048828,-0.0047509,-0.0045776,2.5006,4.9789,0
0.014496,0.0042725,-0.0042758,0.0039673,2.5018,4.9789,0
0.0073242,0.0038147,-0.0047509,0.007019,2.5009,4.9786,0
-0.0022888,-0.00030518,-0.0042758,0.0054932,2.5009,4.9796,0
0.0033569,-0.0062561,-0.0042758,0.011444,2.5009,4.9789,0
0.0067139,-0.0076294,-0.0047509,0.018005,2.5006,4.9792,0.00030518
0.0062561,-0.0048828,-0.005226,0.019073,2.5015,4.9789,0
-0.0013733,-0.0045776,-0.0047509,0.018005,2.5015,4.9796,0
-0.0053406,-0.0032043,-0.0042758,0.018158,2.5009,4.9786,0
0.0059509,0.00091553,-0.0042758,0.017853,2.5009,4.9789,0.00030518
0.018463,0.0024414,-0.0047509,0.012512,2.5009,4.9783,-0.00091553
0.021057,-0.0076294,-0.0047509,0.011902,2.5003,4.978,0
0.033722,-0.016937,-0.0047509,0.01358,2.5015,4.9768,0
0.010071,-0.007019,-0.0047509,0.016174,2.5015,4.9768,0.00030518
-0.0059509,0.0067139,-0.005226,0.019684,2.5018,4.9768,-0.00030518
-0.0054932,0.0085449,-0.0042758,0.020599,2.5012,4.9768,0.00091553
-0.0094604,0.0048828,-0.0042758,0.018158,2.5015,4.9762,0.00030518
-0.016479,0.00030518,-0.0047509,0.016022,2.5009,4.9762,0.00030518
-0.011292,-0.0053406,-0.0042758,0.010834,2.5021,4.9771,0.00091553
-0.0027466,-0.0093079,-0.005226,0.0041199,2.5009,4.9768,0
-0.0032043,-0.0061035,-0.005226,0.0073242,2.5018,4.9762,0
-0.0035095,0.0021362,-0.005701,0.013733,2.5009,4.9771,-0.00091553
-0.0056458,0.0097656,-0.0047509,0.015869,2.5009,4.9774,0
-0.015717,0.011139,-0.005701,0.017395,2.4997,4.9774,0.00061035
-0.0028992,0.010681,-0.0047509,0.01297,2.5009,4.9771,-0.00030518
0.0064087,0.010071,-0.0047509,0.0073242,2.5018,4.9731,0
0.0041199,0.010376,-0.0047509,0.0035095,2.5009,4.9731,0.00030518
-0.00045776,0.011292,-0.0042758,0.0028992,2.5015,4.9731,0.00030518
0.0047302,0.0097656,-0.0042758,0.0074768,2.5012,4.9728,-0.00030518
0.010071,0.0022888,-0.0047509,0.015259,2.5018,4.9741,-0.00091553
0.0091553,-0.0091553,-0.0042758,0.018158,2.5009,4.9741,0.00061035
0.009613,-0.011139,-0.0042758,0.010529,2.5012,4.9744,-0.00030518
0.016174,-0.00076294,-0.0047509,0.0013733,2.5006,4.9747,-0.00030518
0.011139,0.0086975,-0.0042758,0.00030518,2.5015,4.9741,0.00030518
0.005188,0.0039673,-0.005226,0.0056458,2.5015,4.9759,0.00030518
-0.0071716,-0.010529,-0.0047509,0.0088501,2.5003,4.9765,0.00030518
-0.01358,-0.019836,-0.0042758,0.010071,2.5012,4.9762,0.00030518
-0.010529,-0.016174,-0.0038007,0.0061035,2.5012,4.9759,0
-0.0024414,-0.0059509,-0.0042758,0.0041199,2.5012,4.9762,0.00030518
-0.0036621,0.0033569,-0.0061761,0.0090027,2.5015,4.9783,0
-0.009613,0.015411,-0.0042758,0.012512,2.5009,4.9786,0.00030518
-0.01358,0.031281,-0.0042758,0.012817,2.5006,4.9786,-0.00030518
-0.016632,0.042572,-0.0042758,0.012817,2.5009,4.9796,0
-0.01709,0.047302,-0.005226,0.0099182,2.5012,4.9783,0
-0.0036621,0.040741,-0.0042758,0.0048828,2.5009,4.9786,0
-0.0048828,0.015717,-0.0047509,0.0015259,2.5018,4.9799,0.00030518
-0.017548,-0.013885,-0.0042758,0.0047302,2.5012,4.9789,-0.00030518
-0.019531,-0.028381,-0.0038007,0.0071716,2.5021,4.9796,0.00030518
-0.0093079,-0.030365,-0.005226,0.0074768,2.5012,4.9786,0
-0.0022888,-0.027313,-0.005701,0.0079346,2.5009,4.9789,0.00030518
0.0010681,-0.027618,-0.0038007,0.014648,2.5015,4.9786,0
-0.0010681,-0.026093,-0.0042758,0.021973,2.5012,4.9796,0.00030518
-0.0071716,-0.018005,-0.0047509,0.021362,2.5015,4.9786,0
-0.014496,-0.0079346,-0.0038007,0.014801,2.5009,4.9789,0
0.0030518,-0.0027466,-0.0047509,0.010223,2.5015,4.9783,0.00030518
0.0076294,-0.0038147,-0.0042758,0.0090027,2.5003,4.9789,0
-0.0038147,-0.0041199,-0.0042758,0.015259,2.5012,4.9796,-0.00061035
-0.01236,-0.0013733,-0.0047509,0.024109,2.5015,4.9789,0.00030518
-0.0083923,0.0022888,-0.0042758,0.027924,2.5012,4.9799,-0.00030518
-0.0065613,0.00045776,-0.005226,0.028992,2.5021,4.9792,0.00030518
-0.0027466,-0.0039673,-0.0047509,0.027924,2.5012,4.9777,-0.00030518
0.0071716,-0.0083923,-0.005226,0.02243,2.5018,4.978,0
0.027618,-0.011139,-0.0038007,0.020294,2.5018,4.9792,-0.00030518
0.04425,-0.012665,-0.0047509,0.021973,2.5003,4.9783,0.00091553
0.039215,-0.009613,-0.0042758,0.020752,2.5021,4.9783,-0.00030518
-0.0079346,-0.004425,-0.0047509,0.020599,2.5015,4.9789,-0.00030518
-0.032196,-0.0024414,-0.0042758,0.019226,2.5012,4.9786,-0.00030518
-0.025635,-0.0033569,-0.0047509,0.017548,2.5015,4.9783,-0.00030518
-0.015106,-0.0041199,-0.0047509,0.014038,2.5003,4.978,-0.00030518
-0.00015259,-0.0018311,-0.005701,0.0054932,2.5018,4.9762,0.00030518
0.00015259,0.00076294,-0.0033257,-0.00030518,2.5012,4.9768,0.00030518
-0.007019,0.00061035,-0.0038007,-0.0027466,2.5018,4.9756,-0.00030518
-0.007782,0.0019836,-0.0047509,-0.0032043,2.5024,4.9771,-0.00030518
-0.010986,0.0013733,-0.0042758,-0.0022888,2.5012,4.9765,-0.00061035
-0.00076294,-0.0021362,-0.0042758,0.00091553,2.5006,4.9765,0
0.0038147,-0.0035095,-0.0047509,0.0064087,2.5018,4.9759,0
0.0042725,-0.0033569,-0.0047509,0.0083923,2.5015,4.9765,-0.00061035
0.0076294,-0.0041199,-0.0042758,0.0064087,2.5006,4.9762,-0.00061035
0.007782,-0.0062561,-0.0047509,0.0016785,2.5015,4.9771,0.00030518
0.0064087,-0.0067139,-0.0047509,-0.0024414,2.5012,4.9771,-0.00030518
0.0054932,-0.0015259,-0.005226,0.00091553,2.5012,4.9771,0
-0.0018311,0.0057983,-0.0042758,0.0076294,2.5003,4.9771,0
-0.012817,0.011749,-0.005226,0.0088501,2.5015,4.9783,0
-0.023956,0.011444,-0.0047509,0.0061035,2.5018,4.9771,-0.00030518
-0.012207,0.009613,-0.0042758,0.0042725,2.5006,4.9777,-0.00061035
-0.01358,0.011292,-0.0038007,0.00045776,2.5015,4.9777,0.00030518
-0.019531,0.011139,-0.0042758,-0.0035095,2.5015,4.9786,0.00030518
-0.018463,0.0086975,-0.0047509,-0.004425,2.5015,4.9789,0
-0.016174,0.0067139,-0.0038007,-0.0039673,2.5012,4.9799,-0.00030518
-0.0177,0.0054932,-0.0042758,-0.004425,2.5012,4.9786,0.00030518
-0.019226,0.0033569,-0.0047509,-0.0015259,2.5018,4.9792,-0.00030518
-0.020752,0.0038147,-0.005226,0.0021362,2.5018,4.9786,0.00030518
-0.029144,0.0038147,-0.0042758,0.0032043,2.5012,4.9786,0.00030518
-0.037384,0.0015259,-0.0042758,0.0085449,2.5015,4.978,0.00030518
-0.027008,0.00091553,-0.0047509,0.010071,2.5021,4.978,0
-0.0099182,-0.00030518,-0.0047509,0.0047302,2.5018,4.9789,0
-0.022125,-0.0056458,-0.0047509,0.0013733,2.5006,4.9789,0
-0.030518,-0.0061035,-0.0047509,0.0036621,2.5021,4.9796,0.00030518
-0.026398,0.0010681,-0.0042758,0.010071,2.5006,4.9789,-0.00030518
-0.020905,0.0073242,-0.0042758,0.0099182,2.5012,4.9796,0
-0.016174,0.0071716,-0.0042758,0.007782,2.5012,4.9792,0.00061035
-0.014954,0.0030518,-0.0042758,0.0074768,2.5012,4.9789,0.00030518
-0.017548,0.00045776,-0.0038007,0.0088501,2.5018,4.9789,-0.00030518
-0.022888,-0.0019836,-0.005226,0.011749,2.5024,4.9789,0.00061035
-0.015717,-0.0048828,-0.005701,0.012054,2.5018,4.9777,-0.00030518
-0.016022,-0.0064087,-0.0047509,0.011597,2.5009,4.9759,0.00030518
-0.019379,-0.0045776,-0.0042758,0.011139,2.5018,4.9747,0.00030518
-0.018616,-0.0022888,-0.0047509,0.0080872,2.5009,4.9738,0.00030518
-0.019226,-0.00015259,-0.0042758,0.0053406,2.5021,4.975,0
-0.012054,0.0033569,-0.005701,0.0048828,2.5012,4.9738,0.00030518
-0.0038147,0.0059509,-0.0042758,0.0057983,2.5021,4.9747,-0.00030518
-0.0033569,0.0067139,-0.0033257,0.0065613,2.5003,4.975,-0.00030518
-0.0057983,0.0033569,-0.005226,0.0065613,2.5009,4.9756,0.00061035
-0.011292,-0.0015259,-0.0038007,0.004425,2.5021,4.9741,0.00091553
0.0028992,-0.0047302,-0.0047509,0.0013733,2.5018,4.9756,0
0.0088501,-0.0035095,-0.0047509,-0.00030518,2.5018,4.9753,0.00030518
0.0086975,-0.0042725,-0.0042758,-0.0018311,2.5027,4.9759,-0.00030518
0.012512,-0.007019,-0.005226,0.00030518,2.5012,4.9762,0
0.018005,-0.0067139,-0.0047509,0.0019836,2.5021,4.9756,0
0.015106,-0.0048828,-0.0047509,0.0041199,2.5012,4.9783,-0.00061035
0.011749,-0.0013733,-0.005226,0.00091553,2.5024,4.9783,0.00061035
0.013275,0.0019836,-0.0042758,-0.0033569,2.5018,4.978,0
0.012207,0.0048828,-0.0033257,-0.0065613,2.5018,4.978,-0.00030518
0.0010681,0.0064087,-0.0042758,-0.0073242,2.5009,4.978,0.00091553
0.010071,0.0064087,-0.005226,-0.0041199,2.5006,4.9786,0
0.013275,0.0027466,-0.0042758,0.00015259,2.5009,4.9765,0.00061035
0.0076294,-0.0059509,-0.0047509,0.0045776,2.5012,4.9765,0.00030518
0.0028992,-0.010223,-0.005226,0.0048828,2.5009,4.9765,0.00030518
0.0016785,-0.007782,-0.0033257,0.0062561,2.5015,4.9762,0.00061035
-0.0015259,-0.004425,-0.0047509,0.0088501,2.5012,4.9765,-0.00030518
-0.005188,-0.0039673,-0.0047509,0.011749,2.5003,4.9768,-0.00030518
-0.0048828,-0.0019836,-0.0028506,0.0082397,2.5009,4.9768,0.00061035
-0.0045776,0.005188,-0.0047509,0.0064087,2.5012,4.9768,0.00030518
-0.010071,0.011139,-0.0042758,0.0091553,2.5018,4.9765,0
-0.00076294,0.014648,-0.0047509,0.007019,2.5015,4.978,-0.00030518
0.0071716,0.016022,-0.0042758,0.0019836,2.5012,4.9771,0
0.0079346,0.014496,-0.0038007,-0.0010681,2.5015,4.9768,0
0.0071716,0.011292,-0.0042758,0,2.5021,4.9777,-0.00030518
0.002594,0.0074768,-0.0047509,0.00015259,2.5006,4.978,0
-0.0010681,0.0028992,-0.0038007,0.0015259,2.5003,4.9774,0
0.00030518,-0.0018311,-0.0042758,0.0056458,2.5018,4.9777,-0.00030518
0.005188,-0.0048828,-0.0047509,0.0094604,2.5012,4.9786,0.00091553
0.0057983,-0.0054932,-0.0038007,0.0080872,2.5012,4.9789,-0.00030518
-0.00061035,-0.0033569,-0.005226,0.0073242,2.5012,4.9786,0.00061035
0.0062561,0.0022888,-0.0042758,0.0068665,2.5009,4.9786,0
0.0059509,0.0076294,-0.0033257,0.0065613,2.5015,4.9792,0.00091553
0.0016785,0.010986,-0.0042758,0.0039673,2.5009,4.9786,0.00030518
-0.0013733,0.0094604,-0.005226,-0.002594,2.5009,4.9789,0.00030518
-0.0042725,0.0062561,-0.0042758,-0.0062561,2.5012,4.9796,0.00030518
-0.0064087,0,-0.0033257,0.0032043,2.5018,4.9792,0.00030518
-0.0093079,-0.0094604,-0.0033257,0.015106,2.5006,4.9789,0.00030518
-0.010986,-0.019226,-0.0047509,0.016479,2.5021,4.9789,0.00030518
-0.010834,-0.021973,-0.0061761,0.015106,2.5009,4.9802,0.00030518
-0.012817,-0.019989,-0.005226,0.012512,2.5015,4.9777,0
-0.0022888,-0.01709,-0.0047509,0.0080872,2.5021,4.9786,0.00030518
0.0048828,-0.0090027,-0.0047509,0.0061035,2.5015,4.9786,0.00061035
0.0050354,-0.00091553,-0.005226,0.0073242,2.5018,4.9789,0.00061035
0.00091553,0.0054932,-0.0047509,0.0057983,2.5015,4.9786,0
0.0021362,0.009613,-0.0047509,0.0064087,2.5012,4.9789,0.00030518
0.0062561,0.012512,-0.0047509,0.0064087,2.5018,4.9783,0
0.0032043,0.012665,-0.0042758,0.0067139,2.5018,4.9783,-0.00030518
0.0036621,0.012054,-0.0047509,0.0068665,2.5006,4.9786,0.00030518
0.0088501,0.011749,-0.0042758,0.0047302,2.5009,4.9789,0.00030518
0.002594,0.011749,-0.0033257,0.0012207,2.5006,4.9786,-0.00030518
0.0071716,0.011597,-0.0047509,-0.00015259,2.5018,4.9789,0.00030518
0.0030518,0.011749,-0.0047509,0.0015259,2.5021,4.9789,0
0.00076294,0.0093079,-0.0047509,0.0047302,2.5015,4.9783,0
-0.0015259,0.0074768,-0.005226,0.004425,2.5009,4.9783,0.00030518
-0.0010681,0.0068665,-0.005226,0.00076294,2.5012,4.9792,0.00091553
0.002594,0.0059509,-0.0038007,-0.0045776,2.5006,4.9789,0.00030518
0.0053406,0.0047302,-0.0042758,-0.010071,2.5012,4.9792,0
0.0074768,0.0021362,-0.0042758,-0.012207,2.4997,4.9796,0
0.010986,0.0021362,-0.0042758,-0.012817,2.5018,4.9792,-0.00030518
0.005188,0.0033569,-0.0038007,-0.011444,2.5006,4.9777,0.00061035
0.012054,0.0056458,-0.0042758,-0.009613,2.5,4.9789,0
0.012665,0.0064087,-0.0042758,-0.0039673,2.5006,4.9786,-0.00030518
0.0054932,0.0041199,-0.0042758,0.0053406,2.5024,4.9792,0
-0.0076294,0.00015259,-0.005701,0.01236,2.5006,4.9783,0.00030518
-0.010071,-0.0022888,-0.005226,0.007782,2.5021,4.9786,-0.00061035
-0.0015259,-0.00061035,-0.0047509,0.00030518,2.5021,4.9783,0.00030518
0.0033569,0.0021362,-0.0042758,-0.0036621,2.5015,4.9792,0.00061035
0.005188,0.0027466,-0.0033257,-0.0053406,2.5012,4.9792,-0.00030518
0.0041199,0.00015259,-0.0047509,-0.0047302,2.5009,4.9792,-0.00061035
0.0036621,-0.0012207,-0.0042758,-0.0022888,2.5012,4.9796,0
0.021362,0.00030518,-0.0047509,-0.00045776,2.5012,4.9792,0
0.024414,-0.00076294,-0.0042758,0.0012207,2.5018,4.9762,0
0.016632,-0.0047302,-0.0042758,0.0036621,2.5009,4.9759,-0.00061035
0.011139,-0.0073242,-0.0042758,0.0059509,2.5018,4.9741,-0.00061035
0.0082397,-0.0083923,-0.0047509,0.0073242,2.5012,4.9741,0
0.0062561,-0.0082397,-0.0047509,0.010529,2.5027,4.9744,0.00030518
0.004425,-0.007019,-0.0033257,0.014496,2.5006,4.975,0
-0.00045776,-0.0062561,-0.005226,0.014496,2.5015,4.9747,0.00030518
-0.0071716,-0.0067139,-0.0042758,0.013275,2.5009,4.9747,-0.00030518
-0.019073,-0.0056458,-0.005226,0.015869,2.5009,4.9738,-0.00030518
-0.016327,-0.0013733,-0.005226,0.020447,2.5015,4.975,0.00030518
-0.0093079,0.0018311,-0.0042758,0.025482,2.5009,4.9759,0.00030518
-0.002594,0.0057983,-0.0038007,0.024567,2.5009,4.9759,0.00061035
0.00030518,0.005188,-0.0047509,0.020752,2.5009,4.9762,0.00030518
0.0024414,0.0045776,-0.0042758,0.016174,2.5018,4.9759,-0.00061035
0.004425,0.0083923,-0.0033257,0.013733,2.5003,4.9774,0.00061035
-0.0015259,0.010834,-0.0047509,0.014038,2.5006,4.9783,-0.00030518
-0.0074768,0.0097656,-0.0042758,0.016785,2.5012,4.9786,-0.00091553
-0.010376,0.0039673,-0.0038007,0.015717,2.5003,4.9796,0
-0.012817,-0.00076294,-0.005226,0.0076294,2.5015,4.9783,0.00030518
0.0032043,-0.0033569,-0.0047509,-0.0013733,2.5015,4.9786,0.00030518
0.0027466,-0.0085449,-0.0033257,-0.0039673,2.5018,4.9783,0.00061035
-0.0091553,-0.010986,-0.0042758,-0.0016785,2.5009,4.9792,0
-0.0083923,-0.0099182,-0.0042758,0.0012207,2.5003,4.9792,0.00061035
-0.0030518,-0.0085449,-0.0042758,0.0048828,2.5018,4.9799,0
0.00076294,-0.0057983,-0.0038007,0.0065613,2.5015,4.9792,0.00030518
0.026703,-0.0038147,-0.0038007,0.007782,2.5018,4.9789,-0.00030518
0.045929,-0.0033569,-0.0033257,0.0032043,2.5009,4.9786,0
0.02121,-0.0019836,-0.0038007,-0.00076294,2.5009,4.978,0.00061035
-0.028992,0.00015259,-0.0042758,0.007019,2.5003,4.9786,0
-0.03006,0.00030518,-0.0047509,0.01358,2.5015,4.978,0
-0.018463,-0.0015259,-0.0047509,0.013733,2.5009,4.9789,0.00061035
-0.016479,-0.00045776,-0.0042758,0.010071,2.5024,4.9786,0.00030518
-0.018616,0.0010681,-0.0047509,0.0030518,2.5009,4.9796,0
-0.02182,0.0038147,-0.0042758,0.00061035,2.5018,4.9792,-0.00030518
-0.017548,0.002594,-0.005226,0.00030518,2.5015,4.9792,0
-0.0091553,-0.00076294,-0.0047509,-0.0019836,2.5003,4.9783,0
-0.0073242,-0.0027466,-0.0047509,-0.0047302,2.5012,4.9792,-0.00030518
-0.011444,-0.0030518,-0.0047509,-0.0082397,2.5009,4.9792,0.00030518
-0.016632,-0.0032043,-0.0047509,-0.0073242,2.5009,4.9789,0.00061035
-0.0022888,-0.0019836,-0.0042758,-0.0012207,2.5027,4.9786,0.00061035
0.0021362,0,-0.0042758,0.0028992,2.5012,4.9792,0
-0.00076294,0.00045776,-0.0042758,0.0038147,2.5021,4.9783,-0.00030518
-0.0032043,-0.00030518,-0.0047509,0.0022888,2.5012,4.9792,0.00030518
-0.0016785,-0.00091553,-0.0042758,0.0019836,2.5021,4.9796,0.00061035
-0.004425,-0.00091553,-0.0042758,0.0012207,2.5009,4.9789,0.00030518
-0.0013733,-0.0015259,-0.0028506,-0.0013733,2.5015,4.978,-0.00030518
0.010834,-0.0012207,-0.005226,-0.00076294,2.5006,4.9792,-0.00030518
0.009613,0,-0.005226,0.00045776,2.5003,4.9796,-0.00061035
-0.0074768,0.0024414,-0.0038007,-0.0019836,2.5012,4.9783,0
0.0019836,0.0036621,-0.005226,-0.0045776,2.5018,4.9789,-0.00061035
0.015411,0.0038147,-0.0038007,-0.0057983,2.5009,4.9786,0
0.015411,0.0030518,-0.0047509,-0.0067139,2.5027,4.978,0
0.0094604,0.0021362,-0.0042758,-0.004425,2.5009,4.9789,0.00061035
0.010834,-0.00045776,-0.0033257,-0.0028992,2.5009,4.9789,-0.00030518
0.012054,-0.0045776,-0.0047509,-0.00015259,2.5018,4.9792,0.00061035
0.0036621,-0.0082397,-0.0042758,0.0013733,2.5009,4.9796,0
-0.0030518,-0.0076294,-0.0042758,0.0016785,2.5018,4.9786,-0.00030518
-0.0024414,-0.0065613,-0.0038007,0.0019836,2.5015,4.9786,0.00030518
-0.0042725,-0.0059509,-0.0042758,0.0016785,2.5012,4.978,0
-0.00091553,-0.0065613,-0.0038007,0.0019836,2.5003,4.9792,0.00030518
-0.0010681,-0.0068665,-0.0033257,0.0021362,2.5009,4.9796,0.00030518
-0.0045776,-0.0068665,-0.0033257,0.0027466,2.5012,4.9786,-0.00030518
-0.009613,-0.0074768,-0.0047509,0.00076294,2.5024,4.9786,0
-0.012054,-0.0038147,-0.0038007,-0.00015259,2.5006,4.9789,0
-0.014496,-0.00076294,-0.0042758,0,2.5012,4.9789,0.00030518
-0.011444,-0.0015259,-0.0033257,0.0022888,2.5003,4.9792,0.00030518
-0.0097656,-0.0027466,-0.0042758,0.00015259,2.5015,4.9786,-0.00030518
-0.0085449,-0.0019836,-0.0038007,-0.0013733,2.5021,4.9792,0
-0.0090027,-0.0010681,-0.005226,-0.00076294,2.5015,4.9771,0
0.0035095,0.00015259,-0.0042758,0.0016785,2.5021,4.9792,-0.00061035
0.0030518,0.00045776,-0.0047509,0.0054932,2.5015,4.9796,0.00030518
-0.0048828,-0.00045776,-0.005226,0.0082397,2.5006,4.9796,-0.00030518
-0.0073242,0.0015259,-0.0033257,0.0082397,2.5003,4.9792,-0.00030518
-0.0073242,0.0054932,-0.0042758,0.0028992,2.5009,4.9789,0.0012207
-0.0080872,0.0099182,-0.0038007,-0.0041199,2.5015,4.9792,0
0.0030518,0.0086975,-0.0042758,-0.0079346,2.5012,4.9789,-0.00030518
0.047607,0.0073242,-0.0042758,-0.0053406,2.5012,4.9799,-0.00061035
0.072937,0.007782,-0.005226,-0.0041199,2.5012,4.9792,0
0.027008,0.0064087,-0.005226,-0.007019,2.5009,4.9811,0
-0.0045776,0.005188,-0.0042758,-0.011139,2.5012,4.9796,-0.00030518
-0.0030518,0.0033569,-0.005226,-0.014648,2.5009,4.9762,0.00091553
-0.0027466,0.0030518,-0.0042758,-0.016785,2.5015,4.9753,0.00030518
-0.0048828,0.0067139,-0.0047509,-0.019836,2.5012,4.9744,-0.00030518
-0.0027466,0.010681,-0.0042758,-0.022278,2.5009,4.9741,0.00030518
0.0012207,0.0083923,-0.0047509,-0.018616,2.5018,4.9744,0
0.0018311,0.0085449,-0.0033257,-0.0090027,2.5012,4.9753,-0.00061035
-0.00045776,0.011749,-0.0033257,-0.00015259,2.5009,4.975,0.00030518
-0.0032043,0.011597,-0.0047509,0.0016785,2.5012,4.9744,-0.00091553
-0.0080872,0.0085449,-0.0042758,0.00076294,2.5012,4.9731,0.00030518
-0.0015259,0.0061035,-0.0042758,0.0030518,2.5009,4.9753,0.00061035
-0.0032043,0.0033569,-0.0047509,0.0050354,2.5009,4.9759,0.00030518
-0.007782,0.0033569,-0.0042758,0.010071,2.5006,4.9762,0.00061035
-0.0090027,0.0027466,-0.0042758,0.01709,2.5012,4.9756,0.00030518
-0.0074768,-0.00030518,-0.0047509,0.024109,2.5006,4.9765,-0.00030518
-0.004425,-0.0013733,-0.0047509,0.022888,2.5018,4.978,-0.00030518
-0.0038147,0.00030518,-0.0038007,0.020599,2.5018,4.9792,0.00030518
-0.0041199,0.00030518,-0.0047509,0.020599,2.5009,4.9786,-0.00061035
-0.0064087,-0.0016785,-0.0047509,0.019836,2.5021,4.9783,0
-0.012207,-0.0015259,-0.0038007,0.019836,2.5009,4.9789,0
-0.002594,-0.00015259,-0.0042758,0.020142,2.5009,4.9786,0.00030518
-0.0033569,0.0032043,-0.0033257,0.016479,2.5018,4.9786,0.00030518
-0.0064087,0.0041199,-0.0047509,0.013885,2.5009,4.9789,0.00091553
-0.0047302,0.0057983,-0.0042758,0.016785,2.5012,4.9792,0.00091553
-0.0080872,0.0074768,-0.0033257,0.018616,2.5015,4.9777,-0.00030518
-0.012207,0.0048828,-0.0038007,0.019836,2.5012,4.9792,0
-0.012207,0.0024414,-0.0042758,0.022888,2.5021,4.9789,0.00030518
-0.0097656,0.0028992,-0.005226,0.024414,2.5021,4.9792,0
-0.0076294,0.0035095,-0.0047509,0.018158,2.5015,4.9786,-0.00091553
-0.011292,0.0053406,-0.0047509,0.0062561,2.5018,4.9786,0
-0.0039673,0.007019,-0.0047509,-0.0027466,2.5012,4.978,0.00030518
-0.0074768,0.0088501,-0.0047509,-0.0013733,2.5015,4.9783,0.00030518
-0.021515,0.0091553,-0.0042758,0.0050354,2.5021,4.9792,-0.00030518
-0.025635,0.0094604,-0.0033257,0.0062561,2.5015,4.9789,0
-0.023346,0.0090027,-0.0038007,0.0059509,2.5018,4.9802,0.00061035
-0.017242,0.0094604,-0.0047509,0.0090027,2.5018,4.9789,0.00030518
-0.0091553,0.0090027,-0.005701,0.016479,2.5006,4.9783,0
-0.0177,0.0093079,-0.005226,0.016632,2.5024,4.9777,0.00061035
-0.022583,0.0091553,-0.0047509,0.012054,2.5009,4.9783,0
-0.024872,0.0093079,-0.0042758,0.0090027,2.5006,4.9789,-0.00061035
-0.0079346,0.0091553,-0.0038007,0.0041199,2.5009,4.9789,0.00030518
-0.0036621,0.0091553,-0.0042758,0.0033569,2.5018,4.9789,0
-0.010529,0.0090027,-0.0047509,0.0065613,2.5012,4.9789,0
-0.013275,0.0091553,-0.005226,0.0062561,2.5021,4.9792,0.00030518
-0.011444,0.0091553,-0.005226,0.0027466,2.5006,4.9789,-0.00061035
-0.011139,0.0091553,-0.0042758,-0.00076294,2.5012,4.9792,0.00030518
-0.010529,0.0090027,-0.0042758,0.00015259,2.5012,4.9792,0.00030518
-0.0085449,0.0090027,-0.0042758,0.0074768,2.5015,4.9792,0.00030518
-0.0027466,0.0091553,-0.0042758,0.011749,2.5018,4.9796,0.00030518
0.0032043,0.0093079,-0.0042758,0.012665,2.5015,4.9792,0.00030518
0.0021362,0.0091553,-0.0042758,0.017548,2.5021,4.9786,0.00030518
-0.011597,0.0090027,-0.0042758,0.02182,2.5009,4.9796,0.00030518
-0.018463,0.009613,-0.0042758,0.021362,2.5009,4.9789,0.00030518
-0.014954,0.0028992,-0.005226,0.019379,2.5009,4.978,0.00030518
-0.011292,-0.0061035,-0.0047509,0.021667,2.5012,4.9786,-0.00030518
-0.020752,-0.012665,-0.005226,0.022736,2.5003,4.9786,0
-0.024872,-0.016937,-0.005226,0.018768,2.5012,4.9796,-0.00030518
-0.028839,-0.014648,-0.0042758,0.013733,2.5009,4.9783,0
-0.023804,-0.011597,-0.005226,0.010376,2.5012,4.9792,-0.00061035
-0.0091553,-0.011902,-0.005226,0.0094604,2.5012,4.9799,0.00030518
-0.0036621,-0.011292,-0.0047509,0.0093079,2.5015,4.9777,0
-0.012817,-0.0091553,-0.0042758,0.010834,2.5012,4.9792,0
-0.01236,-0.0074768,-0.0042758,0.012665,2.5021,4.9786,-0.00030518
0.0018311,-0.0062561,-0.0047509,0.011444,2.5021,4.9786,0.00061035
0.0028992,-0.0068665,-0.0042758,0.015717,2.5009,4.9789,0.00030518
-0.010529,-0.0076294,-0.0042758,0.022125,2.5012,4.9783,-0.00030518
-0.01709,-0.0080872,-0.0042758,0.022278,2.5018,4.9792,0
-0.0085449,-0.0076294,-0.0042758,0.020599,2.5018,4.9792,0.00030518
0.0028992,-0.0062561,-0.0042758,0.022583,2.5006,4.9789,-0.00030518
0.0076294,-0.002594,-0.0042758,0.023346,2.5021,4.9777,0.00030518
0.019836,-0.00015259,-0.0047509,0.02182,2.5009,4.9796,-0.00030518
0.016785,0.0013733,-0.0047509,0.020294,2.5012,4.9789,0
0.010681,0.0018311,-0.005226,0.019073,2.5009,4.9786,0.00061035
0.0177,0.0028992,-0.0033257,0.0177,2.5018,4.9789,0
0.020294,0.0030518,-0.0047509,0.017853,2.5003,4.9789,0.00030518
0.01297,0.0030518,-0.0047509,0.022125,2.5012,4.9792,-0.00061035
0.0059509,0.0056458,-0.0042758,0.02594,2.5018,4.9789,-0.00030518
0.0050354,0.0093079,-0.0047509,0.022888,2.5015,4.9786,0
0.0064087,0.013428,-0.0047509,0.019226,2.5015,4.9802,0.00091553
-0.0012207,0.01297,-0.0042758,0.017853,2.5009,4.9789,0
0.011749,0.0057983,-0.0047509,0.013885,2.5012,4.9792,0
0.027466,0.00045776,-0.0047509,0.010834,2.5021,4.9753,-0.00061035
0.026093,-0.00045776,-0.0061761,0.01358,2.5012,4.9725,0.00030518
0.018921,-0.00045776,-0.0042758,0.019531,2.5009,4.9707,-0.00030518
0.017548,-0.0016785,-0.0047509,0.024872,2.5012,4.9701,0.00061035
0.018768,-0.0030518,-0.005226,0.027313,2.5003,4.9698,0.00030518
0.017853,-0.0032043,-0.0042758,0.026855,2.5012,4.9704,-0.00030518
0.018921,-0.0010681,-0.005226,0.023499,2.5006,4.9704,0.00030518
0.024109,0.0022888,-0.0047509,0.024261,2.5015,4.9695,0.00061035
0.016937,0.0035095,-0.0042758,0.028534,2.5018,4.9698,0.00061035
0.011139,0.0028992,-0.0042758,0.036469,2.5015,4.9716,0.00030518
0.011902,0,-0.0047509,0.0383,2.5009,4.9725,-0.00030518
0.04425,-0.0036621,-0.0038007,0.036774,2.5024,4.9731,0.00061035
0.084686,-0.0062561,-0.0033257,0.03418,2.5012,4.9738,-0.00030518
0.046539,-0.0059509,-0.0042758,0.028534,2.5018,4.9738,0
-0.011292,-0.002594,-0.0042758,0.023651,2.5009,4.9765,0.00061035
-0.020905,-0.0010681,-0.0038007,0.019684,2.5018,4.9777,0.00030518
-0.0053406,-0.00091553,-0.0042758,0.014801,2.5015,4.9774,0
0.0028992,0.00045776,-0.0042758,0.0082397,2.5012,4.9777,0.00091553
-0.0082397,0.0013733,-0.0042758,0.0080872,2.5012,4.9789,0.00061035
-0.0033569,0.0018311,-0.0042758,0.015106,2.5015,4.9783,0.00030518
-0.0038147,0.0015259,-0.0061761,0.017853,2.5003,4.9789,0.00061035
-0.0057983,-0.00030518,-0.0042758,0.015106,2.5015,4.9786,0.00061035
-0.0059509,-0.00015259,-0.0042758,0.010681,2.5021,4.9786,0.00030518
-0.010071,0.0022888,-0.005701,0.0061035,2.5009,4.9786,0.0012207
-0.013733,0.0015259,-0.0042758,0.0027466,2.5015,4.9796,0.00061035
-0.0085449,0.00076294,-0.0047509,0.00030518,2.5012,4.9786,-0.00030518
0.0018311,0.0013733,-0.0038007,-0.0036621,2.5015,4.9786,-0.00030518
-0.0012207,-0.00061035,-0.0047509,-0.0047302,2.5015,4.9783,0
-0.0064087,-0.0033569,-0.0042758,-0.0021362,2.5012,4.9774,0
0.0080872,-0.0030518,-0.0047509,-0.0016785,2.5018,4.9792,0.00030518
0.015411,0.0016785,-0.0042758,-0.005188,2.5018,4.9792,0.00091553
0.01236,0.0053406,-0.0042758,-0.010834,2.5015,4.9783,0.00030518
0.0088501,0.0030518,-0.0047509,-0.010376,2.5009,4.9792,0.00030518
0.0074768,-0.00076294,-0.0047509,-0.0036621,2.5012,4.9789,0.0015259
0.0061035,-0.0013733,-0.0042758,0.0019836,2.5015,4.9796,0.00061035
0.0067139,-0.00091553,-0.0042758,0.0033569,2.5012,4.9792,0.00061035
0.0079346,-0.0015259,-0.0042758,0,2.5015,4.9786,0.00030518
0.0079346,-0.0030518,-0.005226,-0.0056458,2.5018,4.9783,0.00061035
0.0065613,-0.0016785,-0.0033257,-0.010223,2.5012,4.9789,0.00030518
0.022583,-0.0019836,-0.0042758,-0.0091553,2.5006,4.9792,-0.00061035
0.028229,-0.0028992,-0.0047509,-0.0080872,2.5018,4.9796,0
0.023804,-0.0027466,-0.0042758,-0.0061035,2.5015,4.9789,0.00030518
0.014191,-0.0041199,-0.0042758,-0.0033569,2.5018,4.9786,0.00030518
0.010834,-0.0032043,-0.0042758,0.0018311,2.5006,4.9789,-0.00091553
0.010986,-0.00030518,-0.0042758,0.0033569,2.5021,4.9789,0
0.0090027,0.00015259,-0.0042758,0.0015259,2.5003,4.9792,0.00030518
0.0076294,-0.00030518,-0.0042758,0.0012207,2.5009,4.9792,-0.00030518
0.0038147,-0.00045776,-0.0038007,0.0015259,2.5009,4.9799,0.00030518
-0.004425,-0.0024414,-0.0047509,0.0019836,2.5021,4.9777,-0.00030518
0.011902,-0.0048828,-0.0047509,0.0036621,2.5009,4.9786,0.00061035
0.016632,-0.0022888,-0.0042758,0.0038147,2.5006,4.9783,-0.00030518
0.0073242,0.00061035,-0.0061761,0.0045776,2.5012,4.9789,0.00061035
0.0062561,0.0018311,-0.0042758,0.0061035,2.5012,4.9786,-0.00030518
0.0042725,0.0028992,-0.0038007,0.010376,2.5012,4.9786,0.00061035
-0.0016785,0.0028992,-0.0042758,0.013733,2.5018,4.9792,0
-0.0062561,0.0021362,-0.005226,0.01297,2.5012,4.9789,-0.00030518
-0.0079346,0.0039673,-0.0042758,0.0094604,2.5015,4.9789,0.00030518
-0.0079346,0.0039673,-0.0042758,0.0016785,2.5015,4.9789,0.00061035
-0.013885,0.0015259,-0.0042758,-0.0076294,2.5003,4.9777,0
-0.0050354,0.00076294,-0.005701,-0.0094604,2.5018,4.9774,-0.00030518
-0.0068665,0.0024414,-0.0047509,-0.0053406,2.5006,4.9762,0.00030518
-0.016174,0.0015259,-0.0042758,-0.0024414,2.5021,4.9762,0.00030518
-0.016174,-0.00091553,-0.0047509,-0.005188,2.5003,4.9753,0
-0.0079346,-0.0022888,-0.0042758,-0.010071,2.5003,4.9762,0.00030518
-0.010376,-0.0030518,-0.005226,-0.010529,2.5,4.9762,-0.00091553
-0.014191,-0.0019836,-0.0042758,-0.011749,2.5012,4.9768,0.00030518
-0.011139,-0.0010681,-0.005226,-0.019073,2.5009,4.9759,0
0,-0.0028992,-0.0042758,-0.02655,2.5009,4.9762,-0.00061035
0.0012207,-0.0045776,-0.0042758,-0.026703,2.5012,4.9771,-0.00030518
0.0022888,-0.0024414,-0.0042758,-0.023041,2.5021,4.9765,-0.00061035
-0.0085449,0.00076294,-0.0047509,-0.023193,2.5012,4.9774,-0.00061035
-0.0088501,0.0016785,-0.0042758,-0.026245,2.5021,4.9768,0.00030518
0.00015259,0.0030518,-0.005226,-0.029755,2.5012,4.9774,0.00030518
0.0038147,0.0038147,-0.0038007,-0.027924,2.5031,4.978,0.00030518
0.0039673,0.0054932,-0.0047509,-0.031128,2.5021,4.9777,0.00030518
0.028992,0.0053406,-0.005226,-0.036163,2.5012,4.9771,0.00061035
0.056763,0.004425,-0.0042758,-0.041656,2.5012,4.9774,-0.00030518
0.019989,0.0054932,-0.0047509,-0.042419,2.5015,4.9774,0.00030518
-0.020142,0.0074768,-0.0042758,-0.040131,2.5009,4.9796,0.00030518
-0.0071716,0.0091553,-0.0042758,-0.037537,2.5012,4.9789,0
0.0045776,0.011292,-0.0042758,-0.037079,2.5021,4.9762,-0.00030518
0.0013733,0.01236,-0.0042758,-0.036469,2.5009,4.9741,0
-0.0010681,0.0083923,-0.005701,-0.033112,2.5018,4.9744,-0.00061035
0.0083923,0.0038147,-0.0042758,-0.026245,2.5003,4.9747,0
0.0074768,0.0013733,-0.0042758,-0.021362,2.5024,4.9744,-0.00061035
-0.0021362,0.00061035,-0.0042758,-0.018616,2.5009,4.9753,-0.00030518
-0.0074768,0.0016785,-0.0047509,-0.017395,2.5018,4.9756,0
-0.0071716,0.0015259,-0.0042758,-0.014801,2.5015,4.9744,0.00061035
-0.011292,0.0018311,-0.0038007,-0.015106,2.5021,4.9747,0
-0.0027466,0.00030518,-0.0047509,-0.016785,2.5012,4.9747,-0.00091553
0.0024414,0.00091553,-0.0038007,-0.016022,2.5009,4.9756,0.00030518
0.005188,-0.00076294,-0.0042758,-0.016174,2.5012,4.975,-0.00061035
0.0047302,-0.0035095,-0.0038007,-0.020294,2.5015,4.9762,0.00061035
0.0065613,-0.004425,-0.0047509,-0.023346,2.5018,4.9759,0.00061035
0.0074768,-0.0054932,-0.0042758,-0.02121,2.5,4.9777,0
0.0015259,-0.009613,-0.0042758,-0.017242,2.5009,4.9783,0
-0.00091553,-0.009613,-0.0042758,-0.015411,2.5015,4.9789,0
-0.00076294,-0.007782,-0.005226,-0.011749,2.5009,4.9783,-0.00030518
-0.0094604,-0.0059509,-0.0042758,-0.0083923,2.5024,4.9786,-0.00061035
-0.0083923,-0.0042725,-0.0047509,-0.002594,2.5021,4.9786,0.00030518
-0.011444,-0.004425,-0.0042758,0.0018311,2.5009,4.9783,-0.00061035
-0.015717,-0.0065613,-0.005226,0.002594,2.5021,4.9786,0.00091553
-0.011749,-0.0079346,-0.0042758,0.0036621,2.5003,4.9786,0.00061035
-0.0074768,-0.0057983,-0.0042758,0.0019836,2.5009,4.9792,0.00030518
-0.009613,-0.0027466,-0.0038007,-0.0010681,2.5012,4.9789,0
-0.010223,-0.0010681,-0.0047509,-0.00061035,2.5018,4.9783,-0.00030518
-0.010223,-0.0027466,-0.005701,0.0016785,2.5012,4.9792,-0.00030518
-0.015106,-0.0027466,-0.0047509,-0.0015259,2.5,4.9792,0
-0.022888,-0.0010681,-0.0047509,-0.005188,2.5006,4.978,0
-0.009613,-0.0019836,-0.005701,-0.004425,2.5012,4.9786,0
-0.0018311,-0.0027466,-0.005226,-0.004425,2.5006,4.9789,0
-0.0079346,-0.0018311,-0.0042758,-0.0082397,2.5021,4.9789,-0.00030518
-0.014954,-0.00091553,-0.0042758,-0.011139,2.5015,4.9783,0
-0.016479,-0.00076294,-0.0038007,-0.010681,2.5003,4.9789,-0.00091553
-0.01709,-0.0010681,-0.0042758,-0.0085449,2.5018,4.9789,-0.00061035
-0.018311,-0.00061035,-0.0042758,-0.0062561,2.5012,4.9792,0.00030518
-0.018158,-0.00076294,-0.0047509,-0.0028992,2.5012,4.9789,0.00061035
-0.015411,-0.00091553,-0.0047509,-0.0022888,2.5018,4.9783,0.00061035
-0.015259,-0.00076294,-0.0047509,-0.0016785,2.5009,4.9786,0.00030518
-0.0019836,-0.00061035,-0.005226,-0.0030518,2.5015,4.9777,0.00030518
0.0036621,-0.00061035,-0.0033257,-0.0082397,2.5018,4.9777,-0.00030518
0.0033569,-0.00076294,-0.0042758,-0.011902,2.5012,4.9771,0
0.0030518,-0.0030518,-0.0038007,-0.0094604,2.5015,4.9768,0
0.004425,-0.0050354,-0.0038007,-0.0048828,2.5018,4.9771,0.00030518
0.0050354,-0.0054932,-0.0038007,-0.002594,2.5015,4.9768,0.00030518
0.0053406,-0.0035095,-0.0047509,-0.0074768,2.5012,4.9768,0
0.0073242,-0.00045776,-0.0042758,-0.0073242,2.5006,4.9765,-0.00030518
0.0090027,0.002594,-0.0047509,-0.0032043,2.5003,4.9768,0
0.0028992,0.005188,-0.0047509,0.00030518,2.5012,4.9771,0
0.010223,0.0062561,-0.0042758,0.0015259,2.5012,4.9777,-0.00061035
0.0091553,0.0065613,-0.0038007,0.0015259,2.5015,4.9771,-0.00030518
0.005188,0.0080872,-0.0028506,0.00015259,2.5006,4.9765,0
0.0065613,0.0067139,-0.0042758,0.00061035,2.5006,4.9771,0.00061035
0.0085449,0.002594,-0.0042758,0.0068665,2.5009,4.9783,0.00030518
0.0065613,-0.0030518,-0.0047509,0.01297,2.5018,4.9777,0
0.0073242,-0.0090027,-0.0047509,0.012665,2.5009,4.978,0
0.0091553,-0.013275,-0.0042758,0.011597,2.5021,4.9786,-0.00061035
0.0083923,-0.015717,-0.0047509,0.009613,2.5009,4.9786,-0.00030518
0.0021362,-0.015106,-0.0042758,0.007782,2.5015,4.9789,-0.00030518
0.0085449,-0.010529,-0.005226,0.0076294,2.5,4.9789,-0.00030518
0.007019,-0.0079346,-0.0047509,0.012054,2.5006,4.9792,0.00030518
-0.0038147,-0.0067139,-0.0042758,0.016174,2.5009,4.9789,0
-0.0071716,-0.0036621,-0.0047509,0.01297,2.5012,4.9792,0
-0.0088501,-0.002594,-0.0042758,0.0080872,2.5009,4.9789,0.00030518
-0.010529,-0.0027466,-0.0042758,0.010376,2.5021,4.9789,-0.00030518
-0.0059509,-0.0016785,-0.0042758,0.013275,2.5009,4.9789,0
0.00045776,-0.0019836,-0.0042758,0.01709,2.5018,4.9789,0
0.0027466,-0.00030518,-0.005226,0.018616,2.5021,4.9786,0.00061035
-0.00045776,0.0012207,-0.0038007,0.018921,2.5009,4.9783,0.00061035
0.011444,0.0019836,-0.0047509,0.019226,2.5024,4.9783,-0.00030518
0.012054,0.0038147,-0.005226,0.017242,2.5021,4.9786,0.00061035
0.004425,0.0059509,-0.005226,0.015259,2.5009,4.9789,0
-0.0015259,0.0076294,-0.0038007,0.016327,2.5009,4.9789,-0.00030518
-0.0068665,0.010223,-0.0042758,0.018616,2.5012,4.9799,0.00061035
-0.011749,0.0082397,-0.0028506,0.022278,2.5003,4.9796,0
-0.010834,0.0030518,-0.0038007,0.023499,2.5012,4.9792,0.00030518
-0.0019836,0.0012207,-0.005701,0.025024,2.5012,4.9789,-0.00061035
0.00091553,0.0035095,-0.0042758,0.022888,2.5012,4.9789,0
-0.0016785,0.0093079,-0.0042758,0.022125,2.5009,4.9796,0.00030518
0.004425,0.013123,-0.0061761,0.022125,2.5018,4.9789,0.00061035
0.00091553,0.015106,-0.005226,0.025024,2.5009,4.9756,-0.00030518
-0.0082397,0.016174,-0.0042758,0.025787,2.5009,4.9744,0.00061035
-0.0083923,0.019989,-0.0038007,0.026398,2.5021,4.9744,0
-0.004425,0.02182,-0.005226,0.025024,2.5018,4.9744,0.00030518
-0.0028992,0.021973,-0.0042758,0.024414,2.5018,4.9741,-0.00030518
0.0054932,0.017548,-0.0042758,0.025482,2.5015,4.975,0.00091553
0.015259,0.0073242,-0.005226,0.027313,2.5006,4.9747,0
0.0062561,-0.0018311,-0.0042758,0.032349,2.5015,4.9756,0.00091553
-0.0056458,-0.010223,-0.005226,0.037842,2.5006,4.9731,0.00030518
0.0074768,-0.012512,-0.0047509,0.038605,2.5012,4.9753,0
-0.0073242,-0.011292,-0.0042758,0.034485,2.5006,4.9762,0.00061035
-0.012054,-0.010376,-0.0042758,0.029297,2.5012,4.9759,-0.00061035
0.017242,-0.010376,-0.0038007,0.027313,2.5009,4.9762,0.00061035
0.058441,-0.010834,-0.0042758,0.027771,2.5012,4.9759,0.00030518
0.065613,-0.010681,-0.0047509,0.027161,2.5015,4.9768,-0.00091553
0.044861,-0.010529,-0.0042758,0.027771,2.5021,4.9771,0.00030518
0.033722,-0.010071,-0.005226,0.026703,2.5018,4.9768,-0.00030518
-0.00045776,-0.010681,-0.0042758,0.025024,2.5015,4.9768,0
-0.031586,-0.010529,-0.0042758,0.024414,2.5018,4.9762,-0.00091553
-0.023499,-0.010376,-0.005226,0.025635,2.5012,4.9768,-0.00030518
-0.018921,-0.010529,-0.0042758,0.026245,2.5021,4.9762,-0.00091553
-0.02182,-0.010681,-0.005226,0.023956,2.5009,4.9765,0
-0.021973,-0.010529,-0.0042758,0.021057,2.5018,4.9756,-0.00061035
-0.019226,-0.010681,-0.0047509,0.02121,2.5009,4.9768,0
-0.02182,-0.010529,-0.0047509,0.022888,2.5012,4.9765,0.00061035
-0.02121,-0.010376,-0.0042758,0.023804,2.5009,4.9774,-0.00030518
-0.016785,-0.010223,-0.0047509,0.019989,2.5015,4.9771,0.00030518
-0.016785,-0.010376,-0.0047509,0.015106,2.5012,4.9768,0
-0.024872,-0.010529,-0.0042758,0.015869,2.5012,4.9765,-0.00091553
-0.01297,-0.010529,-0.0042758,0.018005,2.5015,4.9774,-0.00030518
-0.010986,-0.010529,-0.005226,0.020294,2.5012,4.9774,0
-0.018158,-0.010681,-0.0038007,0.023346,2.5012,4.9783,-0.00030518
-0.016785,-0.010529,-0.005226,0.025024,2.5015,4.9792,0.00061035
-0.016937,-0.010529,-0.005226,0.027008,2.5006,4.9792,0
-0.018158,-0.010529,-0.0047509,0.031433,2.5015,4.9796,0.00061035
-0.015717,-0.010376,-0.0042758,0.034485,2.5012,4.9786,0
-0.01236,-0.00045776,-0.005226,0.033112,2.5009,4.9789,0
-0.011139,0.0094604,-0.0047509,0.033264,2.5009,4.9786,0.00030518
-0.0099182,0.014343,-0.0042758,0.031738,2.5006,4.9783,0
0.0041199,0.014038,-0.0047509,0.027618,2.5009,4.9802,0.00030518
0.0061035,0.01236,-0.0042758,0.023804,2.5021,4.9805,0.00061035
-0.0047302,0.012665,-0.005226,0.02121,2.5018,4.9802,-0.00030518
-0.011139,0.012665,-0.0047509,0.017853,2.5009,4.9789,0.00030518
-0.0067139,0.011597,-0.005226,0.013428,2.5009,4.9789,-0.00061035
-0.0033569,0.011292,-0.0047509,0.010529,2.5012,4.9789,0.00030518
-0.0093079,0.010681,-0.0047509,0.0088501,2.5012,4.9783,-0.00030518
-0.016785,0.0057983,-0.0042758,0.010529,2.5018,4.9796,0.00091553
-0.021362,0.0018311,-0.005226,0.011902,2.5018,4.9796,-0.00061035
-0.023651,-0.00045776,-0.0042758,0.0073242,2.5012,4.9783,-0.00030518
-0.0076294,-0.0039673,-0.0042758,-0.0028992,2.5021,4.9786,0.00030518
-0.0048828,-0.011597,-0.005226,-0.0097656,2.5012,4.9783,0
-0.0086975,-0.017395,-0.0047509,-0.0085449,2.5018,4.9783,0.00030518
-0.0076294,-0.021057,-0.0042758,-0.0054932,2.5012,4.9783,0.00030518
-0.0028992,-0.023651,-0.0047509,-0.0064087,2.5012,4.9789,0.00030518
-0.0061035,-0.020599,-0.0047509,-0.0047302,2.5006,4.9792,0.00030518
-0.013733,-0.015564,-0.0047509,0.0028992,2.5009,4.9786,0.00030518
-0.018463,-0.01236,-0.0042758,0.0076294,2.5003,4.9789,0.00030518
-0.022888,-0.010986,-0.0042758,0.0088501,2.5009,4.9786,-0.00030518
-0.020294,-0.010376,-0.0047509,0.0091553,2.5009,4.9783,-0.00030518
-0.010223,-0.011597,-0.005701,0.010529,2.5012,4.9789,0
-0.0059509,-0.0093079,-0.0042758,0.007782,2.5012,4.9799,-0.00061035
-0.0056458,-0.0074768,-0.0042758,0.0030518,2.5018,4.9792,0
-0.002594,-0.007782,-0.0042758,-0.0030518,2.5018,4.9783,-0.00061035
-0.007782,-0.0047302,-0.0042758,-0.0064087,2.5018,4.9789,0.00030518
-0.014496,-0.00061035,-0.0047509,-0.0067139,2.5015,4.9786,-0.00061035
-0.016632,0.0012207,-0.0038007,-0.0027466,2.5018,4.9792,0.00030518
-0.015106,-0.00045776,-0.005701,0.00045776,2.5015,4.9786,0
-0.01297,-0.00045776,-0.0047509,0.0038147,2.5003,4.9796,-0.00030518
-0.019989,0.0033569,-0.0042758,0.0068665,2.5006,4.9789,0
-0.013885,0.007019,-0.005226,0.0048828,2.5015,4.9786,0
-0.010986,0.011902,-0.0042758,-0.00061035,2.5018,4.978,-0.00030518
-0.0082397,0.019531,-0.005226,-0.0033569,2.5009,4.978,-0.00030518
0.020599,0.026855,-0.0038007,0,2.5015,4.9771,-0.00030518
0.058899,0.029144,-0.0047509,0.0033569,2.5012,4.9768,0.00030518
0.040588,0.026093,-0.0042758,0.0054932,2.5018,4.9771,0.00030518
-0.0090027,0.016022,-0.0047509,0.004425,2.5006,4.9765,-0.00030518
-0.019531,0.0022888,-0.005226,0.002594,2.5015,4.9771,0.00061035
-0.014191,-0.010071,-0.0042758,0.0018311,2.5015,4.9765,-0.00030518
-0.019073,-0.011902,-0.0061761,0.0088501,2.5018,4.9771,0
-0.010986,-0.0027466,-0.0042758,0.015411,2.5009,4.9768,-0.00030518
-0.0042725,0.0067139,-0.0042758,0.016479,2.5015,4.9725,0
0.018921,0.0094604,-0.0042758,0.014954,2.5003,4.9722,0.00061035
0.013428,0.0076294,-0.0047509,0.01236,2.5006,4.9722,0
-0.01297,0.005188,-0.0042758,0.010071,2.5012,4.9716,-0.00030518
-0.020142,0.0061035,-0.0033257,0.0080872,2.5015,4.9719,0
-0.015259,0.0083923,-0.005226,0.010223,2.5015,4.9722,0.00061035
-0.015259,0.0086975,-0.0047509,0.012207,2.5,4.9731,0
-0.020599,0.0073242,-0.005226,0.016937,2.5018,4.9731,0
-0.023346,0.0048828,-0.0047509,0.019073,2.5018,4.9744,-0.00061035
-0.011139,0.0053406,-0.0047509,0.014954,2.5018,4.9747,-0.00030518
-0.009613,0.0053406,-0.0038007,0.011749,2.5012,4.9756,-0.00030518
-0.015259,0.0021362,-0.0042758,0.0085449,2.5024,4.9753,0.00030518
-0.016327,-0.0019836,-0.0047509,0.0073242,2.5015,4.9765,0
-0.021057,-0.0061035,-0.0047509,0.0064087,2.5021,4.9759,0
-0.028534,-0.0053406,-0.0042758,0.0027466,2.5018,4.9774,0.00030518
-0.023193,-0.0027466,-0.0042758,-0.0030518,2.5018,4.9792,-0.00030518
-0.009613,-0.0018311,-0.0042758,-0.007782,2.5009,4.9789,0
-0.0018311,-0.00045776,-0.005226,-0.0064087,2.5027,4.9786,0.00030518
-0.0028992,0.0045776,-0.0042758,-0.0016785,2.5009,4.9783,0
0.011444,0.0093079,-0.0042758,0.0039673,2.5024,4.978,-0.00030518
0.0074768,0.014343,-0.0047509,0.0074768,2.5006,4.9783,0
-0.0022888,0.017853,-0.0038007,0.0074768,2.5003,4.9792,0
-0.0030518,0.021057,-0.005226,0.0080872,2.5015,4.9796,0
0.0059509,0.023499,-0.0038007,0.0056458,2.5012,4.9789,0.00091553
0.012665,0.023651,-0.0047509,0.0032043,2.5018,4.9783,-0.00030518
0.0054932,0.020294,-0.0047509,0.0033569,2.5012,4.9792,-0.00061035
-0.0054932,0.017242,-0.005226,0.0024414,2.5009,4.9792,0.00030518
-0.013733,0.015411,-0.005226,0.0035095,2.5009,4.9789,0
-0.016785,0.010986,-0.0042758,0.0021362,2.5012,4.9786,-0.00091553
0.012817,0.0045776,-0.0047509,-0.0013733,2.5012,4.9786,0.00030518
0.011292,-0.00076294,-0.0038007,-0.0021362,2.5012,4.9783,-0.00030518
-0.0059509,-0.0047302,-0.0042758,0.00030518,2.5009,4.9792,0.00030518
-0.0071716,-0.0074768,-0.005226,0.0039673,2.5006,4.9789,-0.00030518
-0.0080872,-0.0080872,-0.0047509,0.007019,2.5015,4.9796,-0.0012207
-0.013733,-0.0068665,-0.0042758,0.0056458,2.5015,4.9792,-0.00030518
-0.010986,-0.0068665,-0.0047509,-0.0024414,2.5015,4.9786,0.00030518
0.016022,-0.0076294,-0.0038007,-0.01297,2.5015,4.9789,0.00030518
0.059204,-0.0090027,-0.005226,-0.019073,2.5009,4.9789,0
0.048981,-0.012207,-0.005226,-0.023041,2.5018,4.9796,0.00030518
0.015106,-0.014496,-0.0042758,-0.02182,2.5006,4.9796,0.00061035
-0.0062561,-0.012207,-0.0038007,-0.016174,2.5021,4.9792,0
-0.013733,-0.0059509,-0.005226,-0.012665,2.5018,4.9786,0.00061035
-0.015717,-0.0018311,-0.0047509,-0.014648,2.5027,4.9786,0.00030518
-0.013885,0.0033569,-0.005226,-0.019073,2.5012,4.9792,0
-0.013733,0.0088501,-0.0047509,-0.018158,2.5018,4.9786,0.00030518
-0.013733,0.0067139,-0.0042758,-0.012665,2.5012,4.9792,0.00030518
-0.0094604,-0.00030518,-0.005226,-0.0057983,2.5012,4.9799,0
-0.0015259,-0.004425,-0.0038007,-0.0032043,2.5003,4.9783,0.00030518
-0.0067139,-0.0033569,-0.0033257,0.00045776,2.5021,4.9789,0.00091553
-0.0053406,-0.0013733,-0.0042758,0.00015259,2.5006,4.9792,0.00030518
0.0021362,-0.00076294,-0.0047509,-0.0054932,2.5012,4.9786,0
-0.0015259,-0.00076294,-0.0042758,-0.011749,2.5009,4.9786,-0.00061035
0.005188,0.0015259,-0.0042758,-0.0038147,2.5012,4.978,0
0.010986,0.0045776,-0.0042758,0.0079346,2.5018,4.9774,0
-0.00045776,0.0041199,-0.0042758,0.010986,2.5024,4.9783,0
-0.007019,0.0012207,-0.0047509,0.010376,2.5012,4.978,0
-0.0062561,0.0010681,-0.0042758,0.009613,2.5018,4.9786,0
-0.0076294,0.0038147,-0.0047509,0.013123,2.5015,4.9786,-0.00030518
-0.011292,0.004425,-0.0042758,0.015564,2.5006,4.9783,-0.00061035
-0.0013733,0.007019,-0.0042758,0.016022,2.5018,4.9768,0.00030518
0.0015259,0.0094604,-0.0042758,0.015106,2.5012,4.9771,-0.00030518
-0.0045776,0.0056458,-0.0047509,0.018158,2.5012,4.9768,0.00061035
-0.012207,-0.00015259,-0.0047509,0.02121,2.5006,4.9759,0
-0.019379,0.00091553,-0.0047509,0.02243,2.5012,4.9759,0
-0.025024,0.0041199,-0.005226,0.02533,2.5009,4.9762,0
-0.026093,0.0061035,-0.0038007,0.027924,2.5012,4.9771,-0.00030518
-0.023346,0.0067139,-0.0047509,0.029144,2.5009,4.9756,-0.00061035
-0.026703,0.0088501,-0.0042758,0.033875,2.5018,4.9765,0.00030518
-0.041504,0.013275,-0.0047509,0.043335,2.5012,4.9774,0.00030518
-0.03067,0.015717,-0.0038007,0.04837,2.5012,4.9774,0.00030518
-0.0079346,0.014038,-0.0047509,0.041809,2.5012,4.9774,0
0.011749,0.0090027,-0.0042758,0.035248,2.5018,4.9768,0.00061035
-0.011292,0.0041199,-0.0047509,0.04303,2.5009,4.9777,0.00030518
-0.040741,0,-0.0042758,0.056305,2.5018,4.9786,0.00030518
-0.049896,-0.0022888,-0.0038007,0.06134,2.5012,4.9774,0
-0.055847,-0.0050354,-0.0042758,0.062103,2.5009,4.9777,0.00030518
-0.058594,-0.009613,-0.0042758,0.066376,2.5015,4.9789,0.00030518
-0.068359,-0.012207,-0.0042758,0.072327,2.5015,4.9789,-0.00030518
-0.071259,-0.013123,-0.0042758,0.074615,2.5012,4.9802,-0.00030518
-0.057068,-0.015259,-0.0047509,0.075226,2.5021,4.9786,-0.00030518
-0.056915,-0.018311,-0.0038007,0.078735,2.5018,4.9762,0.00030518
-0.063782,-0.017548,-0.0047509,0.091248,2.5009,4.9756,-0.00061035
-0.069275,-0.012665,-0.0047509,0.10834,2.5006,4.9756,-0.00030518
-0.0737,-0.010071,-0.0042758,0.12436,2.5003,4.975,0.00030518
-0.080414,-0.011139,-0.0042758,0.13947,2.5021,4.975,0
-0.076141,-0.011444,-0.005226,0.15167,2.5012,4.9741,-0.00061035
-0.072479,-0.009613,-0.0042758,0.15915,2.5021,4.9759,-0.00061035
-0.080414,-0.0073242,-0.0042758,0.16541,2.5009,4.9753,-0.00030518
-0.092621,-0.0059509,-0.0038007,0.17532,2.5015,4.9744,0.00061035
-0.082397,-0.0032043,-0.005226,0.18814,2.5,4.9759,0
-0.081635,0.0018311,-0.0047509,0.19699,2.5018,4.9759,0.00030518
-0.093384,0.0065613,-0.0047509,0.20218,2.5012,4.9756,0
-0.10468,0.0074768,-0.0042758,0.20752,2.5012,4.9765,0
-0.11368,0.0024414,-0.0047509,0.22079,2.5015,4.9765,0
-0.12558,-0.0064087,-0.0042758,0.23697,2.5009,4.9774,-0.00061035
-0.13382,-0.013733,-0.0047509,0.24414,2.5003,4.978,-0.00061035
-0.1442,-0.019073,-0.005226,0.24658,2.5,4.9783,-0.00030518
-0.15594,-0.025787,-0.0042758,0.25574,2.5012,4.9789,0
-0.16373,-0.023499,-0.0042758,0.27451,2.5015,4.978,0
-0.15411,-0.012665,-0.0047509,0.2916,2.5012,4.9789,0.00030518
-0.13824,0.0024414,-0.0047509,0.30121,2.5015,4.9789,0.00030518
-0.14664,0.015717,-0.0042758,0.3096,2.5012,4.9796,0
-0.15839,0.022278,-0.0047509,0.32043,2.5015,4.9792,0.00030518
-0.15472,0.022736,-0.0047509,0.32928,2.5003,4.9789,0
-0.13229,0.017548,-0.0042758,0.3418,2.5012,4.9789,0.00030518
-0.11673,0.0062561,-0.0042758,0.36636,2.5021,4.9789,0.00061035
-0.11536,-0.0082397,-0.0047509,0.39368,2.5009,4.9792,0
-0.11551,-0.015717,-0.005226,0.41321,2.5009,4.9796,-0.00091553
-0.11337,-0.0082397,-0.0042758,0.42114,2.5024,4.9786,0.00030518
-0.096283,0.0013733,-0.0042758,0.42221,2.5009,4.9783,0.00061035
-0.084534,0.0048828,-0.005701,0.42343,2.5012,4.9792,-0.00061035
-0.071259,0.0035095,-0.0042758,0.42511,2.5018,4.9792,0
-0.053253,0.004425,-0.0047509,0.42389,2.5018,4.9799,0
-0.033417,0.00061035,-0.0038007,0.40924,2.5006,4.9783,0
-0.019684,-0.010376,-0.0042758,0.39352,2.5012,4.9783,0
-0.0073242,-0.014954,-0.0042758,0.38361,2.5015,4.978,-0.00061035
0.013885,-0.0082397,-0.005701,0.36911,2.5012,4.9765,-0.00030518
0.037384,-0.0048828,-0.0047509,0.34225,2.5021,4.9762,0.00061035
0.049896,-0.0094604,-0.0042758,0.30289,2.5021,4.9777,0
0.078278,-0.013123,-0.0042758,0.25742,2.5018,4.9768,0.00061035
0.10315,-0.009613,-0.005226,0.215,2.5012,4.9762,0.00030518
0.121,-0.010681,-0.0038007,0.1799,2.5012,4.9771,0.00061035
0.1358,-0.011749,-0.0042758,0.14114,2.5009,4.9768,-0.00030518
0.15656,-0.0076294,-0.005226,0.093689,2.5012,4.9771,0.00030518
0.18921,-0.0021362,-0.005226,0.045929,2.5009,4.9774,0.00030518
0.22003,-0.0010681,-0.0042758,0.0033569,2.5012,4.9765,-0.00030518
0.23849,-0.0033569,-0.0042758,-0.033264,2.5012,4.9771,0
0.25558,-0.0039673,-0.005226,-0.06546,2.5009,4.9771,-0.00091553
0.26901,-0.004425,-0.0047509,-0.09903,2.5018,4.9771,0.00030518
0.30319,-0.005188,-0.0047509,-0.13321,2.5012,4.9774,-0.00030518
0.33249,-0.0042725,-0.0047509,-0.16327,2.5024,4.9771,0.00030518
0.35217,-0.0035095,-0.0047509,-0.19928,2.5015,4.9777,0
0.37552,-0.0032043,-0.0047509,-0.24109,2.5012,4.9777,0
0.38864,-0.0039673,-0.0047509,-0.2771,2.5006,4.9786,0
0.40344,-0.0064087,-0.005226,-0.30228,2.5018,4.9786,0
0.42633,-0.0076294,-0.0047509,-0.32333,2.5018,4.9783,0.00061035
0.44281,-0.0080872,-0.0038007,-0.35049,2.5012,4.9783,0
0.44449,-0.0080872,-0.005226,-0.38376,2.5009,4.9799,0
0.43732,-0.0080872,-0.0042758,-0.42053,2.5015,4.9796,-0.00061035
0.45425,-0.0083923,-0.0033257,-0.45502,2.5009,4.9792,-0.00061035
0.46814,-0.0082397,-0.0042758,-0.48538,2.5009,4.9789,0
0.46982,-0.0080872,-0.0042758,-0.51239,2.5006,4.9789,0
0.45837,-0.0082397,-0.0047509,-0.5397,2.5018,4.9792,-0.00030518
0.44464,-0.0082397,-0.0042758,-0.56778,2.5012,4.9789,-0.00061035
0.43121,-0.0079346,-0.0042758,-0.59311,2.5015,4.9786,0.00030518
0.42267,-0.0079346,-0.005226,-0.61432,2.5012,4.9796,-0.00030518
0.42252,-0.0079346,-0.005701,-0.63156,2.5015,4.9792,-0.00030518
0.41779,-0.0079346,-0.0042758,-0.6488,2.5015,4.9783,0
0.40146,-0.0080872,-0.0042758,-0.66849,2.5015,4.9789,0
0.39169,-0.0080872,-0.0047509,-0.68695,2.5015,4.9783,0.00030518
0.36942,0.0086975,-0.005226,-0.69611,2.5015,4.9796,-0.00061035
0.34088,0.023499,-0.0047509,-0.7045,2.4997,4.9789,-0.00061035
0.31158,0.022888,-0.005701,-0.7132,2.5009,4.9789,0.00030518
0.28412,0.019836,-0.0047509,-0.71915,2.5012,4.9792,0.00030518
0.25742,0.016937,-0.0042758,-0.72784,2.5018,4.9789,0.00061035
0.2272,0.010223,-0.0047509,-0.72952,2.5021,4.9799,0.00030518
0.19928,0.0024414,-0.005226,-0.7251,2.5015,4.9789,0
0.177,0.0024414,-0.0047509,-0.71777,2.5006,4.9783,0.00091553
0.15396,0.012207,-0.0047509,-0.71365,2.5009,4.9786,-0.00030518
0.14801,0.020142,-0.0042758,-0.71045,2.5009,4.978,0.00030518
0.13245,0.019989,-0.0047509,-0.70663,2.5012,4.9759,-0.00030518
0.11353,0.016327,-0.0047509,-0.6958,2.5021,4.9744,0
0.098419,0.015717,-0.0038007,-0.68237,2.5015,4.9747,0
0.084991,0.013733,-0.0047509,-0.66879,2.5009,4.9744,-0.00030518
0.076447,0.014038,-0.0047509,-0.6546,2.5012,4.9747,0
0.070038,0.017395,-0.0038007,-0.63873,2.5006,4.9744,0.00030518
0.055542,0.014496,-0.0042758,-0.62286,2.5015,4.9759,0.00030518
0.036163,0.0074768,-0.0042758,-0.60394,2.5015,4.9744,0
0.018616,0.0018311,-0.0042758,-0.5806,2.5009,4.9744,0
0.013275,0.0041199,-0.005226,-0.54886,2.5015,4.9747,0.00030518
-0.004425,0.007782,-0.0038007,-0.51208,2.5009,4.9747,0.00030518
-0.027313,0.0085449,-0.005226,-0.47119,2.5015,4.9741,0.00061035
-0.048523,0.0090027,-0.0042758,-0.42801,2.5012,4.9725,-0.00030518
-0.068359,0.0091553,-0.005226,-0.38925,2.5018,4.9719,-0.00030518
-0.095215,0.0090027,-0.0042758,-0.35202,2.5012,4.9747,0
-0.11276,0.0090027,-0.0047509,-0.32166,2.5024,4.9753,0
-0.12161,-0.005188,-0.0042758,-0.29419,2.5009,4.9759,-0.00030518
-0.13184,-0.017548,-0.0042758,-0.26276,2.5021,4.9759,-0.00030518
-0.14877,-0.020142,-0.0038007,-0.22797,2.5003,4.9762,0.00030518
-0.15656,-0.02243,-0.0042758,-0.1947,2.5021,4.9765,-0.00030518
-0.16281,-0.021057,-0.0047509,-0.16144,2.5018,4.9771,0
-0.15411,-0.015717,-0.0047509,-0.12665,2.5021,4.9765,0
-0.11383,-0.014038,-0.0042758,-0.093384,2.5012,4.9768,-0.00030518
-0.10178,-0.018158,-0.0033257,-0.065155,2.5012,4.9771,0.0012207
-0.13657,-0.019531,-0.0042758,-0.040741,2.5015,4.9777,0
-0.18433,-0.013733,-0.0047509,-0.022278,2.5015,4.9771,0
-0.19897,-0.0062561,-0.0047509,-0.0010681,2.5024,4.9771,0
-0.19867,0.0027466,-0.005226,0.023499,2.5012,4.9771,0
-0.20676,0.007782,-0.0042758,0.047455,2.5015,4.978,0
-0.2066,0.011444,-0.0042758,0.068512,2.5009,4.9783,0
-0.21347,0.011292,-0.0047509,0.085144,2.5018,4.9792,-0.00091553
-0.22385,0.0099182,-0.0028506,0.1001,2.5012,4.9805,0
-0.2301,0.010986,-0.0042758,0.11353,2.5009,4.9796,0
-0.23682,0.013428,-0.0047509,0.12863,2.5009,4.9796,0
-0.23651,0.015106,-0.0047509,0.13977,2.5009,4.9789,-0.00030518
-0.22812,0.019684,-0.0033257,0.14648,2.5009,4.9792,-0.00030518
-0.21881,0.023804,-0.005226,0.15961,2.5012,4.9796,0
-0.21164,0.024719,-0.0047509,0.17609,2.5012,4.9789,-0.00030518
-0.21057,0.017853,-0.0047509,0.1944,2.5018,4.9792,0
-0.19623,0.0036621,-0.0033257,0.20905,2.5012,4.9783,0.00030518
-0.1976,-0.010986,-0.0042758,0.21774,2.5018,4.9792,0
-0.19913,-0.016022,-0.0047509,0.2243,2.5018,4.9796,-0.00061035
-0.19394,-0.0085449,-0.0033257,0.23453,2.5012,4.9792,-0.00061035
-0.19257,0.0067139,-0.0033257,0.24918,2.5009,4.9786,0.00030518
-0.19745,0.022888,-0.005701,0.26154,2.5021,4.9786,0.00030518
-0.19928,0.032654,-0.0047509,0.26764,2.5018,4.9796,-0.00061035
-0.20355,0.035553,-0.0047509,0.27054,2.5015,4.9796,0
-0.20782,0.036163,-0.0047509,0.27145,2.5015,4.9796,0.00030518
-0.22095,0.035706,-0.005226,0.27451,2.5,4.9789,0
-0.21698,0.035706,-0.0047509,0.28381,2.5006,4.9792,0
-0.21164,0.035706,-0.005226,0.29587,2.5012,4.9792,-0.00061035
-0.21652,0.036011,-0.0038007,0.30533,2.5006,4.9789,0.00030518
-0.2243,0.036011,-0.005226,0.31174,2.5021,4.9783,0
-0.22766,0.036011,-0.0047509,0.3183,2.5012,4.9792,-0.00030518
-0.23087,0.035858,-0.0047509,0.32471,2.5009,4.9786,-0.00030518
-0.23972,0.013123,-0.0042758,0.32776,2.5009,4.9786,0.00061035
-0.24857,0.00030518,-0.0042758,0.32913,2.5015,4.9792,0.00061035
-0.24109,0.0076294,-0.0042758,0.32593,2.5018,4.9783,0
-0.23224,0.017853,-0.0047509,0.32089,2.5012,4.978,0.00030518
-0.21881,0.018311,-0.005226,0.31937,2.5012,4.9792,0
-0.22095,0.0079346,-0.0042758,0.32349,2.5018,4.9792,0.00030518
-0.23041,-0.0059509,-0.0038007,0.32852,2.5009,4.9792,0
-0.24094,-0.018921,-0.0047509,0.33325,2.5,4.9792,0
-0.24582,-0.021362,-0.0042758,0.33432,2.5012,4.9789,0
-0.23499,-0.0059509,-0.0047509,0.33173,2.5009,4.9792,-0.00030518
-0.22537,0.0073242,-0.0042758,0.3273,2.5015,4.9789,0
-0.22873,0.010986,-0.0042758,0.32532,2.5015,4.9783,0.00061035
-0.23529,0.011597,-0.0042758,0.33157,2.5006,4.978,0
-0.23911,0.011292,-0.0042758,0.34363,2.5018,4.9771,0
-0.23285,0.011749,-0.0042758,0.34561,2.5015,4.9765,0.00030518
-0.23178,0.016022,-0.0042758,0.33798,2.5009,4.9768,0.00030518
-0.22903,0.023499,-0.0038007,0.327,2.5006,4.9765,-0.00061035
-0.21591,0.023041,-0.0047509,0.31479,2.5073,4.9768,0
-0.20432,0.0093079,-0.0047509,0.30533,2.5012,4.9765,0.00030518
-0.19821,-0.0086975,-0.0038007,0.30197,2.5009,4.9762,-0.00030518
-0.19028,-0.018005,-0.005226,0.3035,2.5012,4.9768,0
-0.1889,-0.019226,-0.0047509,0.3064,2.5012,4.9768,-0.00030518
-0.18997,-0.020294,-0.0042758,0.30533,2.5018,4.9774,0
-0.18738,-0.019989,-0.0042758,0.29785,2.5018,4.9777,0
-0.16968,-0.0065613,-0.005226,0.28671,2.5012,4.9771,-0.00091553
-0.16602,0.0073242,-0.0047509,0.28229,2.5009,4.9741,0.00030518
-0.16647,0.0035095,-0.0047509,0.27893,2.5,4.9731,0.00030518
-0.16174,-0.012817,-0.005226,0.27374,2.5009,4.9734,0
-0.15945,-0.019989,-0.0042758,0.27283,2.5009,4.9731,0.00061035
-0.16586,-0.017548,-0.0061761,0.27451,2.5003,4.9738,-0.00030518
-0.1619,-0.015411,-0.0047509,0.27359,2.5012,4.9756,-0.00061035
-0.14801,-0.012817,-0.0047509,0.26794,2.5009,4.9756,0
-0.13962,-0.0080872,-0.0042758,0.25848,2.5003,4.9753,0
-0.13336,-0.0030518,-0.0038007,0.2504,2.5015,4.9747,-0.00061035
-0.11292,-0.0010681,-0.0038007,0.24185,2.5009,4.9759,0.00030518
-0.10239,0.0036621,-0.0042758,0.23758,2.5012,4.9765,0.00030518
-0.09903,0.007019,-0.0047509,0.23483,2.5018,4.9762,-0.00061035
-0.094452,0.0057983,-0.005226,0.22964,2.5015,4.9756,0.00061035
-0.096283,0.0021362,-0.0042758,0.22156,2.5012,4.9759,0
-0.087738,-0.0039673,-0.0042758,0.21133,2.5018,4.9777,-0.00030518
-0.075989,-0.011139,-0.0042758,0.20157,2.5009,4.9786,-0.00030518
-0.069733,-0.016785,-0.0042758,0.1947,2.5012,4.9789,-0.00030518
-0.06134,-0.016174,-0.0033257,0.18753,2.5021,4.9792,-0.00030518
-0.057678,-0.012817,-0.0047509,0.17838,2.5006,4.9789,0
-0.045013,-0.0086975,-0.0042758,0.16754,2.5027,4.9783,-0.00030518
-0.043793,-0.0041199,-0.0042758,0.15747,2.5015,4.9789,0
-0.038757,-0.0033569,-0.005226,0.15015,2.5021,4.9792,0.00030518
-0.022736,-0.0027466,-0.0038007,0.14252,2.5018,4.9786,0
0.0067139,0.0010681,-0.005226,0.12939,2.5012,4.9777,0.00030518
0.011749,0.0045776,-0.0042758,0.11841,2.5009,4.9786,0
0.009613,0.0094604,-0.0047509,0.11169,2.5012,4.9786,0
0.011597,0.015259,-0.0047509,0.10818,2.5,4.9792,0.00030518
0.014801,0.016174,-0.0047509,0.10788,2.5009,4.9805,-0.00091553
0.016022,0.015564,-0.005226,0.10788,2.5015,4.978,0.00061035
0.036316,0.014801,-0.0042758,0.10345,2.5021,4.9789,-0.00030518
0.046844,0.016632,-0.0033257,0.093079,2.5003,4.9789,0
0.040894,0.020752,-0.0047509,0.08194,2.5024,4.9789,0.00030518
0.036926,0.024109,-0.0042758,0.074158,2.5006,4.9789,-0.00061035
0.03952,0.023956,-0.0042758,0.073395,2.5021,4.9792,-0.00030518
0.048065,0.02121,-0.0038007,0.070038,2.5009,4.9799,-0.00030518
0.058441,0.023651,-0.005226,0.067139,2.5015,4.9796,0
0.065155,0.031891,-0.0042758,0.057678,2.5009,4.9802,0.00030518
0.071564,0.032349,-0.0028506,0.042267,2.5009,4.9789,0.00030518
0.06958,0.025024,-0.0047509,0.027924,2.5006,4.9796,0.00030518
0.079956,0.011902,-0.0047509,0.016327,2.5012,4.9789,0.00030518
0.085602,-0.0059509,-0.0038007,0.0086975,2.5006,4.9799,0.00030518
0.091553,-0.028839,-0.005701,0.0036621,2.5012,4.9789,-0.00091553
0.096588,-0.046387,-0.0042758,-0.00030518,2.5012,4.9786,-0.00061035
0.1033,-0.048828,-0.0038007,-0.0053406,2.5015,4.9777,0.00061035
0.12955,-0.041504,-0.0042758,-0.0076294,2.5027,4.9765,0.00030518
0.16403,-0.028839,-0.0047509,-0.0082397,2.5009,4.9759,0.00030518
0.1619,-0.021515,-0.0042758,-0.010071,2.5015,4.9774,-0.00030518
0.10773,-0.02655,-0.0047509,-0.014038,2.5009,4.9762,0.00061035
0.063934,-0.033722,-0.0047509,-0.020752,2.5012,4.9765,0.00030518
0.081482,-0.033569,-0.0038007,-0.029144,2.5009,4.9768,0
0.10056,-0.028687,-0.005226,-0.034637,2.5015,4.9768,0.00030518
0.10284,-0.021515,-0.0047509,-0.037384,2.5006,4.9759,0.00030518
0.097961,-0.013275,-0.0033257,-0.041504,2.5021,4.9771,0
0.099792,-0.0068665,-0.005226,-0.046997,2.5012,4.9771,0
0.09964,-0.0059509,-0.0038007,-0.050507,2.5018,4.9777,0.00030518
0.10178,-0.0074768,-0.0042758,-0.050507,2.5012,4.9774,0.00030518
0.1001,-0.004425,-0.0042758,-0.052032,2.5009,4.9774,-0.00030518
0.093384,-0.00045776,-0.0047509,-0.055237,2.5003,4.9783,0.00030518
0.081024,0.0059509,-0.0042758,-0.056152,2.5009,4.9774,0.00030518
0.089722,0.017548,-0.0042758,-0.055084,2.5012,4.9774,0.00030518
0.098114,0.027161,-0.0047509,-0.052185,2.5024,4.9786,0.00030518
0.10071,0.026245,-0.0047509,-0.056,2.5015,4.9786,-0.00061035
0.10361,0.022736,-0.005226,-0.063782,2.5015,4.9786,0
0.1033,0.011749,-0.0047509,-0.069885,2.5021,4.9786,0
0.11154,-0.013733,-0.0042758,-0.076294,2.5003,4.9786,0.00030518
0.12497,-0.032196,-0.0033257,-0.078278,2.5021,4.9792,0
0.15289,-0.028229,-0.0047509,-0.074463,2.5009,4.9786,0
0.14145,-0.018616,-0.0047509,-0.067444,2.5009,4.9783,0.00030518
0.11505,-0.018311,-0.0047509,-0.061951,2.5006,4.9783,0.00030518
0.11932,-0.022736,-0.0042758,-0.061646,2.5012,4.9786,0.00030518
0.12756,-0.016937,-0.0047509,-0.060272,2.5009,4.9783,0.00030518
0.1236,-0.0035095,-0.0042758,-0.053558,2.5009,4.9789,0
0.11963,0.0061035,-0.0038007,-0.052032,2.5009,4.9792,0
0.11841,0.011597,-0.0042758,-0.052185,2.5015,4.9792,0.00061035
0.11612,0.011597,-0.0047509,-0.053101,2.5012,4.9789,-0.00030518
0.11887,0.0056458,-0.0047509,-0.050201,2.5,4.9789,0.00030518
0.11154,0.0028992,-0.0033257,-0.044403,2.5009,4.9796,0
0.094147,0.007019,-0.0038007,-0.037689,2.5021,4.9783,-0.00061035
0.084839,0.011292,-0.0042758,-0.031281,2.5009,4.9799,0.00030518
0.10208,0.016785,-0.0042758,-0.024414,2.5015,4.9792,0
0.10147,0.02594,-0.0047509,-0.024109,2.5009,4.9759,0.00030518
0.083313,0.036163,-0.0047509,-0.025635,2.5015,4.9747,0.00061035
0.078125,0.03891,-0.0042758,-0.03006,2.5006,4.9741,0
0.083313,0.032501,-0.0042758,-0.032654,2.5015,4.9738,0.00061035
0.08316,0.026855,-0.0038007,-0.037689,2.5018,4.9731,-0.00061035
0.076141,0.020447,-0.0042758,-0.042877,2.5018,4.975,0
0.067444,0.0079346,-0.0042758,-0.046387,2.5015,4.9744,0.00030518
0.063477,-0.00045776,-0.0038007,-0.048523,2.5015,4.9744,0.00061035
0.060272,-0.0013733,-0.0047509,-0.050201,2.5009,4.975,0.00030518
0.072632,-0.0032043,-0.0047509,-0.055542,2.5012,4.9756,0.00030518
0.076141,-0.0047302,-0.0042758,-0.063171,2.5021,4.9759,0
0.068054,-0.0022888,-0.0038007,-0.067596,2.5015,4.9768,-0.00030518
0.061646,-0.00015259,-0.0047509,-0.069885,2.5015,4.9765,0.00061035
0.062866,-0.0061035,-0.0042758,-0.072632,2.5021,4.9759,0.00030518
0.063934,-0.010071,-0.0038007,-0.073395,2.5003,4.978,0
0.067749,-0.0073242,-0.005226,-0.074615,2.5009,4.9783,-0.00030518
0.071716,-0.00061035,-0.0042758,-0.076599,2.5015,4.9789,0
0.071564,0.0042725,-0.0033257,-0.07843,2.5012,4.9786,0.00030518
0.065002,0.010986,-0.0047509,-0.073547,2.5027,4.9783,0.00030518
0.078125,0.01709,-0.0042758,-0.064087,2.5009,4.9777,0
0.085297,0.018311,-0.0047509,-0.060272,2.5009,4.9765,0
0.07431,0.016174,-0.0038007,-0.059357,2.5021,4.9765,0
0.063019,0.014801,-0.0038007,-0.057678,2.5012,4.9762,0.00061035
0.057068,0.014038,-0.005226,-0.055237,2.5009,4.9765,0.00030518
0.053101,0.0097656,-0.0042758,-0.05188,2.5021,4.9765,0.00030518
0.054169,0.011139,-0.005226,-0.051422,2.5012,4.9765,0.00030518
0.056915,0.021515,-0.0042758,-0.05188,2.5021,4.9762,0.00030518
0.054932,0.026855,-0.0047509,-0.051727,2.5003,4.9765,0.00030518
0.045624,0.02243,-0.005226,-0.050201,2.5015,4.9765,0.00030518
0.052338,0.023193,-0.0047509,-0.04715,2.5015,4.9777,0
0.05249,0.037994,-0.005226,-0.040588,2.5009,4.9774,0
0.040131,0.056,-0.005226,-0.036316,2.5009,4.9777,-0.00030518
0.032959,0.063171,-0.005226,-0.035553,2.5012,4.9783,0
0.032806,0.052338,-0.0047509,-0.036469,2.5012,4.9774,0
0.031586,0.022583,-0.005226,-0.037537,2.5015,4.978,0
0.025635,-0.0021362,-0.0047509,-0.037689,2.5006,4.978,-0.00091553
0.026093,-0.0045776,-0.005226,-0.036469,2.5015,4.9786,-0.00030518
0.02594,-0.0012207,-0.0047509,-0.032806,2.5012,4.9796,0.00030518
0.016327,-0.0028992,-0.0047509,-0.032043,2.5021,4.9786,-0.00030518
0.022125,-0.011444,-0.0042758,-0.03006,2.5012,4.9796,-0.00061035
0.025482,-0.027924,-0.005226,-0.026855,2.5015,4.9796,0.00030518
0.022125,-0.050659,-0.005226,-0.025635,2.5018,4.9796,0.00061035
0.020294,-0.060577,-0.005701,-0.025024,2.5012,4.9789,0.00030518
0.019226,-0.050659,-0.0042758,-0.023041,2.5024,4.9792,-0.00030518
0.015259,-0.037537,-0.0047509,-0.02121,2.5012,4.9796,-0.00030518
0.0064087,-0.032501,-0.0042758,-0.017548,2.5012,4.9792,0
0.0019836,-0.028839,-0.005226,-0.011292,2.5009,4.9783,0
0.0027466,-0.019531,-0.005226,-0.0073242,2.5003,4.9792,0
0.0018311,-0.0093079,-0.0042758,-0.009613,2.5012,4.9774,0
0.012665,-0.0097656,-0.0047509,-0.014343,2.5015,4.9789,0.00030518
0.014191,-0.018921,-0.005226,-0.019684,2.5006,4.9786,0.00030518
0.016327,-0.019989,-0.0047509,-0.02182,2.5021,4.9789,0.00061035
0.016632,-0.010376,-0.0047509,-0.021973,2.5012,4.9786,0.00030518
0.014648,-0.0039673,-0.0047509,-0.023804,2.5015,4.9792,0.00030518
0.016632,-0.0028992,-0.005226,-0.025787,2.5018,4.9792,0
0.018463,-0.0010681,-0.0047509,-0.023193,2.5012,4.9789,0
0.016327,-0.00015259,-0.0047509,-0.0177,2.5012,4.9789,0
0.010986,-0.00015259,-0.0042758,-0.012665,2.5018,4.9783,0.00061035
-0.00076294,0.0027466,-0.0042758,-0.010681,2.5021,4.9786,0
0.0028992,0.0056458,-0.0042758,-0.0083923,2.5009,4.9796,0.00030518
0.00091553,-0.0042725,-0.005226,-0.0080872,2.5,4.9789,0
-0.0053406,-0.02533,-0.0061761,-0.0068665,2.5015,4.9789,0
-0.010834,-0.034027,-0.0047509,0.00045776,2.5009,4.9786,-0.00030518
-0.0088501,-0.027313,-0.005226,0.0045776,2.5021,4.9783,-0.00030518
-0.0056458,-0.011292,-0.005226,0.0018311,2.5015,4.9789,0
-0.002594,0.0073242,-0.0042758,-0.0041199,2.5015,4.9799,-0.00030518
-0.00015259,0.018616,-0.0042758,-0.0064087,2.5012,4.9786,-0.00030518
-0.0085449,0.022278,-0.0047509,-0.0013733,2.5018,4.9789,-0.00091553
-0.023956,0.028839,-0.0047509,0.0086975,2.5015,4.9777,-0.00061035
-0.013885,0.038605,-0.005701,0.019531,2.5015,4.9786,0
0.020294,0.038605,-0.0042758,0.024719,2.5012,4.9789,0
0.039673,0.024261,-0.0047509,0.019073,2.5009,4.9796,0
0.015411,0.00076294,-0.005226,0.0090027,2.5006,4.9789,-0.00030518
-0.021973,-0.023346,-0.0047509,-0.00045776,2.5015,4.9786,0.00030518
-0.027313,-0.036316,-0.0042758,-0.007782,2.5012,4.9783,0.00030518
-0.019531,-0.03418,-0.005226,-0.011292,2.5015,4.9771,0.00061035
-0.017395,-0.02182,-0.005226,-0.010986,2.5018,4.9768,0
-0.019531,-0.010834,-0.0047509,-0.010681,2.5015,4.9762,-0.00030518
-0.026093,-0.0019836,-0.0042758,-0.01236,2.5021,4.9771,-0.00030518
-0.01297,0.0061035,-0.0042758,-0.014038,2.5015,4.9756,-0.00061035
-0.0071716,0.009613,-0.0047509,-0.016327,2.5012,4.9722,-0.00030518
-0.010834,0.0053406,-0.0042758,-0.015106,2.5009,4.9707,0
-0.0094604,-0.0024414,-0.0042758,-0.016937,2.5015,4.9701,-0.00061035
-0.0047302,-0.012207,-0.0047509,-0.018921,2.5012,4.9707,0.00061035
-0.002594,-0.022736,-0.0047509,-0.018005,2.5015,4.9713,0.00030518
-0.0035095,-0.029297,-0.0047509,-0.016022,2.5003,4.9713,0.00030518
-0.0010681,-0.018005,-0.0047509,-0.014038,2.5021,4.9722,0
-0.0032043,0.0048828,-0.0042758,-0.01236,2.5009,4.9731,-0.00061035
-0.010376,0.015869,-0.0042758,-0.0074768,2.5012,4.9734,0.00030518
-0.0035095,0.016174,-0.0042758,-0.0033569,2.5006,4.9734,0.00030518
0.0038147,0.0086975,-0.0047509,-0.0064087,2.5009,4.9741,0.00030518
0.0036621,-0.0041199,-0.0047509,-0.010376,2.5012,4.9731,-0.00030518
0.00030518,-0.0053406,-0.0038007,-0.0099182,2.5015,4.9756,-0.00030518
-0.0059509,0.0076294,-0.0047509,-0.0053406,2.5012,4.9756,0
-0.0076294,0.019379,-0.0047509,-0.0032043,2.5015,4.9777,0.00030518
-0.0067139,0.018768,-0.0038007,-0.0015259,2.5018,4.9777,0.00030518
-0.01297,0.012207,-0.0042758,-0.00061035,2.5018,4.9783,0
-0.021973,0.0056458,-0.0033257,0.0018311,2.5009,4.9792,0.00030518
-0.028839,0.00045776,-0.0047509,0.0062561,2.5012,4.9796,0.00030518
-0.014648,-0.00045776,-0.0042758,0.0067139,2.5009,4.9789,0
-0.010529,0.0019836,-0.0047509,0.0050354,2.5009,4.9783,-0.00061035
-0.014648,0.0036621,-0.0042758,0.0027466,2.5012,4.9789,0.00030518
-0.018463,0.0083923,-0.0047509,0.0019836,2.5015,4.9799,0
-0.020599,0.014801,-0.0042758,0.00045776,2.5009,4.9789,-0.00030518
-0.020142,0.015869,-0.005226,0.0012207,2.5009,4.9796,0
-0.021057,0.0045776,-0.0047509,0,2.5009,4.9792,-0.00030518
-0.019684,-0.012512,-0.0042758,-0.00030518,2.5009,4.9796,0.0012207
-0.018158,-0.024567,-0.0042758,0.00030518,2.5015,4.9789,0.00061035
-0.0177,-0.030365,-0.0042758,0.0028992,2.5015,4.9777,-0.00030518
-0.0064087,-0.015869,-0.005701,0.0061035,2.5018,4.9783,0
-0.012054,0.015564,-0.0042758,0.0032043,2.5012,4.9792,0.00030518
-0.026245,0.040436,-0.0047509,-0.00030518,2.5015,4.9786,0.00030518
-0.028687,0.049438,-0.0047509,-0.0012207,2.5006,4.9799,0.00061035
-0.02182,0.042114,-0.005226,-0.0022888,2.5015,4.9796,0.00030518
-0.015869,0.021057,-0.0042758,-0.00076294,2.5024,4.9789,0
-0.018005,0.0028992,-0.005226,0.0018311,2.5015,4.9786,0
-0.022278,-0.0074768,-0.0042758,0.0053406,2.5009,4.9786,-0.00030518
-0.019531,-0.012817,-0.0047509,0.010071,2.5018,4.9792,-0.00030518
0.017853,-0.0097656,-0.005226,0.014038,2.5012,4.9789,-0.00091553
0.043335,0.0050354,-0.005226,0.01297,2.5012,4.9786,-0.00030518
-0.0071716,0.019836,-0.0042758,0.011597,2.5012,4.9789,0
-0.047455,0.021667,-0.0042758,0.0093079,2.5012,4.9786,0.00030518
-0.041962,0.011292,-0.0042758,0.0061035,2.5015,4.9789,0
-0.033417,0.0074768,-0.0047509,0.0035095,2.5006,4.9792,-0.00030518
-0.035706,0.014954,-0.0042758,0.0056458,2.5024,4.9774,0
-0.032349,0.023651,-0.0042758,0.0082397,2.5012,4.9786,-0.00061035
-0.028076,0.02121,-0.0033257,0.011139,2.5012,4.9783,0.00061035
-0.031281,0.011444,-0.005226,0.012512,2.5009,4.9792,0
-0.037231,0.007782,-0.0042758,0.0094604,2.5009,4.9792,0
-0.018768,0.010986,-0.0047509,0.010681,2.5006,4.9792,-0.00030518
-0.013275,0.0056458,-0.005226,0.011902,2.5012,4.9783,0.00061035
-0.01709,0.0016785,-0.0047509,0.013123,2.5009,4.9796,0.00061035
-0.018311,0.015259,-0.0038007,0.014343,2.5015,4.9789,0.00030518
-0.016632,0.036926,-0.0042758,0.016022,2.5009,4.9783,0
-0.014801,0.045166,-0.0047509,0.018005,2.5009,4.9796,0.00061035
0.002594,0.04303,-0.0038007,0.018005,2.5009,4.9792,0
0.0056458,0.037231,-0.0042758,0.020447,2.5015,4.9783,0
-0.016479,0.031433,-0.0047509,0.023041,2.5006,4.9805,0.00030518
-0.037689,0.021667,-0.0047509,0.025177,2.5012,4.9799,0
-0.02594,0.00061035,-0.0038007,0.023499,2.5021,4.9786,0.00061035
-0.016327,-0.031738,-0.0042758,0.014954,2.5018,4.9796,0
-0.0090027,-0.05661,-0.0047509,0.0057983,2.5,4.9783,-0.00030518
-0.0068665,-0.054932,-0.0042758,0.0030518,2.5015,4.9771,0.00061035
-0.011749,-0.029755,-0.005226,0.0057983,2.5003,4.9777,0.00061035
-0.016022,-0.0177,-0.0038007,0.0090027,2.5021,4.9771,0
-0.021667,-0.030823,-0.0047509,0.0068665,2.5018,4.9768,-0.00091553
-0.023041,-0.045166,-0.0042758,0.0018311,2.5015,4.9768,-0.00030518
-0.019226,-0.039978,-0.0042758,0.00030518,2.5012,4.9762,0.00030518
-0.022583,-0.016937,-0.0047509,0.0019836,2.5006,4.9771,0
-0.012054,0.013428,-0.0033257,0.007782,2.5018,4.9765,0
-0.0093079,0.029907,-0.005226,0.013123,2.5006,4.9762,0.00030518
-0.010834,0.026245,-0.0047509,0.010681,2.5015,4.9765,0.00061035
-0.010681,0.016022,-0.0033257,0.0059509,2.5012,4.9765,-0.00061035
-0.0032043,0.019226,-0.0042758,0.0036621,2.5003,4.978,-0.00030518
-0.00076294,0.033722,-0.0047509,0.0053406,2.5006,4.9777,0.00030518
-0.0015259,0.043945,-0.0042758,0.0056458,2.5018,4.9774,0
0.0054932,0.041046,-0.0047509,0.0019836,2.5012,4.9777,0
0.0047302,0.028992,-0.0047509,0.00045776,2.5024,4.9783,0
-0.0091553,0.0093079,-0.0038007,0.0032043,2.5015,4.9789,0
-0.0074768,-0.019531,-0.0042758,0.0068665,2.5018,4.9774,0.00030518
-0.0047302,-0.029297,-0.0047509,0.007782,2.5015,4.975,0.00030518
-0.0080872,-0.012054,-0.0038007,0.01236,2.5015,4.975,0
-0.011749,0.007782,-0.005226,0.015564,2.5003,4.9738,0.00061035
0.00061035,0.018921,-0.005226,0.007782,2.5012,4.9747,0
0.0086975,0.019684,-0.0042758,-0.0012207,2.5021,4.9744,-0.00061035
0.010834,-0.0064087,-0.0047509,-0.0036621,2.5018,4.9744,0.00030518
-0.0024414,-0.054016,-0.0042758,0.00015259,2.5006,4.9741,0.00030518
-0.009613,-0.084229,-0.005226,0.0042725,2.5018,4.9731,-0.00030518
-0.009613,-0.084991,-0.0047509,0.0036621,2.5012,4.9734,0
-0.00045776,-0.068512,-0.0047509,-0.00091553,2.5018,4.975,-0.00030518
-0.0076294,-0.045929,-0.0042758,-0.0038147,2.5012,4.9759,0
-0.012817,-0.030212,-0.005226,-0.00076294,2.5027,4.9759,0.00030518
-0.0065613,-0.030212,-0.0042758,0.0038147,2.5006,4.9768,-0.00030518
-0.004425,-0.038605,-0.0047509,0.0041199,2.5018,4.9762,0.00061035
-0.0032043,-0.04425,-0.005226,0.0038147,2.5015,4.978,0.00030518
-0.0038147,-0.03891,-0.0042758,0.0085449,2.5015,4.9774,0
-0.0035095,-0.027008,-0.0042758,0.010529,2.5012,4.9792,-0.00030518
0.0015259,-0.016327,-0.0047509,0.0085449,2.5021,4.9792,0.00061035
-0.00030518,-0.0094604,-0.0042758,0.010529,2.5009,4.9786,0.00061035
-0.0013733,-0.0048828,-0.0047509,0.018921,2.5006,4.9786,-0.00091553
-0.0079346,-0.007019,-0.005226,0.021515,2.5012,4.9783,-0.00030518
-0.0088501,-0.011749,-0.0042758,0.014038,2.5024,4.9796,0.00030518
-0.0035095,-0.011139,-0.005226,0.0028992,2.5015,4.9783,0.00061035
-0.0033569,-0.0080872,-0.0047509,-0.0013733,2.5015,4.9789,0.00030518
-0.0056458,-0.0016785,-0.0047509,0.0019836,2.5018,4.9786,0
-0.011444,0.0094604,-0.0047509,0.012512,2.5012,4.9789,-0.00030518
-0.010376,0.022125,-0.0042758,0.020142,2.5018,4.9789,0
-0.0033569,0.024872,-0.005226,0.02121,2.5003,4.9789,0
-0.01358,0.011444,-0.0038007,0.021362,2.5018,4.9768,0
-0.005188,0.00076294,-0.0047509,0.01709,2.5018,4.9783,0.00030518
0.0016785,0.00045776,-0.0042758,0.0082397,2.5021,4.9786,0.00030518
-0.0012207,0.0076294,-0.0042758,0.0030518,2.5009,4.9792,0
-0.0065613,0.011444,-0.005226,0.0054932,2.5015,4.9786,-0.00030518
-0.0082397,0.0064087,-0.0047509,0.011292,2.5009,4.9789,0
-0.0022888,-0.0010681,-0.0042758,0.015411,2.5015,4.9789,0
0.005188,-0.002594,-0.005701,0.017853,2.5012,4.9786,0.00030518
0.0067139,0.0015259,-0.005226,0.018311,2.5021,4.9792,0.00030518
0.0045776,0.014038,-0.0042758,0.014801,2.5006,4.9796,0.00030518
0.00015259,0.033112,-0.0038007,0.015717,2.5018,4.978,-0.00091553
0.01297,0.047607,-0.0042758,0.015259,2.5015,4.9786,0
0.012817,0.052795,-0.0042758,0.016937,2.5006,4.9768,0
-0.0028992,0.04776,-0.005226,0.021667,2.5009,4.9771,-0.00030518
0.00045776,0.02655,-0.0042758,0.023346,2.5018,4.9768,-0.00030518
0.010681,-0.0012207,-0.0042758,0.023193,2.5018,4.9765,-0.00030518
0.0097656,-0.010986,-0.0047509,0.019989,2.5009,4.9771,0.00061035
0.005188,-0.0016785,-0.0047509,0.016327,2.5009,4.9759,0
0.0057983,0.020447,-0.0042758,0.016632,2.5012,4.9768,-0.00030518
0.0035095,0.048981,-0.0047509,0.017853,2.5021,4.9762,-0.00030518
0.004425,0.065613,-0.005226,0.016479,2.5006,4.9774,-0.00030518
0.020752,0.068512,-0.0047509,0.012512,2.5015,4.9765,-0.00091553
0.027313,0.063934,-0.0047509,0.0061035,2.5006,4.9768,0
0.023651,0.038757,-0.0042758,0.0076294,2.5012,4.9774,0.00061035
0.017242,-0.0067139,-0.0047509,0.0099182,2.5009,4.9765,0.00030518
0.013885,-0.04837,-0.0042758,0.007019,2.5015,4.9774,-0.00030518
0.014038,-0.062714,-0.0047509,0.0083923,2.5015,4.9771,0.00061035
0.011749,-0.061798,-0.005701,0.0099182,2.5024,4.9774,0
0.0033569,-0.057831,-0.0042758,0.0082397,2.5009,4.9777,-0.00030518
-0.0047302,-0.045166,-0.0047509,0.0082397,2.5009,4.9792,0.00030518
-0.0093079,-0.022736,-0.0042758,0.0065613,2.5009,4.9789,-0.00030518
-0.0071716,-0.0050354,-0.005226,0.0018311,2.5012,4.9783,-0.00030518
-0.0059509,-0.002594,-0.0047509,-0.0010681,2.5012,4.9789,0.00030518
-0.0042725,-0.0013733,-0.0042758,0.00015259,2.5015,4.9805,-0.00030518
-0.0079346,0.0076294,-0.0047509,-0.00061035,2.5012,4.9786,0.00030518
-0.01236,0.018463,-0.005226,-0.0024414,2.5021,4.9783,-0.00061035
-0.021362,0.024719,-0.0042758,-0.0033569,2.5009,4.9796,0.00030518
-0.019989,0.02533,-0.0061761,-0.007019,2.5012,4.9796,-0.00091553
-0.012054,0.019989,-0.0042758,-0.01236,2.5006,4.9789,0
-0.0093079,0.014648,-0.0042758,-0.012665,2.5015,4.9792,0
-0.016632,0.015411,-0.0047509,-0.0074768,2.5015,4.9777,0
-0.0054932,0.013428,-0.0042758,-0.0021362,2.5012,4.9786,0.00030518
-0.0041199,0.0068665,-0.005701,0.0016785,2.5009,4.9789,-0.00061035
-0.0076294,0.0028992,-0.005226,-0.0016785,2.5003,4.9792,-0.00061035
-0.0080872,0.00061035,-0.005226,-0.0090027,2.5018,4.9792,0.00061035
-0.0032043,-0.011444,-0.0047509,-0.009613,2.5027,4.9805,-0.00030518
0.0021362,-0.034637,-0.0038007,-0.0041199,2.5021,4.9792,0.00030518
-0.005188,-0.04776,-0.005226,0.0036621,2.5018,4.9789,0.00030518
-0.0035095,-0.035706,-0.0042758,0.0079346,2.5009,4.9792,0.00061035
0.00045776,-0.012512,-0.0042758,0.0022888,2.5003,4.9789,0
-0.0064087,0.0050354,-0.0042758,-0.0038147,2.5015,4.9799,-0.00030518
-0.0016785,0.016785,-0.0047509,-0.00076294,2.5015,4.9786,0.00030518
-0.016479,0.028076,-0.005226,0.0082397,2.5024,4.9756,0.00030518
-0.024567,0.034332,-0.0038007,0.010986,2.5009,4.9753,-0.00061035
-0.010071,0.036011,-0.005226,0.0091553,2.5009,4.9744,0.00030518
-0.0079346,0.027313,-0.0047509,0.0094604,2.5003,4.9747,0
-0.016174,0.0048828,-0.0042758,0.0068665,2.5015,4.9756,0
-0.018158,-0.013733,-0.005226,0.00030518,2.5015,4.975,0
-0.021362,-0.019226,-0.0047509,-0.0019836,2.5015,4.9747,0
-0.017242,-0.015411,-0.0038007,-0.00076294,2.5006,4.9756,0.00030518
-0.0053406,-0.014191,-0.0042758,0.0022888,2.5021,4.9741,0
0.016174,-0.017853,-0.005226,0.0028992,2.5018,4.975,-0.00091553
0.0085449,-0.020294,-0.0047509,0.0053406,2.5015,4.9756,0
-0.0093079,-0.019379,-0.0042758,0.0080872,2.5003,4.9759,0
-0.0088501,-0.021362,-0.0047509,0.010834,2.5012,4.9768,0
-0.0030518,-0.023193,-0.005701,0.010681,2.5009,4.9768,0
-0.0015259,-0.019531,-0.0042758,0.0079346,2.5015,4.9765,-0.00030518
0.00015259,-0.0094604,-0.0033257,0.0054932,2.5006,4.9771,0
0.00061035,0.013275,-0.0047509,0.0047302,2.5018,4.9771,0.00030518
-0.007019,0.043488,-0.005226,0.0054932,2.5012,4.9759,-0.00030518
-0.012665,0.053711,-0.0061761,0.011902,2.5018,4.9759,0
0.0010681,0.029449,-0.005701,0.019836,2.5024,4.9771,0
0.0032043,-0.0083923,-0.0042758,0.02121,2.5003,4.9768,0.00061035
-0.0083923,-0.040283,-0.005226,0.018921,2.5024,4.9768,0.00061035
-0.013123,-0.05127,-0.005226,0.018463,2.5012,4.9759,-0.00030518
-0.0042725,-0.032501,-0.0047509,0.015717,2.5012,4.9768,0.00091553
0.0035095,-0.0032043,-0.0042758,0.0085449,2.5012,4.978,-0.00061035
0.00076294,0.011292,-0.0033257,0.0057983,2.5021,4.9771,-0.00061035
-0.0071716,0.014038,-0.0047509,0.0080872,2.5009,4.9777,0.00030518
-0.0091553,0.013885,-0.005226,0.0090027,2.5009,4.9777,0
-0.010529,0.012054,-0.005226,0.010223,2.5,4.9777,0
0.0071716,0.0013733,-0.005226,0.0076294,2.5018,4.9765,0
0.012512,-0.014038,-0.0038007,0.0041199,2.5015,4.9777,0
0.0059509,-0.019531,-0.0042758,0.0035095,2.5021,4.9786,0.00061035
-0.0041199,-0.0042725,-0.0038007,0.0032043,2.5018,4.9786,-0.00030518
-0.010834,0.016174,-0.0047509,0.007782,2.5006,4.9805,0.00030518
-0.0068665,0.022888,-0.0042758,0.013885,2.5012,4.9796,0.00091553
0.0042725,0.020599,-0.0047509,0.0177,2.5015,4.9783,0
-0.0012207,0.014648,-0.0038007,0.01709,2.5012,4.9792,-0.00030518
-0.017395,0.010529,-0.0042758,0.01709,2.5015,4.9792,0.00061035
-0.024261,0.0093079,-0.0042758,0.018158,2.5012,4.9796,0.00030518
-0.0057983,-0.00045776,-0.0047509,0.016785,2.5009,4.9799,-0.00030518
0.0021362,-0.012817,-0.005226,0.016022,2.5024,4.9796,0.00030518
-0.0022888,-0.014496,-0.0042758,0.019684,2.5015,4.9799,0.00061035
-0.0086975,-0.0073242,-0.0047509,0.024872,2.5006,4.9789,0
-0.0093079,0.011749,-0.005226,0.026398,2.5018,4.9786,0
-0.0054932,0.037537,-0.005701,0.019989,2.5009,4.9789,0
0.00015259,0.046082,-0.0042758,0.014801,2.5015,4.9786,-0.00030518
0.00061035,0.031891,-0.0042758,0.0091553,2.5009,4.9789,0.00030518
-0.011749,0.0094604,-0.0047509,0.0083923,2.5006,4.9802,0
-0.027924,-0.010986,-0.0042758,0.013123,2.5021,4.978,0
-0.019379,-0.03067,-0.0047509,0.01358,2.5015,4.9786,0.00030518
-0.013733,-0.037384,-0.0042758,0.0088501,2.5021,4.9792,0.00061035
-0.014801,-0.028687,-0.0038007,0.0053406,2.5024,4.9786,0.00030518
-0.01358,-0.009613,-0.0047509,0.0010681,2.5015,4.9796,0.00030518
-0.016632,0.013733,-0.0042758,-0.00045776,2.5018,4.9789,0
-0.021057,0.023041,-0.0047509,-0.0018311,2.5009,4.9783,0.00030518
-0.018158,0.020599,-0.0047509,-0.0027466,2.5012,4.9786,0
-0.014801,0.019531,-0.0042758,-0.00091553,2.5024,4.9783,-0.00061035
-0.018768,0.016632,-0.005226,0.002594,2.5003,4.9792,0.00030518
-0.017853,0.0039673,-0.0047509,0.0056458,2.5006,4.9783,-0.00030518
-0.0080872,-0.009613,-0.0038007,0.0054932,2.5006,4.9783,0.00030518
-0.0067139,-0.018311,-0.0042758,-0.00015259,2.5,4.9802,0.00030518
-0.0074768,-0.021973,-0.0042758,-0.0038147,2.5012,4.9789,0.00061035
-0.0085449,-0.020905,-0.005226,-0.0035095,2.5024,4.9792,-0.00030518
0.0013733,-0.016327,-0.0042758,-0.0039673,2.5015,4.9796,0
0.012817,-0.014954,-0.005226,-0.00045776,2.5012,4.9792,-0.00061035
0.015869,-0.015259,-0.005701,0.0010681,2.5012,4.9805,0.00030518
0.0097656,-0.014191,-0.0047509,-0.00061035,2.5009,4.978,-0.00061035
0.00061035,-0.018616,-0.005226,-0.0057983,2.5015,4.9792,0
-0.011902,-0.025635,-0.0047509,-0.0076294,2.5018,4.9777,-0.00030518
-0.0036621,-0.022888,-0.005226,-0.0032043,2.5006,4.9786,0.00030518
-0.00076294,-0.010681,-0.0042758,0.0021362,2.5015,4.9783,0.00030518
-0.0028992,-0.0033569,-0.005226,0.0021362,2.5006,4.978,0
-0.0028992,0.0035095,-0.0047509,0.0019836,2.5018,4.9774,0.00061035
-0.0036621,0.011139,-0.0042758,0.0013733,2.5009,4.9768,0.00061035
-0.0038147,0.010986,-0.005226,-0.0018311,2.5015,4.9771,-0.00030518
0.00076294,0.0035095,-0.0042758,-0.002594,2.5003,4.9759,0.00030518
0.010071,-0.00045776,-0.005226,-0.0027466,2.5012,4.9765,-0.00061035
0.010529,0.00030518,-0.0038007,-0.0016785,2.5018,4.9765,-0.00091553
0.0019836,0.0013733,-0.0042758,-0.0038147,2.5009,4.9765,0.00030518
0.035248,0.002594,-0.0042758,-0.00076294,2.5009,4.9759,0.00030518
0.027466,0.0015259,-0.0042758,0.005188,2.5012,4.9731,0
-0.0019836,0,-0.0047509,0.0042725,2.5012,4.9728,0.00030518
-0.0015259,0.0047302,-0.005226,-0.00061035,2.5012,4.9722,0.00030518
0.012665,0.0097656,-0.005226,-0.0057983,2.5012,4.9719,-0.00030518
0.020142,0.0071716,-0.0038007,-0.0090027,2.5009,4.9722,0.00061035
0.019226,0.007782,-0.0042758,-0.0086975,2.5003,4.9722,-0.00030518
0.018463,0.007019,-0.0042758,-0.0015259,2.5012,4.9731,0
0.011444,-0.0024414,-0.005226,0.0041199,2.5015,4.9741,-0.00030518
0.004425,-0.0071716,-0.0042758,0.0057983,2.5009,4.9744,0.00030518
0.023041,-0.0073242,-0.0042758,0.0032043,2.5015,4.9753,0.00061035
0.027161,-0.012054,-0.0042758,0.00015259,2.5012,4.9759,-0.00030518
0.016327,-0.012054,-0.005701,-0.0030518,2.5015,4.9759,0.00061035
0.010223,-0.0050354,-0.005226,-0.0076294,2.5012,4.9768,0.00030518
0.0047302,0.0015259,-0.0038007,-0.00030518,2.5015,4.9765,0.00030518
0.0013733,0.0036621,-0.0047509,0.012665,2.5021,4.9786,-0.00061035
0.0015259,0.0053406,-0.0042758,0.017242,2.5018,4.9783,0.00030518
0.0013733,0.0062561,-0.0047509,0.014648,2.5003,4.9786,0
0.0019836,0.0076294,-0.005701,0.010376,2.5021,4.9792,-0.00030518
-0.0050354,0.0099182,-0.0047509,0.0094604,2.5009,4.9789,0.00030518
-0.0013733,0.011139,-0.005226,0.012665,2.5018,4.9789,0.00030518
0.0010681,0.014801,-0.0042758,0.015106,2.5015,4.9792,0.00030518
-0.0010681,0.019073,-0.0038007,0.014801,2.5009,4.9792,-0.00061035
-0.0059509,0.014496,-0.0042758,0.014496,2.5012,4.9792,0
-0.010071,-0.0010681,-0.0047509,0.015259,2.5009,4.9789,-0.00030518
-0.0088501,-0.025177,-0.0042758,0.014191,2.5009,4.9796,0
-0.00076294,-0.040283,-0.0047509,0.011444,2.5009,4.9786,0
0.0065613,-0.032501,-0.0047509,0.011749,2.5021,4.978,0.00030518
0.0016785,-0.015259,-0.0042758,0.014954,2.5024,4.9777,0
-0.013885,-0.0036621,-0.0047509,0.016632,2.5012,4.9786,0.00061035
-0.013733,-0.0032043,-0.0047509,0.018311,2.5009,4.978,0
-0.0177,-0.013275,-0.005226,0.018311,2.5009,4.9786,0.00061035
-0.014191,-0.017395,-0.0042758,0.017242,2.5021,4.9789,0.00091553
-0.00076294,-0.0073242,-0.0047509,0.015869,2.5018,4.9792,-0.00061035
0.01236,0.0033569,-0.005226,0.017548,2.5015,4.9796,-0.00061035
0.00015259,0.011597,-0.0038007,0.015411,2.5018,4.9792,0.00030518
-0.0094604,0.018768,-0.0047509,0.0065613,2.5009,4.9792,0.00030518
-0.0068665,0.023804,-0.005226,0.0015259,2.5006,4.9792,0
-0.0019836,0.02121,-0.0042758,0.0022888,2.5009,4.978,0.00061035
-0.0021362,0.011292,-0.0033257,0.0067139,2.5009,4.9789,0.00030518
0.0019836,0.0039673,-0.0047509,0.010223,2.5024,4.9792,-0.00061035
0.0010681,0.0019836,-0.0042758,0.0099182,2.5012,4.9796,-0.00030518
-0.0013733,-0.0016785,-0.0047509,0.010681,2.5009,4.9792,0.00030518
-0.0028992,-0.002594,-0.005226,0.0091553,2.5018,4.9789,0.00061035
0.0010681,0.0030518,-0.0033257,0.010376,2.5009,4.9789,-0.00061035
0.0048828,0.010834,-0.005701,0.015259,2.5021,4.9789,-0.00030518
0.0091553,0.019836,-0.005226,0.022583,2.5006,4.9796,0.00061035
0.0042725,0.027313,-0.005226,0.025635,2.5006,4.9786,0.00061035
-0.0079346,0.030518,-0.0042758,0.025635,2.5012,4.978,-0.00061035
-0.020905,0.031128,-0.0047509,0.023193,2.5021,4.9762,-0.00030518
-0.0090027,0.024567,-0.005226,0.021515,2.5006,4.9762,0.00030518
0.0022888,0.011902,-0.0047509,0.018463,2.5018,4.9762,0.00030518
0.0012207,0.0041199,-0.0047509,0.016785,2.5006,4.9759,0.00091553
-0.0059509,0.0065613,-0.0038007,0.017853,2.5009,4.9765,0.00030518
-0.011444,0.013428,-0.0047509,0.023193,2.5018,4.9765,-0.00030518
-0.01297,0.015717,-0.0047509,0.02533,2.5009,4.9765,-0.00061035
0.00045776,0.011597,-0.0042758,0.023193,2.5009,4.9762,-0.00030518
0.0071716,-0.0015259,-0.005226,0.02182,2.5018,4.9765,0
0.0018311,-0.017853,-0.0047509,0.02121,2.5021,4.9771,-0.00061035
-0.014954,-0.018158,-0.005226,0.020294,2.5009,4.978,-0.00030518
-0.012817,-0.0019836,-0.0047509,0.021973,2.5018,4.9771,-0.00030518
-0.014191,0.010223,-0.0047509,0.018158,2.5012,4.9777,0
-0.00045776,0.007019,-0.0047509,0.012512,2.5021,4.9771,0.00061035
0.012054,-0.0068665,-0.0047509,0.010834,2.5003,4.9774,0.00030518
0.010529,-0.02182,-0.0042758,0.016479,2.5012,4.978,0.00030518
-0.007782,-0.025177,-0.0047509,0.02121,2.5012,4.9765,0
-0.014954,-0.017853,-0.0042758,0.022125,2.5009,4.9786,0
-0.0073242,-0.010376,-0.0047509,0.021057,2.5006,4.9786,0
-0.0030518,-0.0054932,-0.0047509,0.019836,2.5006,4.9792,0.00091553
-0.0061035,-0.0054932,-0.0047509,0.019226,2.4997,4.9789,0.00030518
0.0021362,-0.0041199,-0.0042758,0.017395,2.5015,4.9789,0.00030518
0.0056458,-0.00076294,-0.0042758,0.014954,2.4997,4.9789,-0.00061035
-0.00045776,-0.00076294,-0.005701,0.015869,2.5018,4.9792,-0.00030518
-0.010986,-0.0022888,-0.0047509,0.021973,2.5015,4.9783,0.00030518
-0.0177,-0.00076294,-0.0047509,0.02243,2.5012,4.9789,0.00030518
-0.014954,0.0042725,-0.0047509,0.014343,2.5012,4.9786,0.00030518
-0.0053406,0.014648,-0.0042758,0.0048828,2.5018,4.9789,-0.00030518
0.0019836,0.022125,-0.0042758,0.0028992,2.5012,4.9799,0
0.0035095,0.018005,-0.0038007,0.0090027,2.5009,4.9792,0
-0.0022888,0.013733,-0.0038007,0.014496,2.5009,4.9789,0.00091553
-0.00045776,0.01297,-0.0038007,0.0177,2.5003,4.9786,0.00030518
-0.00030518,0.01236,-0.0047509,0.018921,2.5021,4.9762,0.00030518
0.0038147,0.005188,-0.0042758,0.017395,2.5012,4.9753,0
0.0080872,-0.0032043,-0.0047509,0.0082397,2.5012,4.975,-0.00030518
0.007782,-0.0038147,-0.0047509,-0.0013733,2.5018,4.9741,-0.00030518
0.0054932,-0.0019836,-0.005226,-0.0056458,2.5015,4.9741,0.00030518
0,0.00045776,-0.0047509,-0.0022888,2.5012,4.975,-0.00030518
-0.0036621,0.0038147,-0.0047509,-0.00015259,2.5012,4.975,0.00030518
-0.0071716,0.013733,-0.0047509,-0.0033569,2.5012,4.9756,0.00030518
-0.010834,0.034332,-0.0047509,-0.0047302,2.5021,4.9744,0
0.00045776,0.049591,-0.005226,-0.0038147,2.5015,4.9756,0
0.0059509,0.045929,-0.0042758,-0.0054932,2.5021,4.9759,-0.00030518
0.0064087,0.028229,-0.005226,-0.0088501,2.5012,4.9753,0.00061035
0.0090027,0.011139,-0.0038007,-0.012054,2.5012,4.9762,-0.00030518
0.013275,0.0039673,-0.0047509,-0.013733,2.5012,4.9753,0
0.014343,-0.00045776,-0.005226,-0.011902,2.5021,4.9771,0
0.018158,-0.0059509,-0.0042758,-0.010986,2.5018,4.9783,0
0.036774,-0.007019,-0.005701,-0.010071,2.5012,4.9783,-0.00030518
0.017548,-0.011902,-0.005226,-0.0082397,2.5006,4.9783,-0.00030518
-0.0073242,-0.021515,-0.0042758,-0.0057983,2.5012,4.9786,0
0.016022,-0.029297,-0.005226,-0.0012207,2.5021,4.9783,0
0.015717,-0.027771,-0.0038007,0.0061035,2.5015,4.9786,0.00030518
-0.0013733,-0.021667,-0.0047509,0.0086975,2.5015,4.9783,-0.00030518
-0.0015259,-0.018921,-0.0042758,0.0036621,2.5012,4.9789,0
0.00045776,-0.015717,-0.0047509,-0.0056458,2.5015,4.9786,-0.00030518
-0.004425,-0.011597,-0.0047509,-0.0065613,2.5009,4.9777,-0.00030518
-0.0053406,-0.0056458,-0.0038007,-0.0024414,2.5009,4.978,-0.00061035
0.0018311,0.00015259,-0.0042758,0.0036621,2.5009,4.9777,0.00030518
0.0062561,0.0045776,-0.0038007,0.0047302,2.5015,4.9762,-0.00091553
-0.0057983,0.0054932,-0.0047509,-0.0019836,2.5012,4.9765,0.00030518
0.00015259,0.010986,-0.0047509,-0.007019,2.5012,4.9768,0.00061035
0.0057983,0.016632,-0.0047509,-0.0057983,2.5012,4.9768,-0.00030518
0.0065613,0.014343,-0.0047509,-0.00091553,2.5009,4.9765,0.00030518
0.0010681,0.016174,-0.0042758,0.00076294,2.5018,4.9762,0.00030518
0.00015259,0.025024,-0.0047509,-0.00015259,2.5015,4.9762,0.00061035
0.010529,0.011139,-0.0042758,-0.0022888,2.5009,4.9768,0.00061035
0.018768,-0.019531,-0.0042758,-0.0048828,2.5012,4.978,0
0.02121,-0.029602,-0.005226,-0.0091553,2.5018,4.9771,0.00030518
0.021362,-0.015564,-0.0042758,-0.014496,2.5012,4.9768,0.00030518
0.033112,0.0032043,-0.0047509,-0.014038,2.5009,4.9771,-0.00030518
0.040894,0.0086975,-0.0042758,-0.0047302,2.5018,4.9774,-0.00030518
0.017242,0.0010681,-0.0042758,0.0032043,2.5009,4.9771,0.00061035
0.0016785,-0.0010681,-0.0042758,0.005188,2.5018,4.978,0
0.0019836,0.0041199,-0.0047509,0.00076294,2.5015,4.9777,-0.00030518
0.007019,0.011292,-0.005226,-0.0035095,2.5012,4.9796,0.00030518
0.00091553,0.013123,-0.0047509,-0.0050354,2.5015,4.9789,0
0.004425,0.0021362,-0.0047509,-0.0061035,2.5006,4.9792,0.00030518
0.012512,-0.016937,-0.0047509,-0.0024414,2.5015,4.9789,0.00091553
0.009613,-0.027771,-0.005226,0.00061035,2.5012,4.9802,0.00030518
-0.00015259,-0.016937,-0.0042758,0.00045776,2.5018,4.9774,0.00030518
0.0094604,-0.0016785,-0.0047509,-0.0050354,2.5012,4.9789,-0.00030518
0.011749,0.0019836,-0.005226,-0.0086975,2.5015,4.978,-0.00061035
0.0067139,0.0022888,-0.0042758,-0.0094604,2.5009,4.9786,0.00030518
0.0074768,0.0068665,-0.005226,-0.016632,2.5024,4.9789,0
0.010681,0.011597,-0.0047509,-0.018616,2.5015,4.9792,0.00030518
0.0024414,0.015717,-0.0047509,-0.015411,2.5012,4.9783,0.00030518
-0.0039673,0.021515,-0.0042758,-0.015411,2.5012,4.978,-0.00061035
-0.00030518,0.025482,-0.0042758,-0.0177,2.5,4.9789,0
0.0086975,0.016479,-0.0047509,-0.023193,2.5009,4.9783,-0.00030518
0.0086975,-0.0036621,-0.0047509,-0.021973,2.5003,4.9796,0
0.01297,-0.028534,-0.0047509,-0.02121,2.5012,4.9783,0
0.0082397,-0.050507,-0.0042758,-0.023804,2.5024,4.9786,0.00030518
0.0053406,-0.058441,-0.0047509,-0.026855,2.5018,4.9792,0
0.012817,-0.040436,-0.005226,-0.030518,2.5012,4.9786,0
0.021515,-0.010376,-0.0047509,-0.032349,2.5006,4.9792,-0.00030518
0.017853,0.011444,-0.0047509,-0.033722,2.5006,4.9789,-0.00061035
0.014343,0.019684,-0.0038007,-0.032349,2.5018,4.9783,0.00061035
0.014801,0.02243,-0.0047509,-0.028839,2.5012,4.9792,0.00091553
0.0074768,0.01709,-0.005226,-0.02655,2.5009,4.978,0.00030518
0.0024414,0.0024414,-0.005226,-0.026703,2.5015,4.9777,0.00030518
0.015106,-0.0097656,-0.0038007,-0.02594,2.5012,4.9786,0
0.013733,-0.016632,-0.005226,-0.026703,2.5009,4.9789,0.00030518
0.0059509,-0.017548,-0.0042758,-0.02533,2.5012,4.9789,0.00030518
0.0082397,-0.01709,-0.0047509,-0.023956,2.5009,4.9789,0.00030518
0.0076294,-0.020752,-0.0047509,-0.023041,2.5003,4.9792,0.00061035
-0.0013733,-0.019684,-0.0033257,-0.023346,2.5009,4.9796,0
-0.0042725,-0.014343,-0.005701,-0.025482,2.5009,4.9796,0
-0.0027466,-0.011292,-0.0047509,-0.023956,2.5018,4.9789,0
0.00045776,-0.0041199,-0.005226,-0.024261,2.5018,4.9786,0
0.0021362,0,-0.005226,-0.030365,2.5024,4.9789,0
0.016479,-0.0065613,-0.0042758,-0.032043,2.5021,4.9783,0.00030518
0.007782,-0.014343,-0.0047509,-0.031128,2.5015,4.9744,0.00030518
-0.0085449,-0.014954,-0.0042758,-0.032043,2.5021,4.9725,-0.00030518
0.0033569,-0.0090027,-0.0047509,-0.02533,2.5018,4.9704,0
0.044861,-0.004425,-0.0042758,-0.015564,2.5012,4.9695,0.00061035
0.037231,-0.00091553,-0.0042758,-0.013275,2.5015,4.9698,0.00061035
-0.0019836,0.0045776,-0.0042758,-0.015717,2.5009,4.9701,0
-0.010986,0.0054932,-0.0047509,-0.021362,2.5012,4.9701,0
-0.0035095,0.002594,-0.0042758,-0.023651,2.5012,4.971,-0.00030518
-0.010071,-0.00076294,-0.005226,-0.020294,2.5015,4.9704,0
-0.0080872,-0.0013733,-0.0047509,-0.019073,2.5012,4.9713,0
-0.0076294,0.0024414,-0.0047509,-0.018921,2.5012,4.9722,0
-0.0024414,0.0091553,-0.0042758,-0.018463,2.5021,4.9728,0
-0.0015259,0.0093079,-0.0047509,-0.016327,2.5009,4.9734,0.00061035
-0.0076294,0.0041199,-0.0042758,-0.015259,2.5018,4.9738,0.00061035
-0.0079346,0.0028992,-0.0042758,-0.014801,2.5012,4.9753,-0.00061035
-0.0067139,0.013733,-0.005226,-0.01236,2.5012,4.9759,0
-0.0030518,0.033112,-0.005226,-0.010681,2.5015,4.9774,-0.00030518
0.00015259,0.042572,-0.005226,-0.0099182,2.5015,4.9774,0
-0.0012207,0.037231,-0.0042758,-0.0053406,2.5009,4.9777,0
0.0035095,0.019836,-0.0038007,-0.0038147,2.5015,4.9792,0
0.0018311,-0.0073242,-0.0042758,-0.0035095,2.5003,4.9777,-0.00030518
0,-0.032349,-0.0042758,-0.0047302,2.5021,4.9796,0.00061035
-0.0036621,-0.032349,-0.0047509,-0.0082397,2.5015,4.9789,-0.00061035
0.002594,-0.011597,-0.0042758,-0.016937,2.5009,4.9789,0
0.0088501,0.0067139,-0.0047509,-0.027771,2.5015,4.9786,-0.00030518
0.0050354,0.01709,-0.0042758,-0.029144,2.5015,4.9789,0.00030518
0.00091553,0.024109,-0.0047509,-0.026245,2.5006,4.9789,0.00030518
0.0024414,0.032043,-0.0042758,-0.02243,2.5015,4.9796,-0.00030518
0.0030518,0.03479,-0.0038007,-0.020142,2.5009,4.9777,0
0.011597,0.029907,-0.005226,-0.014191,2.5021,4.9783,0
0.010834,0.020905,-0.005226,-0.0090027,2.5015,4.9796,0.00030518
0.016479,0.0177,-0.0042758,-0.0093079,2.5021,4.9783,0
0.01709,0.024109,-0.0047509,-0.0088501,2.5009,4.9786,-0.00030518
0.0067139,0.022736,-0.005226,-0.0097656,2.5009,4.9796,0.00030518
-0.005188,0.0021362,-0.0042758,-0.010223,2.5009,4.9792,-0.00030518
-0.011292,-0.011597,-0.0047509,-0.0091553,2.5012,4.9799,0.00030518
-0.0094604,0.013733,-0.0047509,-0.0039673,2.5012,4.9789,-0.00030518
-0.010681,0.056152,-0.0042758,-0.0010681,2.5015,4.9789,0.00030518
-0.017395,0.073547,-0.0047509,0.0013733,2.5021,4.9792,0.00030518
0.00091553,0.068665,-0.0047509,0.0012207,2.5009,4.9792,-0.00030518
0.029602,0.053558,-0.0042758,0.00076294,2.5015,4.9792,-0.00030518
0.06073,0.023193,-0.0033257,-0.0047302,2.5015,4.9792,0
0.048065,-0.02594,-0.0042758,-0.013123,2.5009,4.9792,-0.00030518
-0.0010681,-0.067291,-0.005226,-0.016022,2.5012,4.9789,0.00030518
-0.017242,-0.074005,-0.0047509,-0.012054,2.5015,4.9789,0.00030518
-0.0079346,-0.054474,-0.0038007,-0.0059509,2.5009,4.9786,0
-0.010223,-0.031891,-0.005226,-0.0030518,2.5015,4.9802,0
-0.022888,-0.019379,-0.0042758,-0.00015259,2.5009,4.9792,0.00030518
-0.023346,-0.010986,-0.0047509,0.00045776,2.5018,4.978,-0.00061035
0.0016785,-0.00030518,-0.0033257,-0.0027466,2.5003,4.9786,0.00030518
0.0035095,0.007782,-0.0038007,-0.0012207,2.5009,4.9789,0.00030518
-0.0045776,0.0035095,-0.0042758,0.0010681,2.5009,4.9789,0.00030518
-0.0041199,-0.0030518,-0.0047509,0.0012207,2.5009,4.9786,0
0.00091553,-0.0028992,-0.0047509,-0.0010681,2.5009,4.9789,0.00061035
-0.0099182,-0.0074768,-0.0042758,-0.0065613,2.5015,4.9792,0
-0.014496,-0.014191,-0.0042758,-0.007019,2.5012,4.9789,0
-0.016327,-0.013885,-0.0042758,-0.0018311,2.5009,4.9792,0.00061035
-0.012207,-0.011292,-0.0042758,-0.0024414,2.5024,4.9789,0.00030518
-0.02182,-0.019226,-0.0047509,-0.004425,2.5015,4.9783,0.00030518
-0.0085449,-0.0383,-0.0047509,-0.0054932,2.5015,4.978,-0.00030518
-0.0015259,-0.050659,-0.0028506,-0.0071716,2.5021,4.9765,-0.00030518
-0.0024414,-0.040894,-0.005226,-0.0086975,2.5009,4.9762,0.00030518
-0.010834,-0.019531,-0.0042758,-0.0091553,2.5015,4.9771,-0.00030518
-0.02182,-0.0010681,-0.0038007,-0.0079346,2.5003,4.9765,0.00091553
-0.019073,0.0073242,-0.0038007,-0.0057983,2.5015,4.9762,0.00030518
-0.011749,0.0067139,-0.0038007,-0.00045776,2.5018,4.9765,0
-0.007019,0.0062561,-0.0042758,0.002594,2.5012,4.9759,0
-0.012054,0.0035095,-0.0042758,0.00091553,2.5003,4.9774,-0.00030518
-0.029755,-0.0039673,-0.005226,0.0019836,2.5015,4.9768,0
-0.020752,-0.0057983,-0.0042758,0.0062561,2.5012,4.9777,0.00030518
-0.017242,-0.0053406,-0.0038007,0.014038,2.5015,4.9771,-0.00030518
-0.020752,-0.0086975,-0.0047509,0.02182,2.5021,4.9774,0
-0.021973,-0.009613,-0.0047509,0.022278,2.5015,4.978,-0.00061035
-0.016022,-0.0030518,-0.0047509,0.02243,2.5018,4.978,-0.0015259
-0.014343,0.0065613,-0.0047509,0.025177,2.5006,4.9774,0.00030518
-0.01236,0.011444,-0.0047509,0.027313,2.5012,4.978,-0.00061035
0.0016785,0.011139,-0.005226,0.024261,2.5012,4.9792,0
0.023041,0.010529,-0.0038007,0.016327,2.5009,4.9799,0.00030518
-0.0013733,0.011597,-0.0042758,0.0073242,2.5003,4.9799,0
-0.026855,0.013733,-0.0042758,0.007782,2.5009,4.9792,0.00030518
-0.023956,0.012207,-0.0038007,0.016632,2.5015,4.9762,0.00030518
-0.012665,0.0099182,-0.0047509,0.021973,2.5009,4.9744,-0.00030518
-0.01709,0.011444,-0.0042758,0.024872,2.5018,4.975,0.00030518
-0.028687,0.010986,-0.0042758,0.030823,2.5015,4.975,0.00091553
-0.032196,0.0067139,-0.0047509,0.036163,2.5018,4.9747,0.00030518
-0.026703,-0.0021362,-0.0047509,0.041046,2.5009,4.975,0
-0.021057,-0.019379,-0.0047509,0.037537,2.5027,4.9747,0.00030518
-0.016785,-0.033417,-0.0038007,0.028839,2.5009,4.9756,0
-0.013123,-0.0354,-0.005701,0.025787,2.5024,4.9734,0
0.0090027,-0.030212,-0.0042758,0.027924,2.5009,4.9756,-0.00030518
0.0038147,-0.020905,-0.0042758,0.030823,2.5015,4.9762,0
-0.011139,-0.01358,-0.005226,0.034332,2.5003,4.9759,0.00061035
-0.015564,-0.012054,-0.0042758,0.034332,2.5012,4.9759,0
-0.009613,-0.012512,-0.0042758,0.035095,2.5006,4.9762,0.00030518
0.025177,-0.011749,-0.0042758,0.038757,2.5015,4.9777,-0.00030518
0.024567,-0.0099182,-0.0047509,0.036774,2.5012,4.9792,-0.00030518
-0.009613,-0.0086975,-0.0047509,0.029297,2.5012,4.9786,-0.00030518
-0.028992,-0.0083923,-0.0042758,0.022736,2.5018,4.9792,-0.00030518
-0.039368,-0.0054932,-0.005226,0.019684,2.5012,4.9789,0.00030518
-0.027161,-0.0036621,-0.0047509,0.020905,2.5012,4.9786,-0.00030518
-0.0027466,-0.0061035,-0.0047509,0.022278,2.5024,4.9796,-0.00030518
0.0097656,-0.010376,-0.0033257,0.020142,2.5024,4.9792,0
0.0032043,0.0030518,-0.0047509,0.016479,2.5015,4.9796,0
-0.00030518,0.027618,-0.0047509,0.016174,2.5006,4.9789,-0.00061035
-0.0088501,0.03891,-0.0033257,0.017242,2.5009,4.9792,0.00030518
-0.03006,0.029449,-0.005226,0.020905,2.5012,4.9796,0.00030518
-0.031433,0.010071,-0.0047509,0.02594,2.5024,4.9796,0.00030518
-0.017395,-0.013885,-0.005226,0.027924,2.5015,4.9789,0.00030518
-0.023041,-0.028381,-0.0038007,0.02533,2.5012,4.9777,0.00091553
-0.01709,-0.023499,-0.0042758,0.023041,2.5018,4.9789,0.00030518
0.00045776,-0.010376,-0.0038007,0.024719,2.5012,4.9786,0.00061035
-0.00030518,-0.00030518,-0.0042758,0.025787,2.5012,4.978,0
-0.019531,0.0012207,-0.0047509,0.024872,2.5015,4.9786,-0.00061035
-0.020142,-0.0010681,-0.005701,0.023193,2.5006,4.9796,0.00030518
-0.0056458,-0.00045776,-0.0042758,0.018768,2.5012,4.9792,0.00030518
0.0010681,0,-0.0047509,0.014191,2.5009,4.9789,0.00030518
0.0073242,0.00061035,-0.005226,0.015869,2.5009,4.978,-0.00061035
-0.00091553,0.0047302,-0.005226,0.018311,2.5012,4.9783,-0.00030518
-0.016479,0.007019,-0.0038007,0.021057,2.5012,4.9771,0.00030518
-0.0083923,0.0091553,-0.0042758,0.025635,2.5009,4.9765,-0.00030518
-0.014343,0.0099182,-0.0042758,0.030823,2.5009,4.9765,-0.00061035
-0.016022,0.0038147,-0.0047509,0.031128,2.5009,4.9774,-0.00030518
-0.0094604,-0.00015259,-0.0047509,0.029449,2.5009,4.9759,0.00030518
-0.015106,0.0088501,-0.005226,0.033875,2.5012,4.9762,-0.00061035
-0.0080872,0.019684,-0.0047509,0.038605,2.5021,4.9759,0.00061035
-0.0010681,0.021362,-0.0042758,0.039215,2.5012,4.9768,0
-0.0022888,0.017548,-0.005226,0.039063,2.5,4.9783,0.00030518
-0.0027466,0.015259,-0.0042758,0.038605,2.5006,4.9774,0
-0.011444,0.01358,-0.0042758,0.038452,2.5015,4.978,-0.00061035
-0.0053406,0.011902,-0.0042758,0.033722,2.5006,4.9771,0
-0.0080872,0.012665,-0.0047509,0.032806,2.5009,4.9777,-0.00061035
-0.028534,0.011597,-0.0042758,0.036774,2.5012,4.9783,0.00030518
-0.030365,0.009613,-0.0042758,0.039063,2.5015,4.9771,0
-0.0068665,0.0048828,-0.0047509,0.036316,2.5018,4.9774,0.00030518
0.0050354,0.0016785,-0.0047509,0.036926,2.5009,4.9768,-0.00030518
-0.00076294,-0.00076294,-0.0038007,0.039673,2.5009,4.9765,0.00030518
-0.0062561,-0.0054932,-0.0038007,0.042419,2.5009,4.978,0.00030518
-0.009613,-0.015106,-0.0042758,0.042877,2.5009,4.9768,0.00030518
-0.0050354,-0.015564,-0.0042758,0.040894,2.5021,4.9777,0.00030518
0.015106,-0.0042725,-0.0038007,0.036163,2.5015,4.9783,0.00030518
0.013885,0.0042725,-0.0042758,0.032349,2.5009,4.9786,-0.00030518
-0.0039673,0.0064087,-0.005701,0.031281,2.5009,4.9789,-0.00030518
-0.010223,0.009613,-0.0047509,0.037842,2.5009,4.9786,0
-0.015564,0.016327,-0.0047509,0.04425,2.5015,4.9796,-0.00030518
-0.018768,0.019226,-0.005226,0.041656,2.5018,4.9789,-0.0012207
-0.012512,0.01709,-0.0038007,0.035248,2.5018,4.9789,0
-0.0071716,0.011444,-0.005226,0.032501,2.5015,4.9789,0.00030518
-0.0038147,0.010223,-0.0047509,0.033569,2.5012,4.9789,0.00030518
0.019379,0.010834,-0.005226,0.034637,2.5015,4.9777,0.00030518
0.029907,0.0059509,-0.0042758,0.031128,2.5009,4.9783,0
-0.002594,0.0053406,-0.0047509,0.029144,2.5018,4.9783,0.00030518
-0.025177,0.01358,-0.0047509,0.027008,2.5003,4.9786,0
-0.026093,0.011597,-0.005226,0.02533,2.5015,4.9789,0
-0.019531,-0.0010681,-0.0042758,0.025482,2.5009,4.9786,0
0.0068665,-0.010376,-0.0047509,0.024109,2.5018,4.9786,0
0.036469,-0.0083923,-0.005226,0.02121,2.5003,4.9792,0.00030518
0.0027466,-0.0035095,-0.0042758,0.019684,2.5009,4.9796,0.00030518
-0.027771,-0.0019836,-0.0042758,0.019989,2.5027,4.9796,0.00030518
-0.025177,-0.0036621,-0.0042758,0.025787,2.5024,4.9792,0.00030518
-0.0048828,-0.0053406,-0.005226,0.029449,2.5006,4.9786,-0.00030518
0.0048828,0.00091553,-0.0042758,0.026855,2.5006,4.9756,-0.00061035
0.0038147,0.019073,-0.0033257,0.022278,2.5009,4.975,0.00030518
0.002594,0.043945,-0.005701,0.020294,2.5015,4.9747,-0.00061035
0.0062561,0.062866,-0.0047509,0.01297,2.5018,4.9734,-0.00030518
0.0016785,0.06958,-0.005226,0.010223,2.5018,4.9744,0
-0.01297,0.056915,-0.0047509,0.016785,2.5018,4.9744,0.00030518
-0.023651,0.030823,-0.0042758,0.020142,2.5006,4.9747,0.00030518
-0.027466,-0.0067139,-0.005226,0.016327,2.5009,4.9744,-0.00030518
-0.022125,-0.046234,-0.0042758,0.012512,2.5015,4.9734,-0.00091553
-0.0019836,-0.054321,-0.005226,0.0091553,2.5009,4.9753,0.00030518
0.0015259,-0.034027,-0.005701,0.0083923,2.5006,4.9756,0
0,-0.0016785,-0.0047509,0.0061035,2.5018,4.9753,-0.00030518
0.0035095,0.026855,-0.0047509,0.0054932,2.5003,4.9762,0.00030518
0.0080872,0.042114,-0.005226,0.0036621,2.5015,4.9765,0
0.0091553,0.042877,-0.0047509,0.004425,2.5021,4.9771,0
0.0042725,0.031281,-0.0042758,0.0097656,2.5015,4.9786,0.00030518
-0.0016785,0.013123,-0.0042758,0.013733,2.5009,4.9786,-0.00030518
-0.0047302,0.0067139,-0.0042758,0.011902,2.5021,4.9789,0
-0.0054932,0.0091553,-0.0047509,0.010834,2.5009,4.9783,0.00061035
0.0073242,0.0088501,-0.0042758,0.0076294,2.5012,4.978,0.00030518
0.0068665,0.0030518,-0.0038007,0.0032043,2.5012,4.9768,-0.00030518
-0.0059509,-0.0054932,-0.005226,0.0056458,2.5006,4.9765,0
-0.02182,-0.016785,-0.005701,0.0093079,2.5015,4.9765,-0.00030518
-0.023956,-0.036163,-0.005226,0.0068665,2.5009,4.9768,0
-0.017548,-0.054932,-0.0047509,0.0030518,2.5012,4.9774,0.00030518
-0.013275,-0.063934,-0.0042758,-0.0015259,2.5009,4.9765,-0.00030518
-0.010834,-0.062256,-0.0047509,-0.0056458,2.5021,4.9762,0.00091553
-0.0056458,-0.049591,-0.0042758,-0.0073242,2.5012,4.9771,0
-0.0056458,-0.030365,-0.0042758,-0.010834,2.5015,4.9768,-0.00061035
0.0027466,-0.014038,-0.0042758,-0.0061035,2.5021,4.9777,0
-0.0041199,-0.0080872,-0.0042758,0.0056458,2.5027,4.9777,0.00030518
-0.013885,-0.009613,-0.005226,0.011292,2.5015,4.9774,-0.00030518
-0.012817,-0.01236,-0.0042758,0.007782,2.5015,4.9774,0.00061035
-0.0074768,-0.01297,-0.0047509,0.0015259,2.5021,4.9777,0.00030518
-0.0065613,-0.012817,-0.0047509,0.0022888,2.5006,4.9777,0
-0.0045776,-0.011902,-0.005701,0.0032043,2.5012,4.9774,0.00030518
0.00045776,-0.0086975,-0.0042758,-0.00091553,2.5018,4.9789,0
0.00061035,-0.0059509,-0.0047509,-0.0035095,2.5006,4.9783,0
-0.0027466,-0.0045776,-0.005226,-0.0036621,2.5012,4.9796,-0.00061035
0.017242,-0.0024414,-0.0047509,-0.0030518,2.5009,4.9796,0.00091553
0.020599,-0.00015259,-0.0042758,-0.0033569,2.5009,4.9783,0
0.0097656,0.0036621,-0.005226,-0.005188,2.5018,4.9783,0.00030518
0.0080872,0.0083923,-0.0047509,-0.0076294,2.5018,4.9789,0
0.011597,0.010681,-0.0042758,-0.0033569,2.5009,4.9789,-0.00030518
0.0097656,0.011749,-0.0033257,0.0064087,2.5015,4.9774,0.00030518
0.010071,0.014648,-0.0042758,0.012054,2.5006,4.9783,0.00030518
0.010834,0.019226,-0.005701,0.013123,2.5015,4.9792,0.00061035
0.0053406,0.018768,-0.0042758,0.0085449,2.5009,4.9789,0.00061035
-0.0042725,0.0083923,-0.0047509,0.0048828,2.5015,4.978,-0.00061035
0.0010681,-0.012512,-0.0042758,0.0082397,2.5009,4.978,0.00030518
0.0086975,-0.029297,-0.0047509,0.013733,2.5012,4.9786,0
0.015564,-0.029297,-0.0042758,0.015717,2.5006,4.9789,0.00030518
0.019531,-0.019531,-0.005226,0.014801,2.5018,4.9796,-0.00061035
0.013885,-0.0090027,-0.0042758,0.01358,2.5009,4.9789,0.00061035
0.0027466,-0.0056458,-0.0042758,0.009613,2.5012,4.9789,-0.00030518
-0.0013733,-0.0042725,-0.0047509,0.0024414,2.5012,4.9792,0
-0.0019836,-0.0022888,-0.0047509,0.007019,2.5009,4.9777,0
-0.0036621,-0.0056458,-0.0047509,0.02243,2.5006,4.9789,0.00061035
-0.0083923,-0.0093079,-0.0042758,0.026245,2.5015,4.9792,0
-0.00091553,-0.010376,-0.005226,0.020294,2.5009,4.9789,0
0.00015259,-0.010529,-0.0042758,0.015564,2.5018,4.9777,0.00030518
-0.0050354,-0.009613,-0.0047509,0.010223,2.5015,4.9796,0.00030518
-0.009613,-0.0050354,-0.0047509,0.002594,2.5006,4.9789,0.00030518
-0.010834,0.00015259,-0.0042758,0.00045776,2.5009,4.9796,0
-0.0041199,0.0067139,-0.0042758,0.0024414,2.5003,4.9792,0.00030518
0.0030518,0.011749,-0.0038007,0.0015259,2.5018,4.9792,0
0.0024414,0.012817,-0.005226,-0.004425,2.5009,4.9789,0
0.0010681,0.011292,-0.0047509,-0.0053406,2.5015,4.9786,0
-0.0013733,0.010986,-0.0047509,-0.004425,2.5006,4.9765,-0.00030518
0.0090027,0.0091553,-0.0047509,-0.0041199,2.5015,4.9786,0.00030518
0.009613,0.0068665,-0.0061761,-0.0010681,2.5009,4.9783,-0.00061035
0.0027466,0.0061035,-0.0042758,0.0019836,2.5009,4.9786,0
0.0048828,0.0022888,-0.005226,0.00015259,2.5015,4.9789,-0.00030518
0.014648,-0.0010681,-0.0047509,-0.002594,2.5015,4.9792,0.00030518
0.014954,-0.0015259,-0.0038007,-0.0018311,2.5018,4.9789,-0.00030518
0.011597,0.0022888,-0.0047509,-0.0027466,2.5015,4.9789,-0.00061035
0.0094604,0.0033569,-0.0047509,-0.0041199,2.5015,4.9777,0.00061035
0.012512,0.0024414,-0.0042758,-0.0022888,2.5021,4.9777,0
0.016327,0.0050354,-0.005226,-0.0038147,2.5018,4.9768,0.00030518
0.033417,0.010681,-0.0047509,-0.009613,2.5012,4.9774,-0.00030518
0.03479,0.012512,-0.0047509,-0.010986,2.5024,4.9716,0.00030518
0.017548,0.014191,-0.0042758,-0.0019836,2.5006,4.9701,0.00030518
0.0056458,0.019226,-0.0038007,0.011749,2.5012,4.9704,0
0.005188,0.025787,-0.005226,0.01709,2.5009,4.9695,-0.00030518
0.0056458,0.031281,-0.0028506,0.015106,2.5021,4.9698,-0.00061035
0.0073242,0.030975,-0.0033257,0.011139,2.5015,4.9701,0.00030518
0.0091553,0.027313,-0.0047509,0.0065613,2.5027,4.9716,0.00030518
0.0083923,0.014648,-0.0047509,0.0048828,2.5006,4.9728,0
0.0032043,0.00030518,-0.0042758,0.0059509,2.5009,4.9719,0
0.016327,-0.0010681,-0.0038007,0.0062561,2.5006,4.9734,-0.00061035
0.021057,0.0090027,-0.0038007,0.0042725,2.5012,4.9744,0
0.019226,0.010376,-0.0047509,-0.00061035,2.5015,4.9741,0.00030518
0.015869,-0.005188,-0.0047509,-0.0041199,2.5024,4.9747,-0.00061035
0.0045776,-0.018921,-0.0042758,-0.0028992,2.5015,4.9747,0
0.0030518,-0.017548,-0.0038007,0.0019836,2.5015,4.9771,-0.00061035
0.0088501,-0.011139,-0.0042758,0.0073242,2.5006,4.9789,0
0.009613,-0.010834,-0.0047509,0.010529,2.5015,4.9799,0.00030518
-0.00061035,-0.013428,-0.005226,0.010681,2.5006,4.9783,0.00061035
0.0039673,-0.012665,-0.0042758,0.0059509,2.5012,4.9792,-0.00061035
-0.0041199,-0.0090027,-0.005226,-0.00045776,2.5018,4.9786,0.00030518
-0.023651,0,-0.0042758,-0.0035095,2.5012,4.9789,-0.00061035
-0.028992,0.010986,-0.0038007,-0.0012207,2.5015,4.9792,-0.00030518
-0.028534,0.017548,-0.0047509,0.0041199,2.5012,4.9789,0.00030518
-0.029144,0.023193,-0.0047509,0.0083923,2.5018,4.9786,-0.00061035
-0.024109,0.032959,-0.0042758,0.01236,2.5015,4.9792,0.00030518
-0.010681,0.048828,-0.0047509,0.0041199,2.5027,4.9792,0
0.0053406,0.062714,-0.0047509,-0.0097656,2.5015,4.9799,0
0.0074768,0.054474,-0.0047509,-0.012512,2.5021,4.978,0.00030518
-0.0054932,0.019836,-0.0042758,-0.0019836,2.5015,4.978,0
-0.0071716,-0.027924,-0.0047509,0.011139,2.5021,4.9789,0.00030518
-0.011444,-0.065155,-0.005226,0.0177,2.5006,4.9796,0.00030518
-0.010071,-0.065308,-0.0042758,0.013885,2.5015,4.9789,0.00030518
-0.0057983,-0.036926,-0.0047509,0.0061035,2.5006,4.9792,0.00030518
-0.0010681,-0.012054,-0.005226,-0.0013733,2.5012,4.9792,-0.00030518
0.0016785,-0.0045776,-0.0042758,-0.0057983,2.5,4.9796,0.00061035
0.0036621,-0.0080872,-0.0047509,-0.0047302,2.5015,4.9792,-0.00030518
0.0050354,-0.013885,-0.0038007,-0.0054932,2.5012,4.9786,0.00061035
0.033112,-0.01709,-0.0042758,-0.0074768,2.5012,4.9789,0
0.061493,-0.014191,-0.0042758,-0.0094604,2.5018,4.9802,0
0.069122,-0.0085449,-0.005226,-0.0088501,2.5006,4.9786,0
0.031891,-0.0030518,-0.0047509,-0.009613,2.5018,4.9796,0
-0.013123,0.00076294,-0.0033257,-0.007782,2.5009,4.9783,0.00030518
-0.022583,0.0024414,-0.0047509,-0.0091553,2.5006,4.9786,0
-0.0085449,0.00061035,-0.0038007,-0.0091553,2.5012,4.9796,0.00030518
-0.0038147,0.0016785,-0.005226,-0.0057983,2.5009,4.9789,0.00030518
-0.0094604,0.0033569,-0.005226,-0.0054932,2.5015,4.978,0
-0.0059509,0.0042725,-0.0042758,-0.0065613,2.5006,4.9786,0
-0.010223,0.0056458,-0.0047509,-0.005188,2.5006,4.9799,0.00030518
-0.019989,0.010834,-0.005226,-0.0065613,2.5015,4.978,-0.00061035
-0.0027466,0.018616,-0.0042758,-0.0076294,2.5018,4.9783,-0.00061035
0.0086975,0.02182,-0.0047509,-0.0079346,2.5015,4.978,0
0.0083923,0.018463,-0.0047509,-0.0073242,2.5012,4.9789,0
0.0056458,0.011597,-0.0047509,-0.0048828,2.5009,4.9786,0
0.0090027,0.0033569,-0.005226,-0.0057983,2.5012,4.9786,0.00030518
0.016327,-0.00061035,-0.0047509,-0.010834,2.5009,4.978,0.00030518
0.016479,0.0036621,-0.0038007,-0.014648,2.5018,4.9771,0
0.0090027,0.012512,-0.005226,-0.01358,2.5021,4.9774,0.00030518
0.0019836,0.022125,-0.005226,-0.010223,2.5012,4.9768,-0.00030518
-0.0076294,0.03479,-0.0047509,-0.0097656,2.5009,4.9768,0.00061035
0.0047302,0.059509,-0.005701,-0.0080872,2.5012,4.9759,-0.00030518
0.010376,0.088043,-0.0042758,-0.0039673,2.5018,4.9765,0
-0.00045776,0.10193,-0.0047509,0.0021362,2.5012,4.9759,-0.00030518
-0.0068665,0.078278,-0.0042758,0.0061035,2.5018,4.9765,0
-0.002594,0.029907,-0.0047509,0.0015259,2.5012,4.9771,0
-0.00061035,-0.0059509,-0.0047509,-0.002594,2.5015,4.9765,0.00061035
-0.002594,-0.032043,-0.0047509,-0.0015259,2.5015,4.9765,0.00061035
-0.0097656,-0.057068,-0.0042758,-0.00045776,2.5012,4.9774,0.00030518
-0.011597,-0.062866,-0.0042758,0.0013733,2.5021,4.9774,0.00030518
-0.016022,-0.040436,-0.0047509,0.0053406,2.5027,4.9774,0
-0.0071716,-0.01709,-0.005701,0.0086975,2.5018,4.9777,0.00030518
-0.0086975,-0.01297,-0.005226,0.012817,2.5009,4.978,0.00030518
-0.016632,-0.027924,-0.0033257,0.015564,2.5009,4.9771,0
-0.025787,-0.052948,-0.0047509,0.016327,2.5012,4.9777,0.00030518
-0.029907,-0.063629,-0.0047509,0.014038,2.5012,4.9783,0.00030518
-0.023499,-0.058289,-0.005226,0.0067139,2.5009,4.9786,0
-0.011292,-0.04715,-0.0047509,0,2.5006,4.9799,-0.00030518
0.011139,-0.028076,-0.0047509,-0.0038147,2.5006,4.9796,0.00030518
0.0073242,-0.0016785,-0.0047509,-0.0032043,2.5015,4.9792,0
-0.013123,0.016632,-0.0047509,0.00045776,2.5009,4.9789,0.00061035
-0.013733,0.010834,-0.0047509,0.0015259,2.5015,4.9786,0.00030518
-0.014191,-0.010376,-0.0047509,0.0035095,2.5009,4.9756,0.00061035
-0.017548,-0.036774,-0.0047509,0.005188,2.5015,4.9753,0.00061035
-0.018921,-0.057983,-0.0047509,0.0080872,2.5018,4.9747,0
-0.023041,-0.061646,-0.0047509,0.014191,2.5012,4.9747,-0.00030518
-0.018768,-0.042877,-0.0042758,0.017242,2.5012,4.9747,-0.00030518
-0.011444,-0.012207,-0.005226,0.015106,2.5006,4.9747,0.00030518
-0.005188,0.014038,-0.0047509,0.011292,2.5018,4.9756,-0.00061035
-0.0065613,0.019379,-0.0047509,0.0091553,2.5021,4.9759,-0.00030518
-0.017548,0.0083923,-0.0042758,0.0082397,2.5012,4.9734,-0.00030518
-0.0085449,0.00076294,-0.0047509,0.011597,2.5015,4.975,-0.00030518
0.0035095,-0.00061035,-0.0042758,0.019684,2.5009,4.975,0.00061035
0.0028992,-0.0042725,-0.0042758,0.020905,2.5009,4.9762,0.00030518
-0.0050354,-0.010986,-0.0042758,0.010529,2.5012,4.9765,0.00061035
-0.0059509,-0.019836,-0.0047509,0.0053406,2.5012,4.9759,0.00061035
0.00030518,-0.020752,-0.0038007,0.0090027,2.5015,4.9777,0.00030518
-0.0024414,-0.014801,-0.0042758,0.013885,2.5015,4.9792,0
-0.0048828,-0.0093079,-0.0042758,0.013275,2.5006,4.9792,0
-0.0016785,-0.0053406,-0.0033257,0.0082397,2.5015,4.9777,-0.00030518
-0.0057983,0.00061035,-0.0047509,0.0093079,2.5024,4.9792,0.00030518
0.0016785,0.0032043,-0.0042758,0.015717,2.5009,4.9792,0.00030518
0.0028992,0.005188,-0.0042758,0.019989,2.5018,4.9792,0.00030518
-0.0068665,0.0086975,-0.005226,0.019073,2.5018,4.9789,-0.00061035
-0.012512,0.01297,-0.005701,0.015717,2.5012,4.9786,0
-0.011597,0.013733,-0.0047509,0.01236,2.5018,4.9771,0.00030518
-0.0061035,0.011139,-0.0042758,0.0088501,2.5003,4.9786,0.00030518
0.00045776,0.0062561,-0.0042758,0.0083923,2.5009,4.9792,0.00030518
0.0033569,0.005188,-0.005226,0.0080872,2.5012,4.9777,0.00061035
-0.0013733,0.0074768,-0.0047509,0.010986,2.5012,4.9786,0
-0.0082397,0.0053406,-0.0038007,0.016632,2.5012,4.9786,0.00030518
-0.0032043,0.002594,-0.0042758,0.019684,2.5015,4.9786,0
-0.0071716,0.0041199,-0.0038007,0.019379,2.5012,4.978,-0.00030518
-0.010986,0.0090027,-0.005226,0.017548,2.5015,4.978,0.00030518
-0.0047302,0.010834,-0.0047509,0.014801,2.5018,4.9771,-0.00030518
0.0047302,0.0074768,-0.0047509,0.01236,2.5018,4.9768,0
0.011902,0.0082397,-0.0038007,0.010529,2.5021,4.9762,0.00030518
0.015869,0.016174,-0.005701,0.0093079,2.5006,4.9768,-0.00030518
0.029297,0.016785,-0.0038007,0.0086975,2.5015,4.9762,0.00030518
0.019531,0.012054,-0.005226,0.0053406,2.5003,4.9771,0.00030518
-0.0056458,0.0085449,-0.0047509,0.0030518,2.5015,4.9765,0
0.01358,0.0061035,-0.0042758,0.0021362,2.5015,4.9768,0.00061035
0.022736,0.0012207,-0.0042758,0.0021362,2.5015,4.9777,0.00030518
-0.0097656,-0.0042725,-0.0042758,0.0038147,2.5003,4.9774,-0.00091553
-0.018463,-0.0073242,-0.0033257,0.0053406,2.5009,4.978,0.00030518
0.010529,-0.0080872,-0.005226,0.0039673,2.5018,4.9771,0
0.025787,-0.010223,-0.0047509,0.0050354,2.5015,4.9774,0.00061035
0.018005,-0.013428,-0.0047509,0.0042725,2.5021,4.9774,0.00030518
0.01297,-0.009613,-0.0042758,0.0010681,2.5009,4.9783,0.00061035
0.02243,0.0071716,-0.0038007,-0.0062561,2.5015,4.9771,0.00061035
0.015717,0.026245,-0.0042758,-0.0086975,2.5015,4.9777,0.00061035
0.018463,0.031738,-0.0047509,-0.0054932,2.5012,4.9783,0.00030518
0.056305,0.023651,-0.0047509,0.00015259,2.5024,4.9796,-0.00030518
0.10971,0.0086975,-0.0042758,-0.0010681,2.5015,4.9783,-0.00030518
0.056763,-0.0080872,-0.0042758,-0.0068665,2.5015,4.9786,-0.00091553
-0.041046,-0.014496,-0.0042758,-0.011597,2.5015,4.9783,-0.00030518
-0.035858,-0.0035095,-0.0047509,-0.01358,2.5003,4.9796,0.00030518
0.030975,0.0093079,-0.005226,-0.010529,2.5009,4.9786,-0.00091553
0.026703,0.0093079,-0.0047509,-0.0012207,2.5009,4.9796,-0.00061035
-0.020599,-0.00076294,-0.005226,0.0068665,2.5018,4.9792,-0.00030518
-0.028839,-0.011444,-0.0038007,0.0090027,2.5009,4.9789,0.00061035
0.0093079,-0.012207,-0.005226,0.007019,2.5021,4.9783,0
0.027466,-0.0038147,-0.0042758,0.002594,2.5009,4.9783,-0.00030518
0.011444,0.0033569,-0.005701,0.0033569,2.5012,4.9796,0.00061035
0.0027466,0.010529,-0.005701,0.0062561,2.5012,4.9789,0
0.0038147,0.020752,-0.0047509,0.01236,2.5018,4.9786,0
-0.002594,0.035248,-0.005226,0.018311,2.5018,4.978,-0.00030518
-0.0033569,0.050507,-0.005226,0.017853,2.5012,4.9789,0.00030518
-0.0022888,0.06073,-0.005226,0.011902,2.5015,4.9789,0.00030518
0.0050354,0.060883,-0.0047509,0.005188,2.5006,4.9799,0
-0.0030518,0.043335,-0.0047509,0.0053406,2.5003,4.9789,-0.00030518
-0.0047302,0.0042725,-0.005226,0.011749,2.5021,4.9786,-0.00030518
-0.012207,-0.044708,-0.0047509,0.018158,2.5009,4.9786,0.00030518
-0.010834,-0.07782,-0.0047509,0.020142,2.5012,4.9792,0
-0.0016785,-0.076141,-0.0047509,0.016174,2.5015,4.9792,0
-0.0068665,-0.045319,-0.0047509,0.012512,2.5012,4.9792,0.00030518
-0.014191,-0.012512,-0.0038007,0.0093079,2.5006,4.9789,0.00091553
-0.0085449,-0.00045776,-0.0047509,0.002594,2.5021,4.9796,-0.00030518
0.0016785,0.00061035,-0.0047509,-0.007019,2.5009,4.9783,-0.00030518
-0.00076294,0.00061035,-0.0042758,-0.0085449,2.5021,4.9786,0.00030518
-0.01297,0.0059509,-0.0047509,-0.0012207,2.5012,4.9796,0.00030518
-0.0097656,0.015717,-0.0042758,0.0050354,2.5018,4.9796,0.00030518
-0.0065613,0.023193,-0.005226,0.0028992,2.5006,4.9762,0
-0.016479,0.023651,-0.005226,-0.004425,2.5009,4.975,-0.00030518
-0.024414,0.017853,-0.0042758,-0.0068665,2.5015,4.9747,-0.00030518
-0.027618,0.014191,-0.005701,-0.0073242,2.5009,4.9734,-0.00030518
-0.026703,0.016937,-0.0047509,-0.011902,2.5018,4.975,0
-0.020142,0.018158,-0.0047509,-0.012512,2.5006,4.9734,0.00030518
-0.015411,0.010376,-0.0042758,-0.012054,2.5012,4.9741,0.00030518
-0.0050354,-0.00030518,-0.0047509,-0.017242,2.5012,4.9753,0.00030518
0.0027466,-0.0064087,-0.0042758,-0.02655,2.5018,4.9738,-0.00030518
0.018768,-0.0033569,-0.005226,-0.027008,2.5009,4.9741,-0.00030518
0.023956,0.00030518,-0.0038007,-0.02121,2.5009,4.9728,-0.00091553
0.021057,-0.00045776,-0.005226,-0.016174,2.5018,4.9713,-0.00030518
0.0064087,-0.0012207,-0.0042758,-0.009613,2.5027,4.9716,0
0.0042725,-0.0041199,-0.0038007,-0.0033569,2.5012,4.971,0
0.033875,-0.011444,-0.005226,0.00076294,2.5021,4.9747,0.00061035
0.032806,-0.019684,-0.0047509,0.0028992,2.5006,4.9762,-0.00061035
0.0036621,-0.022888,-0.0042758,0.0021362,2.5018,4.9768,0
-0.013885,-0.02182,-0.005226,0.002594,2.5009,4.9768,0
-0.013885,-0.017395,-0.0047509,0.0057983,2.5012,4.9768,0.00061035
0.0036621,-0.0030518,-0.0042758,0.0091553,2.5018,4.9771,0.00030518
0.0024414,0.012512,-0.0033257,0.0086975,2.5021,4.9777,0.00061035
-0.013123,0.017395,-0.005226,0.0027466,2.5018,4.9768,-0.00030518
-0.023041,0.014954,-0.0042758,0.0022888,2.5015,4.978,0
-0.016327,0.0080872,-0.0047509,0.01236,2.5018,4.9771,-0.00030518
-0.012817,-0.00091553,-0.005226,0.020142,2.5012,4.978,0.00030518
-0.018311,-0.0085449,-0.0047509,0.015564,2.5027,4.9774,0
-0.014954,-0.010223,-0.005226,0.012207,2.5006,4.9792,-0.00030518
-0.0036621,-0.0033569,-0.0042758,0.016632,2.5015,4.9796,0
-0.0090027,0.0035095,-0.0042758,0.014038,2.5009,4.9789,0.00030518
-0.0016785,0.0059509,-0.005226,0.0053406,2.5018,4.9796,-0.00091553
0.002594,0.0090027,-0.0042758,0.0033569,2.5015,4.9796,-0.00061035
0.0010681,0.014343,-0.0038007,0.0080872,2.5012,4.9789,0.00030518
0.018921,0.019226,-0.0042758,0.010071,2.4997,4.9792,-0.00061035
0.04364,0.0177,-0.0042758,0.0064087,2.5021,4.9799,-0.00030518
0.020447,0.0062561,-0.005226,0.0039673,2.5003,4.9799,0
-0.017395,-0.0094604,-0.0042758,0.0067139,2.5021,4.9786,-0.00061035
-0.027161,-0.015564,-0.005226,0.014038,2.5015,4.9789,0.00030518
-0.023804,-0.014801,-0.0061761,0.020905,2.5006,4.9789,0.0012207
-0.030518,-0.0088501,-0.0047509,0.025177,2.5009,4.9799,0.00030518
-0.027008,0.00091553,-0.0047509,0.023346,2.5012,4.9789,0
-0.012665,0.010681,-0.0042758,0.017242,2.5009,4.9796,0
0.011597,0.014648,-0.0042758,0.01236,2.5021,4.9792,-0.00030518
0.01358,0.010681,-0.0047509,0.007019,2.5021,4.9786,-0.00030518
-0.0024414,0.0086975,-0.0033257,0.0038147,2.5015,4.9789,0.00091553
-0.0090027,0.0057983,-0.0038007,0.0047302,2.5015,4.9789,-0.00061035
-0.010071,-0.0013733,-0.0047509,0.0019836,2.5015,4.9805,-0.00030518
-0.0027466,-0.0012207,-0.0047509,-0.0028992,2.5015,4.9796,-0.00030518
0.00061035,0.0082397,-0.0047509,-0.0061035,2.5015,4.9796,0.00030518
-0.010223,0.011139,-0.0042758,-0.0059509,2.5018,4.9783,-0.00030518
-0.0073242,0.0080872,-0.0047509,-0.0057983,2.5015,4.9786,0
-0.0038147,0.00030518,-0.0047509,-0.004425,2.5012,4.9789,0
0.0061035,-0.0088501,-0.0042758,-0.0074768,2.5009,4.9796,0
0.013428,-0.017395,-0.005226,-0.012512,2.5015,4.9796,-0.00030518
0.0090027,-0.020294,-0.0047509,-0.012817,2.5021,4.9792,-0.00030518
0.0094604,-0.020142,-0.0047509,-0.011292,2.5024,4.9786,0.00030518
0.011139,-0.021515,-0.0047509,-0.010223,2.5012,4.9783,-0.00061035
0.010376,-0.024567,-0.0047509,-0.0067139,2.5015,4.9789,-0.00030518
0.0074768,-0.021667,-0.0047509,-0.00076294,2.5009,4.9789,0.00030518
0.0024414,-0.0080872,-0.005226,0.0030518,2.5015,4.9789,-0.00030518
0.0064087,0.007782,-0.0047509,0.0038147,2.5,4.9799,0
0.0048828,0.02533,-0.005226,0.0021362,2.5015,4.9783,0.00030518
-0.0030518,0.04837,-0.005226,0.0053406,2.5018,4.9789,0
-0.0097656,0.066833,-0.0042758,0.0093079,2.5003,4.9792,-0.00030518
-0.0032043,0.066986,-0.0042758,0.009613,2.5021,4.9792,0
0.028687,0.053711,-0.0038007,0.0094604,2.5009,4.9783,0.00061035
0.019379,0.026245,-0.005226,0.010834,2.5015,4.978,-0.00030518
-0.0090027,-0.015564,-0.0033257,0.011902,2.5012,4.9762,0.00061035
-0.022278,-0.04837,-0.0047509,0.01358,2.5021,4.9768,0.00030518
-0.027313,-0.051727,-0.005226,0.014954,2.5003,4.9765,-0.00030518
-0.017853,-0.0354,-0.0047509,0.01236,2.5012,4.9762,0.00030518
-0.011749,-0.019379,-0.0042758,0.0086975,2.5018,4.9768,0
-0.012665,-0.0088501,-0.0047509,0.0094604,2.5006,4.9762,0
-0.013123,-0.0022888,-0.0047509,0.016022,2.5021,4.9768,0.00030518
-0.014496,-0.00015259,-0.0047509,0.020905,2.5009,4.9777,0.00030518
-0.00076294,0.00061035,-0.005226,0.019379,2.5015,4.978,-0.00091553
0.0094604,0.002594,-0.0042758,0.012817,2.5012,4.9774,0.00030518
-0.0022888,0.0038147,-0.0042758,0.010529,2.5003,4.978,0.00030518
-0.020447,0.005188,-0.0047509,0.011902,2.5021,4.9768,0.00030518
-0.021362,0.0071716,-0.0047509,0.0080872,2.5006,4.9777,-0.00061035
-0.0047302,0.0099182,-0.0042758,0.0030518,2.5027,4.9774,0
0.0027466,0.0068665,-0.0047509,0.0035095,2.5018,4.9744,0
0.0057983,-0.0015259,-0.005226,0.0047302,2.5009,4.9738,0.00030518
0.0042725,-0.007782,-0.0047509,0.0015259,2.5015,4.9741,0.00030518
-0.0053406,-0.0033569,-0.0042758,0.00015259,2.5021,4.9744,0.00030518
-0.01297,0.013123,-0.005701,0.0015259,2.5012,4.9741,-0.00030518
-0.010529,0.030518,-0.0042758,0.0028992,2.5018,4.9744,0
-0.0056458,0.032196,-0.0047509,0.0032043,2.5015,4.9747,-0.00030518
-0.011749,0.021515,-0.0042758,0.0068665,2.5021,4.975,0
-0.025482,0.014038,-0.0042758,0.0082397,2.5015,4.9731,0
-0.015106,0.015106,-0.0042758,0.0061035,2.5012,4.975,0.00030518
-0.0079346,0.021362,-0.0047509,0.0059509,2.5012,4.9756,0
-0.013428,0.025177,-0.0038007,0.0047302,2.5012,4.9759,-0.00030518
-0.016785,0.028381,-0.0047509,0.0038147,2.5012,4.9768,0.00030518
-0.011597,0.031586,-0.0047509,0.0090027,2.5015,4.9765,-0.00030518
-0.0019836,0.023346,-0.0047509,0.013885,2.5012,4.978,-0.00030518
0.0071716,0.0057983,-0.0042758,0.012665,2.5009,4.9786,0.00030518
0.0022888,-0.0047302,-0.0047509,0.0093079,2.5012,4.9789,0.00030518
-0.0067139,-0.013275,-0.0042758,0.011292,2.5015,4.9792,0
-0.011292,-0.02182,-0.0038007,0.016479,2.5009,4.9792,0
-0.0012207,-0.024261,-0.005226,0.0177,2.5018,4.9783,-0.00061035
-0.004425,-0.0177,-0.0047509,0.014343,2.5009,4.9786,-0.00030518
-0.011597,-0.0088501,-0.0047509,0.012665,2.5003,4.9789,0.00030518
-0.012512,-0.0042725,-0.0042758,0.0097656,2.5012,4.9789,0.00030518
0.002594,-0.013428,-0.0042758,0.010986,2.5009,4.9786,-0.00030518
0.043488,-0.030518,-0.0033257,0.011292,2.5021,4.9796,-0.00030518
0.057983,-0.044861,-0.0047509,0.0045776,2.5012,4.9789,0.00030518
0.032806,-0.050659,-0.0047509,-0.0036621,2.5021,4.9789,-0.00061035
-0.013733,-0.041809,-0.0042758,-0.0041199,2.5006,4.9786,0.00030518
-0.032806,-0.022125,-0.0047509,0.0012207,2.5009,4.9777,-0.00061035
-0.018005,-0.0061035,-0.0047509,-0.0027466,2.5015,4.978,0
-0.012665,-0.0076294,-0.0033257,-0.0064087,2.5018,4.9783,0.00030518
-0.019836,-0.017395,-0.0047509,0.0021362,2.5015,4.9786,-0.00030518
-0.022278,-0.02243,-0.0047509,0.015869,2.5012,4.9792,0.00061035
-0.015259,-0.018616,-0.005226,0.018463,2.5012,4.9792,-0.00030518
-0.0094604,-0.0090027,-0.0033257,0.015259,2.5015,4.9786,0
-0.010071,0.00061035,-0.0047509,0.0093079,2.5015,4.9789,-0.00030518
-0.013885,0.0053406,-0.0047509,0.0047302,2.5012,4.9789,-0.00030518
-0.015106,0.0012207,-0.0047509,0.0062561,2.5012,4.9799,0
-0.014496,-0.0028992,-0.0047509,0.010986,2.5009,4.9783,-0.00030518
-0.0068665,0.0033569,-0.0033257,0.0099182,2.5015,4.9792,0
-0.0068665,0.015106,-0.0038007,0.0068665,2.5012,4.9786,0.00030518
-0.0093079,0.023956,-0.005226,0.0082397,2.5012,4.978,0
-0.0059509,0.03006,-0.0042758,0.0082397,2.5003,4.9771,-0.00061035
0.00076294,0.029602,-0.005226,0.0035095,2.5024,4.9765,0
0.0050354,0.019836,-0.0047509,-0.00061035,2.5015,4.9774,0.00061035
0.0032043,0.015106,-0.0038007,-0.0013733,2.5009,4.9762,-0.00091553
0.0062561,0.010529,-0.0047509,-0.0021362,2.5015,4.9771,0.00061035
0.0071716,-0.0071716,-0.0042758,-0.00015259,2.5018,4.9762,0.00030518
-0.0067139,-0.016327,-0.0047509,0.0048828,2.5018,4.9765,0.00030518
0.00030518,0.010834,-0.0033257,0.0032043,2.5015,4.9771,0.00030518
0.0076294,0.045319,-0.0047509,-0.00015259,2.5012,4.9765,0
0.0039673,0.046082,-0.0038007,0.0010681,2.5015,4.9771,0.00030518
-0.0041199,0.018921,-0.0047509,-0.0033569,2.5003,4.9771,0.00030518
-0.00076294,-0.0045776,-0.0047509,-0.0059509,2.5009,4.9777,0
0.012054,-0.023346,-0.0047509,-0.0053406,2.5018,4.9768,0.00030518
0.033264,-0.044403,-0.0033257,-0.0093079,2.5009,4.978,0
0.028229,-0.03952,-0.0042758,-0.014801,2.5012,4.9774,0.00061035
0.014954,-0.014038,-0.0047509,-0.015717,2.5018,4.9777,0.00030518
0.0094604,-0.0012207,-0.0047509,-0.0177,2.5006,4.9783,-0.00061035
0.026093,-0.004425,-0.0047509,-0.019531,2.5012,4.9786,0.00061035
0.028229,-0.018921,-0.0033257,-0.01236,2.5012,4.9783,0.00030518
0.018616,-0.044708,-0.0033257,-0.0093079,2.5018,4.9786,0.00030518
0.005188,-0.050507,-0.0042758,-0.0091553,2.5012,4.9792,-0.00030518
-0.00015259,-0.036621,-0.0047509,-0.0065613,2.5021,4.9783,0
0.0035095,-0.021362,-0.0038007,-0.0039673,2.5003,4.9789,0.00030518
0.0056458,-0.0090027,-0.0038007,-0.0018311,2.5021,4.9792,0
0.0016785,0.0030518,-0.0042758,-0.002594,2.5006,4.9792,-0.00030518
-0.0054932,0.0090027,-0.005226,-0.0024414,2.5009,4.9792,-0.00030518
-0.011597,0.0047302,-0.0047509,-0.0027466,2.5009,4.9774,-0.00030518
-0.0030518,-0.0010681,-0.0042758,-0.00076294,2.5006,4.9783,-0.00061035
0.0030518,-0.0057983,-0.005226,0.0035095,2.5006,4.9792,0
0.0033569,-0.0085449,-0.0047509,0.0028992,2.5012,4.9789,0.00030518
0.00061035,-0.0067139,-0.005226,0.0038147,2.5009,4.9783,0.00030518
-0.0019836,0.0036621,-0.0033257,0.0067139,2.5012,4.978,0
0.00045776,0.02655,-0.0028506,0.010223,2.5021,4.9786,0
-0.0053406,0.050659,-0.0038007,0.014038,2.5018,4.9786,0
-0.0076294,0.062103,-0.0038007,0.014343,2.5021,4.9792,0
-0.011444,0.060577,-0.0047509,0.012665,2.5012,4.9786,0
-0.016632,0.050507,-0.0047509,0.011749,2.5012,4.9799,-0.00061035
-0.0088501,0.035553,-0.0033257,0.013123,2.5009,4.9792,0.00030518
-0.010681,0.019684,-0.0047509,0.018921,2.5009,4.9759,-0.00030518
-0.016937,0.0013733,-0.0042758,0.023956,2.5018,4.9741,0.00030518
-0.018616,-0.017242,-0.0042758,0.023804,2.5018,4.9741,-0.00061035
-0.0071716,-0.024109,-0.0038007,0.020447,2.5003,4.9738,0.00030518
0.012207,-0.0094604,-0.0038007,0.015411,2.5018,4.9738,0.00030518
0.018768,0.012512,-0.0047509,0.011292,2.5009,4.975,0.00030518
0.002594,0.02121,-0.005701,0.0099182,2.5012,4.9744,0.00030518
-0.0036621,0.020905,-0.0047509,0.0097656,2.5027,4.9744,0
-0.0013733,0.024719,-0.0042758,0.0059509,2.5021,4.9741,0.00061035
0.015106,0.023193,-0.0042758,0.0024414,2.5018,4.9753,-0.00091553
0.018921,-0.0038147,-0.0042758,0.0048828,2.5015,4.9759,0
0.013428,-0.031281,-0.0038007,0.0071716,2.5015,4.9756,0.00030518
0.010834,-0.033875,-0.0042758,0.0065613,2.5012,4.9756,0
0.0091553,-0.031128,-0.0042758,0.0015259,2.5009,4.9771,0.00030518
0.0032043,-0.040588,-0.0042758,-0.0024414,2.5015,4.9777,-0.00061035
0.0024414,-0.053406,-0.0047509,-0.0013733,2.5015,4.9786,0.00030518
0.010681,-0.058899,-0.0042758,0.0013733,2.5006,4.9777,0
0.010071,-0.060425,-0.0047509,0.0071716,2.5006,4.9786,0
-0.0032043,-0.060272,-0.0042758,0.011292,2.5015,4.9765,-0.00061035
0.0038147,-0.047302,-0.0047509,0.01236,2.5015,4.9765,0.00030518
0.0076294,-0.013885,-0.0038007,0.011444,2.5003,4.9759,-0.00030518
0.00091553,0.029144,-0.0042758,0.010681,2.5024,4.9768,0.00061035
-0.0054932,0.063629,-0.0047509,0.014191,2.5006,4.9768,-0.00030518
-0.0050354,0.079803,-0.005226,0.015564,2.5012,4.9759,-0.00061035
-0.0093079,0.077972,-0.0047509,0.01297,2.5009,4.9774,0.00030518
-0.0093079,0.064545,-0.0042758,0.010223,2.5009,4.978,-0.00030518
-0.0080872,0.045471,-0.0042758,0.0093079,2.5018,4.9771,0.00030518
-0.010834,0.016479,-0.005226,0.0073242,2.5012,4.9765,0.00030518
-0.016632,-0.0068665,-0.0047509,0.0048828,2.5003,4.9774,0.00030518
-0.0016785,-0.0083923,-0.0042758,0.0038147,2.5009,4.9771,0.00030518
0.020752,-0.005188,-0.005226,0.0067139,2.5012,4.978,0
0.018921,-0.00091553,-0.0042758,0.0061035,2.5015,4.978,0
-0.0068665,0.0064087,-0.0033257,0.0035095,2.5006,4.9774,0
-0.012512,0.0059509,-0.0042758,0.0019836,2.5018,4.978,0.00030518
-0.0024414,0.0076294,-0.005226,-0.00045776,2.5,4.9783,0
0.0041199,0.0082397,-0.0047509,-0.0048828,2.5018,4.9789,0.00091553
0.00045776,0.00045776,-0.0047509,-0.0028992,2.5009,4.9786,0
-0.0047302,-0.0013733,-0.0042758,0.0053406,2.5012,4.9786,0.00030518
-0.0093079,0.018005,-0.005226,0.010529,2.5009,4.9796,-0.00030518
0.007782,0.036774,-0.0047509,0.007782,2.5012,4.9799,0.00030518
0.018005,0.023804,-0.0047509,0.0088501,2.5009,4.9799,0.00030518
0.013275,-0.0016785,-0.0042758,0.011749,2.5009,4.9796,0.00030518
0.0085449,-0.023041,-0.0042758,0.0097656,2.5012,4.9789,-0.00030518
0.010223,-0.03952,-0.0042758,0.0061035,2.5018,4.9789,0.00030518
0.0091553,-0.046387,-0.0042758,0.004425,2.5018,4.9789,-0.00030518
0.0030518,-0.040588,-0.0038007,0.010986,2.5015,4.9783,0
0.0013733,-0.033417,-0.0042758,0.018311,2.5021,4.9802,-0.00030518
0.0030518,-0.029449,-0.0047509,0.020447,2.5003,4.9799,0.00030518
-0.007019,-0.023804,-0.0047509,0.016937,2.5015,4.9783,0
0.0024414,-0.014801,-0.005226,0.010529,2.5006,4.9789,0.00030518
0.012054,-0.019531,-0.0042758,0.0076294,2.5018,4.9786,0.00030518
0.010376,-0.031586,-0.005226,0.0062561,2.5006,4.9792,0
0.0086975,-0.039063,-0.0042758,0.0019836,2.5012,4.9783,0
0.010834,-0.036469,-0.0042758,0.0024414,2.5012,4.9786,0.00030518
0.010986,-0.020599,-0.0042758,0.0057983,2.5015,4.9799,0.00030518
0.012817,-0.010071,-0.0047509,0.0028992,2.5009,4.9789,-0.00061035
0.019073,-0.014954,-0.0042758,-0.0022888,2.5021,4.9802,0
0.020294,-0.015106,-0.0042758,-0.0015259,2.5015,4.9786,0.00061035
0.0073242,-0.0041199,-0.0047509,0.0064087,2.5024,4.9783,0.00030518
0.012817,0.013885,-0.0038007,0.016022,2.5015,4.9786,-0.00030518
0.0090027,0.040436,-0.005701,0.016632,2.5021,4.9786,-0.00030518
0.00045776,0.06546,-0.0038007,0.010376,2.5003,4.9792,0.00030518
0.0016785,0.065765,-0.0047509,0.0061035,2.5015,4.9792,-0.00030518
0.0073242,0.034637,-0.005226,-0.00076294,2.5018,4.9786,-0.00030518
0.0073242,-0.0091553,-0.0042758,-0.0068665,2.5018,4.9789,-0.00061035
0.0010681,-0.046387,-0.0038007,-0.0071716,2.5021,4.9789,-0.00030518
-0.0018311,-0.075684,-0.005226,-0.0030518,2.5006,4.9783,-0.00091553
-0.0059509,-0.081329,-0.005226,0.00045776,2.5009,4.9783,-0.00030518
-0.01297,-0.063324,-0.0047509,0.0036621,2.5009,4.9774,0
0.0015259,-0.042725,-0.0038007,0.0042725,2.5012,4.9789,-0.00061035
0.010681,-0.026245,-0.005226,0.0050354,2.5012,4.9783,0
0.0041199,-0.013123,-0.0042758,0.009613,2.5009,4.9786,-0.00030518
-0.010071,-0.014343,-0.0042758,0.014191,2.5015,4.9777,-0.00030518
-0.014954,-0.026093,-0.005226,0.014801,2.5012,4.9777,0
-0.010986,-0.032654,-0.0038007,0.016174,2.5012,4.9768,0.00061035
-0.0048828,-0.028381,-0.0047509,0.014801,2.5009,4.9762,0.00030518
-0.0041199,-0.015869,-0.0042758,0.014801,2.5009,4.9762,-0.00030518
-0.013885,-0.0045776,-0.0047509,0.015411,2.5015,4.9774,-0.00030518
-0.022583,0.00076294,-0.0047509,0.012512,2.5018,4.9771,0
-0.0057983,0.00045776,-0.0047509,0.0091553,2.5009,4.9774,0
-0.00091553,0.005188,-0.0042758,0.01236,2.5,4.9713,-0.00030518
-0.011749,0.013428,-0.0047509,0.014801,2.5015,4.9704,0
-0.011444,0.016327,-0.0042758,0.011902,2.5012,4.9704,0.00030518
-0.0042725,0.015259,-0.005226,0.011597,2.5015,4.9713,0
-0.010223,0.007782,-0.0042758,0.014801,2.5018,4.9719,0
-0.016632,-0.0041199,-0.0042758,0.01358,2.5015,4.9719,0.00030518
-0.0177,-0.004425,-0.0042758,0.0088501,2.5018,4.9728,-0.00061035
-0.01709,0.010681,-0.0047509,0.0054932,2.5018,4.9731,0
0.007019,0.023956,-0.0042758,0.0028992,2.5009,4.9728,-0.00030518
0.042725,0.024872,-0.0042758,-0.0012207,2.5021,4.9738,-0.00030518
0.014038,0.027771,-0.0042758,-0.0027466,2.5006,4.9753,0.00030518
-0.019989,0.045319,-0.0038007,-0.0035095,2.5009,4.9756,0.00030518
-0.020142,0.057373,-0.005226,-0.0054932,2.5015,4.9765,0.00030518
-0.019531,0.048065,-0.0047509,-0.0022888,2.5012,4.9765,0.00061035
-0.022736,0.018768,-0.0047509,0.00015259,2.5009,4.978,0.00030518
-0.024261,-0.009613,-0.0038007,-0.00015259,2.5018,4.9783,-0.00030518
-0.016937,-0.013428,-0.005226,0.00061035,2.5006,4.9789,-0.00030518
-0.01236,0.007019,-0.0042758,0.0064087,2.5015,4.9786,0.00030518
-0.023041,0.030212,-0.0047509,0.018463,2.5015,4.9786,-0.00030518
-0.027618,0.032043,-0.0042758,0.026855,2.5009,4.9789,0.00030518
-0.02594,0.015564,-0.0038007,0.024567,2.5009,4.9789,-0.00030518
-0.018005,0.0041199,-0.0038007,0.017548,2.5012,4.9789,0.00030518
-0.014343,0.0016785,-0.0033257,0.011292,2.5021,4.9789,0.00061035
-0.01709,0.0091553,-0.0047509,0.007019,2.5003,4.9799,0.00030518
-0.017853,0.030823,-0.005226,0.0028992,2.5015,4.9792,-0.00061035
-0.012054,0.055695,-0.0042758,0.0056458,2.5012,4.9786,0
-0.0074768,0.062714,-0.0042758,0.0099182,2.5006,4.9792,0.00061035
-0.00091553,0.045319,-0.005226,0.014191,2.5012,4.9789,-0.00061035
0.010834,0.019836,-0.0047509,0.013275,2.5015,4.9777,-0.00030518
0.037537,-0.0074768,-0.005226,0.014038,2.5015,4.9783,-0.00030518
0.053406,-0.023346,-0.0047509,0.015869,2.5012,4.9792,0.00061035
0.013885,-0.01297,-0.0042758,0.016632,2.5018,4.9792,-0.00030518
-0.014038,0.009613,-0.0047509,0.017548,2.5009,4.9796,-0.00061035
-0.0067139,0.024872,-0.0042758,0.014343,2.5015,4.9792,0
0.0068665,0.036774,-0.0042758,0.014801,2.5018,4.9789,0.00061035
0.0045776,0.048218,-0.0042758,0.019073,2.5015,4.9789,0
0.0076294,0.059204,-0.0042758,0.018921,2.5021,4.9786,0.00061035
0.012512,0.071716,-0.0038007,0.0090027,2.5006,4.9786,-0.00030518
0.00015259,0.072784,-0.0042758,0.00045776,2.5009,4.9789,0.00030518
-0.0021362,0.060425,-0.0038007,-0.0019836,2.5006,4.9792,0.00030518
-0.0042725,0.040131,-0.0047509,-0.00091553,2.5012,4.9792,0.00061035
-0.00015259,0.019989,-0.005226,0.00076294,2.5012,4.9796,-0.00061035
-0.00061035,0.0038147,-0.005226,0.0015259,2.5018,4.9789,0
-0.0083923,-0.0080872,-0.0047509,0.0022888,2.5,4.9792,0
-0.010681,-0.029144,-0.0042758,0.0032043,2.5003,4.9792,-0.00030518
0.00015259,-0.067902,-0.0047509,0.002594,2.5006,4.9796,0.00061035
0.0080872,-0.094452,-0.005226,0.0036621,2.5009,4.9792,0.00030518
0.0027466,-0.079346,-0.0042758,0.0039673,2.5027,4.9783,0
-0.012054,-0.043793,-0.0047509,0.0039673,2.5015,4.9789,0.00030518
-0.0065613,-0.02655,-0.0047509,0.0015259,2.5018,4.9774,0.00030518
0.007019,-0.041809,-0.0038007,-0.0021362,2.5018,4.9771,0.00030518
0.007019,-0.061798,-0.005226,0.0010681,2.5009,4.9768,0
-0.00076294,-0.055847,-0.0047509,0.007782,2.5012,4.9771,0
0.0035095,-0.03891,-0.0047509,0.0073242,2.5012,4.9762,-0.00030518
0.0080872,-0.02533,-0.0038007,0.0053406,2.5009,4.9765,0
0.014191,-0.0082397,-0.0047509,0.004425,2.5018,4.9759,-0.00030518
0.0071716,0.016327,-0.005226,0.0022888,2.5024,4.9759,-0.00061035
0.00091553,0.038452,-0.0042758,0,2.5009,4.9759,0.00061035
0.0027466,0.046844,-0.0042758,-0.0015259,2.5015,4.9768,0
0.0038147,0.041656,-0.0033257,-0.0027466,2.5015,4.9774,0.00061035
0.0065613,0.025635,-0.0042758,-0.0045776,2.5009,4.9771,0
-0.0013733,-0.0035095,-0.0047509,-0.004425,2.5015,4.9771,-0.00061035
-0.011597,-0.023193,-0.005226,-0.0074768,2.5006,4.978,-0.00030518
-0.012207,-0.010223,-0.0042758,-0.0068665,2.5006,4.978,-0.00061035
-0.0065613,0.021515,-0.005226,-0.0065613,2.5006,4.9774,0.00030518
-0.0027466,0.040131,-0.005701,-0.0090027,2.5003,4.978,0
-0.0065613,0.034637,-0.0042758,-0.010529,2.4887,4.9789,-0.00030518
-0.0082397,0.0091553,-0.005226,-0.007782,2.5024,4.9789,-0.00030518
-0.012207,-0.024109,-0.0042758,-0.0062561,2.5009,4.9786,0.00061035
0.0030518,-0.045166,-0.005226,-0.0091553,2.5024,4.9777,0
0.0083923,-0.030518,-0.005226,-0.010529,2.5009,4.978,0
0.0047302,-0.0030518,-0.0038007,-0.011292,2.5015,4.9796,-0.00030518
0.0022888,0.0050354,-0.0038007,-0.0064087,2.5021,4.9786,0
-0.0032043,0.013123,-0.0033257,0.00061035,2.5015,4.9789,0.00061035
-0.0079346,0.040741,-0.0042758,0.0033569,2.5009,4.9796,0
-0.011749,0.066681,-0.0047509,0,2.5015,4.9796,0.00061035
-0.007782,0.073242,-0.0047509,-0.0068665,2.5015,4.9789,0.00030518
-0.0016785,0.071411,-0.0042758,-0.010529,2.5015,4.9786,0.00061035
-0.0028992,0.062866,-0.0042758,-0.0073242,2.5024,4.9786,0.00061035
0.002594,0.031738,-0.0042758,-0.0032043,2.5006,4.9799,0
-0.00045776,-0.013885,-0.0047509,-0.002594,2.5018,4.9756,-0.00091553
-0.0056458,-0.04425,-0.005226,-0.0042725,2.5012,4.9759,-0.00030518
-0.010986,-0.051575,-0.0042758,-0.0038147,2.5009,4.975,-0.00091553
-0.0056458,-0.038605,-0.0042758,-0.0036621,2.5015,4.9744,-0.00030518
-0.0053406,0.0010681,-0.0047509,-0.0064087,2.5012,4.9744,0.00030518
-0.0074768,0.071259,-0.0042758,-0.0079346,2.5018,4.9747,0
-0.0076294,0.14725,-0.0047509,-0.0082397,2.5018,4.9744,-0.00030518
-0.0074768,0.18066,-0.005226,-0.0091553,2.5,4.9756,0.00061035
-0.014343,0.16205,-0.0038007,-0.0079346,2.5018,4.9728,0
-0.0071716,0.10605,-0.0038007,-0.0068665,2.5015,4.9753,0.00061035
-0.0021362,0.031128,-0.005226,-0.0071716,2.5021,4.9762,0
-0.004425,-0.050354,-0.0047509,-0.0061035,2.5,4.9765,-0.00091553
-0.0028992,-0.12985,-0.0042758,-0.0039673,2.5021,4.9756,-0.00061035
0.0021362,-0.17197,-0.0033257,-0.0019836,2.5009,4.9765,0.00030518
0.0013733,-0.1474,-0.005226,0.0019836,2.5012,4.9774,0.00030518
-0.0012207,-0.095062,-0.0047509,0.0057983,2.5003,4.9765,0.00030518
-0.0027466,-0.054016,-0.005226,0.0079346,2.5021,4.9789,-0.00091553
-0.0071716,-0.031738,-0.0042758,0.0076294,2.5006,4.9792,0.00091553
-0.0071716,-0.032654,-0.0042758,0.0091553,2.5018,4.9789,-0.00061035
0.042725,-0.04715,-0.005226,0.013275,2.5003,4.9786,0.00030518
0.067749,-0.052032,-0.0047509,0.016785,2.5018,4.9786,0.00030518
0.057983,-0.042877,-0.0042758,0.017395,2.5009,4.9783,0.00061035
0.04303,-0.032806,-0.0038007,0.019226,2.5015,4.9792,0
0.0354,-0.026245,-0.0038007,0.024872,2.5018,4.9786,-0.00091553
0.0054932,-0.02121,-0.0047509,0.030518,2.5015,4.9796,0
-0.037537,-0.021362,-0.0038007,0.03067,2.5018,4.9783,0.00030518
-0.044403,-0.02655,-0.0042758,0.026855,2.5,4.9777,-0.00030518
-0.035706,-0.031738,-0.005226,0.023804,2.5021,4.9792,-0.00030518
-0.033112,-0.028687,-0.005226,0.020447,2.5006,4.9783,0
-0.022125,-0.01236,-0.0033257,0.016479,2.5012,4.9792,0.00061035
-0.027161,0.0068665,-0.005226,0.019073,2.5018,4.9789,-0.00030518
-0.037231,0.027618,-0.0042758,0.023499,2.5018,4.9799,0
-0.034943,0.057526,-0.005701,0.023346,2.5009,4.9799,-0.00030518
-0.025482,0.082092,-0.0042758,0.019226,2.5003,4.9792,0.00061035
-0.027618,0.077057,-0.0047509,0.018005,2.5006,4.9796,0
-0.031128,0.033722,-0.0042758,0.021362,2.5015,4.9792,0.00030518
-0.02594,-0.019531,-0.005226,0.02121,2.5024,4.9786,-0.00030518
-0.019379,-0.044098,-0.005226,0.016327,2.5021,4.9777,0
-0.019989,-0.04364,-0.0047509,0.011292,2.5009,4.9768,-0.00030518
-0.0059509,-0.041046,-0.0042758,0.011749,2.5009,4.9774,0
-0.00045776,-0.039368,-0.0047509,0.01297,2.5003,4.9774,0.00030518
0.00045776,-0.032654,-0.0047509,0.013275,2.5018,4.9765,0
0.00030518,-0.017853,-0.0042758,0.014801,2.5003,4.9765,-0.00061035
-0.0082397,0.015717,-0.005226,0.01297,2.5012,4.9762,-0.00030518
-0.017242,0.076599,-0.0047509,0.011292,2.5009,4.9774,0.00061035
-0.023041,0.13687,-0.0061761,0.014496,2.5012,4.9768,0.00061035
-0.018768,0.16129,-0.0047509,0.015106,2.5006,4.9765,0
-0.012817,0.13107,-0.0047509,0.011749,2.5009,4.9774,0.00061035
-0.011749,0.054779,-0.0047509,0.011292,2.5003,4.9774,0.00030518
0.0047302,-0.043793,-0.0047509,0.0097656,2.5021,4.9771,-0.00030518
0.016937,-0.12512,-0.0047509,0.0074768,2.5018,4.9774,0.00030518
0.014496,-0.15884,-0.0042758,0.0056458,2.5012,4.9777,-0.00061035
0.0080872,-0.14328,-0.0047509,0.0071716,2.5009,4.9774,-0.00091553
-0.0028992,-0.097504,-0.005701,0.0057983,2.5009,4.9771,0.00030518
-0.0027466,-0.050354,-0.0038007,0.0071716,2.5012,4.9783,0.00030518
0.0032043,-0.019836,-0.0042758,0.011444,2.5012,4.9783,0.00030518
0,-0.0067139,-0.0047509,0.013885,2.5015,4.9796,-0.00091553
-0.0061035,-0.0088501,-0.0047509,0.0079346,2.5018,4.9783,-0.00030518
-0.01358,-0.011444,-0.005701,-0.0022888,2.5021,4.9786,-0.00061035
-0.0090027,-0.0028992,-0.0042758,-0.005188,2.5003,4.9786,0.00030518
-0.0094604,0.013275,-0.005226,0.0012207,2.5024,4.9783,-0.00061035
-0.011444,0.023346,-0.0042758,0.0073242,2.5015,4.9786,0.00030518
-0.007019,0.021667,-0.0047509,0.0057983,2.5018,4.9789,-0.00030518
-0.0036621,0.0091553,-0.0047509,0.0030518,2.5012,4.9774,0.00030518
-0.0038147,-0.0065613,-0.0042758,0.011292,2.5009,4.9783,0.00030518
-0.010834,-0.013123,-0.0038007,0.020447,2.5018,4.9783,0
-0.012817,-0.007019,-0.005226,0.018616,2.5018,4.9792,-0.00030518
-0.0035095,0.0061035,-0.0047509,0.0059509,2.5018,4.9792,-0.00061035
0.02121,0.016479,-0.0047509,-0.0080872,2.5018,4.9783,0
0.021362,0.020447,-0.0042758,-0.011139,2.5015,4.9786,0
-0.0039673,0.015564,-0.0033257,0.0028992,2.5006,4.9792,0.00030518
-0.0177,0.0067139,-0.0042758,0.019226,2.5018,4.9792,-0.00030518
-0.016785,0.007782,-0.005701,0.023956,2.5015,4.9786,-0.00061035
-0.014496,0.025635,-0.0042758,0.020752,2.5012,4.9786,0
-0.0071716,0.042114,-0.0042758,0.015106,2.5018,4.9789,-0.00030518
0,0.054321,-0.005226,0.013123,2.5024,4.9786,0.00030518
0.0028992,0.05661,-0.0047509,0.0083923,2.5009,4.9783,0.00030518
0.0035095,0.035706,-0.005226,0.0021362,2.5,4.9796,0.00061035
0.0021362,-0.0032043,-0.0042758,-0.0024414,2.5012,4.9783,-0.00061035
0.020752,-0.032349,-0.0038007,-0.0079346,2.5027,4.9792,-0.00061035
0.024567,-0.031738,-0.0047509,-0.011597,2.5015,4.9756,0
0.020142,-0.020447,-0.0042758,-0.010834,2.5021,4.9753,0
0.016785,-0.017548,-0.0047509,-0.011749,2.5009,4.975,0.00061035
0.0076294,-0.01236,-0.005226,-0.016785,2.5021,4.9744,0.00061035
-0.0019836,0.00091553,-0.005226,-0.016022,2.5009,4.9747,0
0.00076294,0.013275,-0.0042758,-0.016022,2.5024,4.9756,0.00030518
0.012817,0.021667,-0.0047509,-0.017853,2.5009,4.9747,0
0.015259,0.026245,-0.0047509,-0.014038,2.5018,4.9756,-0.00030518
0.0068665,0.029449,-0.0023755,-0.007782,2.5009,4.9731,-0.00030518
0.017395,0.031891,-0.0042758,-0.00076294,2.5015,4.975,0.00091553
0.019684,0.024414,-0.0042758,0.0033569,2.5,4.9753,0
0.0086975,0.0036621,-0.0047509,0.0073242,2.5015,4.9753,0.00030518
0.004425,-0.016785,-0.0042758,0.0083923,2.5015,4.9756,0.00061035
0.0061035,-0.033417,-0.0047509,0.0059509,2.5024,4.9744,-0.00030518
0.0065613,-0.045624,-0.0042758,0.007019,2.5015,4.9756,0
0.0018311,-0.039978,-0.0042758,0.0083923,2.5018,4.9768,0
0.0056458,-0.010986,-0.0047509,0.0085449,2.5009,4.9765,0.00061035
0.013733,0.0091553,-0.0047509,0.0067139,2.5009,4.9765,0.00030518
0.039673,-0.0061035,-0.0047509,0.0019836,2.5009,4.9768,0.00061035
0.077515,-0.022583,-0.0047509,0.00091553,2.5012,4.9759,-0.00030518
0.044403,-0.025177,-0.0042758,0.004425,2.5009,4.9759,0
0.0039673,-0.03418,-0.0042758,0.0053406,2.5021,4.9768,0.00030518
-0.0016785,-0.041504,-0.0047509,0.0012207,2.5006,4.9768,0
0.0016785,-0.032501,-0.0042758,-0.0015259,2.5006,4.9765,-0.00030518
0.00015259,-0.024414,-0.0042758,-0.00061035,2.5012,4.9774,0.00061035
-0.00015259,-0.027161,-0.0038007,0.0027466,2.5015,4.9774,0.00030518
0.0012207,-0.032501,-0.0042758,0.0054932,2.5018,4.978,-0.00030518
-0.0028992,-0.026855,-0.0038007,0.0036621,2.5021,4.9777,0.00030518
-0.011292,-0.0082397,-0.0047509,-0.00061035,2.5015,4.9774,0
-0.0039673,0.010681,-0.0042758,-0.0024414,2.5015,4.9783,0.00030518
-0.0041199,0.0083923,-0.0042758,-0.0038147,2.5018,4.9792,-0.00030518
-0.007019,-0.013733,-0.0047509,-0.0062561,2.5009,4.9786,-0.00030518
-0.004425,-0.039063,-0.005226,-0.0073242,2.5015,4.9792,0
-0.0050354,-0.054626,-0.005701,-0.0056458,2.5015,4.9789,0.00091553
-0.0090027,-0.054169,-0.0042758,-0.00030518,2.5009,4.9789,0.00061035
0.002594,-0.037079,-0.0042758,0.0047302,2.5009,4.9792,0.00061035
0.013275,-0.020752,-0.005226,0.0065613,2.5006,4.9796,-0.00030518
0.0050354,-0.01297,-0.0047509,0.0097656,2.5012,4.9792,-0.00030518
-0.0097656,-0.0080872,-0.005226,0.018616,2.5018,4.9786,0
-0.0082397,0.0068665,-0.0047509,0.028381,2.5006,4.9792,0.00091553
-0.0061035,0.028839,-0.0047509,0.027008,2.5024,4.9796,0.00030518
-0.0015259,0.049744,-0.0047509,0.014343,2.5015,4.9783,-0.00030518
0.00091553,0.079956,-0.0042758,0.0086975,2.5012,4.9786,0.00061035
-0.0027466,0.11276,-0.0047509,0.01709,2.5021,4.9789,0.00030518
-0.0061035,0.12497,-0.0047509,0.024719,2.5009,4.9792,0
-0.0067139,0.11307,-0.0038007,0.023651,2.5012,4.9789,0
0.0024414,0.085449,-0.0042758,0.017548,2.5009,4.9796,0
0.0048828,0.049286,-0.0033257,0.015717,2.5,4.9792,0.00030518
-0.0022888,0.023346,-0.0038007,0.019226,2.5018,4.9786,0
0.011597,0.018921,-0.0047509,0.021057,2.5015,4.9789,0.00030518
0.0177,0.019073,-0.0047509,0.020599,2.5018,4.978,0
0.0059509,0.012665,-0.0047509,0.014954,2.5009,4.9789,0.00061035
-0.0042725,-0.00061035,-0.0047509,0.0022888,2.5018,4.9792,0
-0.0013733,-0.0045776,-0.0033257,-0.0065613,2.5015,4.9789,0.00030518
0.0050354,-0.005188,-0.005226,-0.0082397,2.5015,4.9789,0.00061035
0.0083923,-0.016174,-0.0047509,-0.0074768,2.5006,4.9789,-0.00061035
0.0062561,-0.028992,-0.0042758,-0.0047302,2.5009,4.9789,-0.00030518
0.0010681,-0.042114,-0.0038007,0.0056458,2.5024,4.9786,-0.00061035
-0.01297,-0.055542,-0.0042758,0.015717,2.5018,4.9789,0.00030518
-0.0057983,-0.061493,-0.0047509,0.014191,2.5012,4.9786,0.00061035
0,-0.048981,-0.0042758,0.0076294,2.5009,4.9789,0.00030518
-0.0016785,-0.027161,-0.0042758,0.0019836,2.5003,4.9792,0.00030518
0.0015259,-0.016327,-0.0047509,0.0022888,2.5009,4.9789,0.00030518
0.0067139,-0.020599,-0.0042758,0.0086975,2.5009,4.9786,-0.00061035
0.013885,-0.018005,-0.0038007,0.014343,2.5015,4.9792,0.00030518
0.018921,-0.0039673,-0.0038007,0.016022,2.5018,4.9802,0
-0.00091553,0.011902,-0.0047509,0.015717,2.5009,4.978,-0.00030518
-0.012054,0.019684,-0.0028506,0.018768,2.5009,4.9786,0
-0.013428,0.024567,-0.0042758,0.018616,2.5003,4.978,0
-0.00061035,0.027771,-0.0042758,0.014343,2.5018,4.9777,0
0.0027466,0.015564,-0.0038007,0.01236,2.5024,4.9777,0.00061035
0.0016785,-0.0056458,-0.0042758,0.012817,2.5015,4.9765,0.00061035
0.00076294,-0.015106,-0.0038007,0.0079346,2.5006,4.9765,0.00030518
-0.0061035,-0.0033569,-0.0042758,0.0012207,2.5018,4.9768,0
-0.01236,0.016479,-0.005701,0.0027466,2.5009,4.9765,-0.00030518
-0.015564,0.021515,-0.0047509,0.011139,2.5009,4.9765,0
-0.015717,0.012817,-0.0042758,0.0177,2.5015,4.9765,0
-0.018311,-0.00045776,-0.0042758,0.018463,2.5015,4.9771,0.00030518
-0.016785,-0.031738,-0.0047509,0.012817,2.5012,4.9762,0.00030518
0.0015259,-0.068817,-0.005226,0.0041199,2.5012,4.9771,0
-0.0033569,-0.079498,-0.0042758,0.0022888,2.5009,4.9734,0.00030518
-0.023041,-0.06012,-0.0033257,0.002594,2.5018,4.9725,-0.00061035
-0.025482,-0.029755,-0.0047509,-0.00045776,2.5012,4.9719,0.00030518
-0.023041,-0.011597,-0.0042758,0.00030518,2.5015,4.9716,0.00030518
-0.030212,-0.010681,-0.0042758,0.0061035,2.5021,4.9731,0
-0.033264,-0.016174,-0.005226,0.0067139,2.5012,4.9728,0.00030518
-0.023651,-0.022583,-0.005226,-0.002594,2.5021,4.975,-0.00061035
-0.015717,-0.018005,-0.0038007,-0.0074768,2.5012,4.9747,-0.00030518
-0.0099182,-0.0028992,-0.005226,-0.0057983,2.5009,4.9747,-0.00030518
0.010529,0.0065613,-0.0042758,-0.0047302,2.5012,4.9753,-0.00030518
0.015564,0.011597,-0.0042758,-0.0032043,2.5012,4.9756,-0.00030518
0.0080872,0.015717,-0.0047509,-0.0012207,2.5009,4.9762,-0.00030518
-0.00091553,0.019379,-0.0042758,-0.00061035,2.5012,4.9762,0.00030518
0.0061035,0.019836,-0.0042758,-0.00076294,2.5003,4.9759,0.00061035
0.020905,0.019379,-0.0042758,-0.00076294,2.5009,4.9771,0.00030518
0.019684,0.017853,-0.0033257,-0.0021362,2.5015,4.9786,0.00061035
0.0068665,0.0090027,-0.0038007,-0.002594,2.5009,4.9792,0.00030518
0.00061035,-0.0068665,-0.0038007,-0.00076294,2.5012,4.9796,-0.00091553
-0.0016785,-0.0082397,-0.0047509,0.0045776,2.5015,4.9783,0
0.013428,0.010223,-0.0042758,0.0086975,2.5009,4.9786,0
0.021057,0.027466,-0.0042758,0.0050354,2.5012,4.9789,0.00030518
0.024109,0.037994,-0.0042758,-0.0015259,2.5015,4.9783,0.00061035
0.023804,0.051117,-0.005226,-0.0030518,2.5015,4.9789,-0.00030518
0.024872,0.055542,-0.0047509,-0.0019836,2.5012,4.9792,0
0.060272,0.042267,-0.0042758,0.0022888,2.5006,4.9796,-0.00030518
0.082397,0.020447,-0.0047509,0.0054932,2.5018,4.9792,0
0.052795,0.0036621,-0.0042758,0.0041199,2.5012,4.9796,-0.00061035
0.0022888,-0.0082397,-0.005701,-0.00076294,2.5009,4.9792,0
-0.018616,-0.011597,-0.0047509,-0.0021362,2.5015,4.978,0.00030518
-0.0083923,-0.0024414,-0.005226,-0.0012207,2.5012,4.9777,0.00030518
-0.0027466,0.010834,-0.0033257,0.00030518,2.5012,4.9789,0.00030518
0.0012207,0.021362,-0.0042758,-0.0021362,2.5009,4.9792,0.00030518
0.0032043,0.02182,-0.0038007,-0.0062561,2.5012,4.9799,0.00030518
0.0083923,0.0038147,-0.0042758,-0.0067139,2.5018,4.9792,0.00061035
0.012665,-0.017395,-0.0042758,-0.0019836,2.5018,4.9792,0
0.010529,-0.02655,-0.0042758,0.0042725,2.5015,4.9792,0.00030518
0.0068665,-0.011292,-0.0047509,0.0021362,2.5012,4.9799,0
0.0010681,0.030212,-0.005226,0.00045776,2.5021,4.9786,0.00030518
-0.011444,0.07782,-0.0047509,0.002594,2.5009,4.9786,-0.00061035
-0.0041199,0.099487,-0.0038007,0.0015259,2.5018,4.9789,-0.00061035
-0.0018311,0.085907,-0.0047509,-0.0012207,2.5003,4.9796,0
-0.0018311,0.055084,-0.0042758,-0.0022888,2.5018,4.9792,0.00030518
-0.0035095,0.034332,-0.005226,-0.0015259,2.5006,4.9783,0.00030518
-0.012054,0.033722,-0.0047509,-0.0012207,2.5009,4.9792,0.00030518
-0.014343,0.050812,-0.0042758,-0.0033569,2.5012,4.9789,-0.00030518
-0.01358,0.062256,-0.005226,-0.0013733,2.5024,4.9765,0.00061035
-0.010376,0.057373,-0.0047509,0.0036621,2.5006,4.9771,-0.00091553
-0.015717,0.028687,-0.0038007,0.012665,2.5018,4.9771,0.00030518
-0.024872,-0.028687,-0.0047509,0.018616,2.5012,4.9768,-0.00030518
-0.013123,-0.083008,-0.005226,0.017548,2.5009,4.9771,0
-0.0086975,-0.10529,-0.0038007,0.015106,2.5,4.9762,0.00030518
-0.01297,-0.089569,-0.005226,0.01297,2.5015,4.9768,0.00061035
-0.020294,-0.037384,-0.0047509,0.013275,2.5009,4.9765,-0.00030518
-0.022736,0.041809,-0.0047509,0.011902,2.5021,4.9759,-0.00030518
-0.015564,0.11154,-0.005226,0.0093079,2.5012,4.9765,-0.00061035
-0.0016785,0.13779,-0.0042758,0.004425,2.5015,4.9765,0
-0.00030518,0.10788,-0.005226,0.0028992,2.5,4.9765,0.00061035
-0.0090027,0.036163,-0.0047509,0.0057983,2.5006,4.9768,-0.00030518
-0.015259,-0.044403,-0.005226,0.010071,2.5012,4.9777,-0.00030518
-0.0022888,-0.10574,-0.005226,0.014801,2.5015,4.9771,0
0.004425,-0.12283,-0.0047509,0.015869,2.5024,4.9771,0
-0.010681,-0.090027,-0.0042758,0.013885,2.5012,4.9765,0.00030518
-0.026093,-0.048218,-0.0047509,0.014801,2.5009,4.9783,0.00030518
-0.021362,-0.02655,-0.0047509,0.013275,2.5015,4.9789,-0.00030518
-0.0079346,-0.013733,-0.0042758,0.012054,2.5015,4.9792,0
-0.0027466,0.0028992,-0.0042758,0.011292,2.5018,4.9783,0
-0.0083923,0.028992,-0.0042758,0.010376,2.5015,4.978,0
-0.01236,0.043488,-0.0038007,0.010529,2.5018,4.9792,0.00030518
-0.015106,0.035248,-0.0038007,0.0079346,2.5006,4.9777,0
-0.0054932,0.035095,-0.0047509,0.0080872,2.5006,4.9796,0.00061035
-0.0030518,0.049286,-0.0047509,0.011597,2.5015,4.9789,-0.00030518
-0.0056458,0.052032,-0.0047509,0.012817,2.5009,4.9786,0.00061035
-0.0062561,0.035858,-0.0042758,0.0062561,2.5018,4.9792,0.00030518
-0.002594,0.013885,-0.005226,-0.0012207,2.5015,4.9789,0.00030518
0.002594,-0.015106,-0.0038007,-0.0039673,2.5009,4.9792,-0.00030518
0.004425,-0.040741,-0.0042758,-0.0015259,2.5009,4.9792,0.00030518
0.00045776,-0.02243,-0.0047509,0.002594,2.5015,4.9792,0.00061035
-0.002594,0.059967,-0.005701,0.0059509,2.5015,4.9789,0
-0.012054,0.15732,-0.005226,0.0085449,2.5021,4.9783,-0.00061035
0.00030518,0.18372,-0.005226,0.012207,2.5018,4.9796,0.00030518
0.0082397,0.11078,-0.0042758,0.011749,2.5015,4.9756,0
0.0019836,-0.0050354,-0.0047509,0.0091553,2.5009,4.9747,-0.00030518
-0.0012207,-0.1178,-0.0047509,0.010223,2.5012,4.9747,-0.00061035
-0.00030518,-0.20065,-0.005226,0.011292,2.5015,4.975,0
0.0076294,-0.20615,-0.0042758,0.0094604,2.5009,4.9747,-0.00061035
0.035706,-0.14114,-0.0047509,0.005188,2.5009,4.9744,-0.00030518
0.033569,-0.071869,-0.0047509,0.00061035,2.5009,4.9744,0.00030518
0.010529,-0.037689,-0.0042758,0.0032043,2.5012,4.9756,-0.00030518
-0.0061035,-0.022888,-0.0042758,0.0085449,2.5015,4.9731,0
0.010529,-0.0093079,-0.005226,0.0088501,2.5012,4.9747,0.00061035
0.010071,-0.0083923,-0.0042758,0.0054932,2.5009,4.9753,0
-0.0045776,-0.026245,-0.0047509,-0.00076294,2.5015,4.9759,0.00061035
-0.0080872,-0.042419,-0.0047509,-0.0048828,2.5015,4.9756,0
-0.0041199,-0.046234,-0.0047509,-0.0015259,2.5015,4.9762,0.00030518
-0.0068665,-0.052948,-0.005701,0.0036621,2.5012,4.9783,-0.00030518
-0.0068665,-0.053101,-0.0042758,0.0036621,2.5015,4.9783,-0.00030518
-0.0030518,-0.011597,-0.0042758,0,2.5006,4.9783,0
-0.0015259,0.062714,-0.0047509,-0.0079346,2.5018,4.9786,-0.00030518
-0.010834,0.11826,-0.0047509,-0.018158,2.5009,4.9792,0
0.004425,0.12131,-0.005226,-0.023193,2.5006,4.9792,0.00061035
0.014801,0.075684,-0.005226,-0.021362,2.5018,4.9783,0.00030518
0.0047302,-0.0016785,-0.0042758,-0.011902,2.5009,4.9786,-0.00061035
-0.0028992,-0.088654,-0.0042758,-0.00076294,2.5018,4.9777,-0.00091553
0.0038147,-0.13916,-0.0042758,0.0045776,2.5018,4.9783,0.00061035
0.0094604,-0.12024,-0.0047509,0.0048828,2.5012,4.9762,0.00030518
0.0068665,-0.061951,-0.0047509,0.004425,2.5015,4.9771,0
0.0027466,-0.02243,-0.0042758,0.005188,2.5009,4.9762,-0.00030518
0.002594,-0.023956,-0.0047509,0.0013733,2.5012,4.9759,-0.00030518
-0.00091553,-0.044098,-0.0047509,0,2.5009,4.9765,0.00061035
0.0068665,-0.054779,-0.0047509,0.00045776,2.5018,4.9765,0.00030518
0,-0.051575,-0.005226,0.0088501,2.5015,4.9765,0.00030518
-0.0099182,-0.03891,-0.0047509,0.016632,2.5015,4.9771,0.00030518
-0.0067139,-0.024872,-0.0042758,0.017242,2.5003,4.9771,-0.00061035
0.0012207,-0.009613,-0.0047509,0.017853,2.5018,4.9771,-0.00030518
0.0036621,-0.0016785,-0.0047509,0.022278,2.5006,4.9765,0
0.00030518,-0.012512,-0.005226,0.024414,2.5012,4.9774,0
0.00061035,-0.028076,-0.005226,0.020905,2.5012,4.9765,-0.00030518
0.00061035,-0.03006,-0.0047509,0.017242,2.5018,4.9786,0
-0.010223,-0.012512,-0.0047509,0.011749,2.5012,4.9777,0.00030518
-0.0059509,0.012817,-0.0042758,0.0082397,2.5009,4.978,0
-0.0012207,0.033722,-0.0042758,0.0079346,2.5006,4.9771,-0.00061035
0.0033569,0.046692,-0.0047509,0.013428,2.5015,4.9774,0
0.014191,0.048676,-0.0038007,0.015411,2.5021,4.978,0.00030518
0.017242,0.03479,-0.0047509,0.012665,2.5015,4.9792,0.00030518
0.018311,0.01297,-0.0047509,0.0071716,2.5015,4.9789,0.00030518
0.021667,0.0035095,-0.0047509,0.0041199,2.5012,4.9789,0.00030518
0.014038,0.0068665,-0.005226,0.0090027,2.5015,4.9789,-0.00061035
0.00091553,0.011749,-0.0047509,0.014648,2.5012,4.9786,-0.00030518
-0.0013733,0.01358,-0.005226,0.018463,2.5018,4.9786,0.00030518
0.02121,0.016327,-0.0047509,0.021667,2.5015,4.9789,-0.00061035
0.043335,0.022736,-0.0047509,0.019684,2.5009,4.9796,0.00091553
0.044098,0.03067,-0.0028506,0.016937,2.5003,4.9786,0
0.03067,0.034027,-0.0042758,0.019073,2.5,4.9786,-0.00030518
0.018616,0.030365,-0.005226,0.027466,2.5012,4.9789,-0.00030518
0.002594,0.024414,-0.005226,0.03067,2.5015,4.9786,-0.00030518
-0.010681,0.022278,-0.005226,0.032043,2.5009,4.9789,0.00061035
-0.002594,0.041962,-0.0047509,0.028839,2.5018,4.9783,0
0.0028992,0.079346,-0.005701,0.026398,2.5006,4.9786,-0.00030518
-0.011292,0.10132,-0.0038007,0.023499,2.5018,4.9799,0
-0.0068665,0.097504,-0.0042758,0.022888,2.5015,4.9792,0.00030518
-0.010834,0.072479,-0.005226,0.0177,2.5015,4.9799,0
-0.010834,0.026398,-0.0042758,0.0094604,2.5015,4.9789,0
-0.0054932,-0.016022,-0.0047509,0.0035095,2.5012,4.9792,0.00030518
-0.0042725,-0.026398,-0.0047509,0.0053406,2.5018,4.9789,0
-0.0019836,-0.027618,-0.0042758,0.0061035,2.5006,4.9786,-0.00091553
-0.00076294,-0.022278,-0.005701,-0.002594,2.5009,4.9796,-0.00061035
-0.0090027,-0.0085449,-0.0042758,-0.015259,2.5006,4.9789,-0.00030518
-0.013275,-0.010834,-0.005226,-0.023193,2.5009,4.9786,-0.00061035
-0.026855,-0.028381,-0.0042758,-0.021515,2.5012,4.9783,-0.00061035
-0.014648,-0.031433,-0.0042758,-0.016479,2.5018,4.9789,0.00030518
0.00091553,-0.023804,-0.005226,-0.010834,2.4997,4.9802,-0.00091553
-0.0090027,-0.016785,-0.005226,-0.0088501,2.5015,4.9786,-0.00061035
-0.014038,-0.0047302,-0.0047509,-0.011292,2.5012,4.9796,0
-0.0085449,0.017242,-0.0047509,-0.010681,2.5012,4.9792,0
-0.0048828,0.052338,-0.0047509,-0.0048828,2.5021,4.9792,0.00030518
-0.0032043,0.090027,-0.0047509,-0.0054932,2.5018,4.9786,0.00030518
-0.0050354,0.085144,-0.0042758,-0.012207,2.5009,4.9796,0
-0.0061035,0.030975,-0.005226,-0.015259,2.5006,4.9799,0.00061035
-0.0080872,-0.01709,-0.0047509,-0.011902,2.5009,4.9789,0.00091553
0.0016785,-0.046692,-0.005226,-0.0082397,2.5012,4.9792,-0.00061035
0.011139,-0.071106,-0.0038007,-0.011292,2.5006,4.9753,0.00030518
0.0053406,-0.063324,-0.0042758,-0.016937,2.5012,4.9756,-0.00030518
0.0028992,-0.019379,-0.0038007,-0.017548,2.5006,4.9738,0
-0.00030518,0.028229,-0.005226,-0.017395,2.5009,4.9738,0
0.0018311,0.047455,-0.0042758,-0.02182,2.5015,4.9707,0
0.0064087,0.032806,-0.0061761,-0.023499,2.5021,4.9698,0.00030518
0.019073,0.0035095,-0.0042758,-0.017853,2.5009,4.9707,-0.00030518
0.022736,-0.031586,-0.0042758,-0.011749,2.5018,4.9701,0
-0.00045776,-0.064087,-0.0047509,-0.0030518,2.5024,4.9698,-0.00030518
-0.016327,-0.063629,-0.0047509,0.0079346,2.5015,4.971,0
-0.023041,-0.031281,-0.005226,0.01709,2.5006,4.9719,0.00061035
-0.038757,0.0010681,-0.0042758,0.018311,2.5009,4.9716,-0.00061035
-0.045319,0.01709,-0.005701,0.013733,2.5006,4.9713,0.00061035
-0.025177,0.0088501,-0.0042758,0.011139,2.5015,4.9725,0.00030518
0.0039673,-0.007782,-0.0047509,0.01297,2.5009,4.9762,0.00030518
0.012207,-0.0013733,-0.0047509,0.014496,2.5018,4.9765,0.00030518
0.01358,0.039673,-0.0042758,0.010223,2.5012,4.9777,0
0.0099182,0.10559,-0.0038007,0.0035095,2.5003,4.9783,0.00091553
-0.018768,0.17944,-0.0042758,0.0024414,2.5021,4.9774,0.00030518
-0.023346,0.20309,-0.0042758,0.0067139,2.5009,4.9774,0.00030518
0.00030518,0.13641,-0.005226,0.0080872,2.5015,4.978,0.00061035
0.016937,0.031586,-0.0047509,0.014801,2.5012,4.9786,0
0.0024414,-0.056152,-0.0047509,0.024872,2.5012,4.9789,-0.00030518
-0.022583,-0.12833,-0.0042758,0.031281,2.5012,4.9796,0.00061035
-0.01297,-0.15915,-0.005226,0.032806,2.5015,4.9789,0.00061035
0.00030518,-0.12192,-0.0042758,0.029907,2.5015,4.9789,0.00030518
-0.0091553,-0.065765,-0.0047509,0.026245,2.5027,4.9796,0.00030518
-0.021515,-0.03418,-0.005226,0.027313,2.5015,4.9792,0
-0.023499,-0.024109,-0.0042758,0.026398,2.5009,4.9777,0
-0.011902,-0.02182,-0.0047509,0.02243,2.5009,4.9783,0
-0.0073242,-0.024567,-0.0042758,0.017242,2.5015,4.9789,-0.00030518
-0.0050354,-0.0354,-0.0047509,0.018005,2.5012,4.9786,0.00061035
-0.0042725,-0.030518,-0.0047509,0.018463,2.5018,4.9783,0.00030518
-0.010986,-0.0080872,-0.005226,0.016022,2.5015,4.9792,-0.00061035
-0.016327,0.012512,-0.0023755,0.0099182,2.5015,4.9799,0.00030518
-0.021362,0.036011,-0.0047509,0.0057983,2.5012,4.9792,-0.00030518
-0.020905,0.063171,-0.0047509,0.0042725,2.5009,4.978,0.00030518
-0.023651,0.086823,-0.0042758,0.0030518,2.5021,4.9796,-0.00061035
-0.025024,0.093384,-0.0042758,0.0033569,2.5034,4.9799,-0.00030518
-0.0024414,0.066986,-0.0042758,0.0024414,2.5024,4.9789,0
0.012054,0.01297,-0.005701,0.0035095,2.5015,4.9789,0.00030518
0.0042725,-0.043335,-0.0042758,0.010376,2.5015,4.9796,-0.00030518
-0.015869,-0.08255,-0.0047509,0.014954,2.5009,4.9796,-0.00030518
-0.03006,-0.1062,-0.0038007,0.014648,2.5027,4.9789,-0.00061035
-0.033722,-0.10254,-0.0042758,0.0067139,2.5018,4.9786,0.00030518
-0.022736,-0.071869,-0.0042758,-0.005188,2.5009,4.9786,-0.00030518
-0.010071,-0.041504,-0.0047509,-0.011749,2.5009,4.9799,0
-0.0091553,-0.027008,-0.0042758,-0.015869,2.5015,4.9789,-0.00061035
-0.015106,-0.018616,-0.0047509,-0.016632,2.5006,4.9777,-0.00030518
0.0024414,0.0013733,-0.0028506,-0.012207,2.5015,4.9783,0.00030518
0.019073,0.038757,-0.0038007,-0.0054932,2.5006,4.9792,-0.00030518
0.024414,0.072784,-0.005226,0,2.5018,4.9792,0.00030518
0.014801,0.089111,-0.0047509,0.0019836,2.5024,4.9789,-0.00030518
-0.0010681,0.085297,-0.0042758,0.0018311,2.5027,4.9792,-0.00030518
-0.00076294,0.053253,-0.0042758,0.002594,2.5012,4.9796,0.00030518
0.0062561,-0.0027466,-0.0047509,0.0073242,2.5012,4.9792,-0.00030518
0.018463,-0.046997,-0.0047509,0.0099182,2.5003,4.9786,0.00030518
0.023041,-0.055542,-0.0047509,0.0059509,2.5009,4.9786,0.00030518
-0.010376,-0.04425,-0.005226,0.0032043,2.5009,4.978,0.00030518
-0.0090027,-0.030823,-0.0042758,0.0019836,2.5006,4.9783,-0.00030518
0.042877,-0.027466,-0.0042758,0.00030518,2.5021,4.9765,0
0.035706,-0.041046,-0.0047509,0.00045776,2.5,4.9768,0
-0.010223,-0.046539,-0.0047509,0.0030518,2.5006,4.9765,0
-0.02121,-0.028381,-0.0047509,0.0041199,2.5009,4.9765,0.00030518
-0.023346,-0.015106,-0.0042758,-0.0016785,2.5015,4.9762,-0.00061035
-0.030212,-0.014038,-0.0047509,-0.0038147,2.5021,4.9759,0
-0.035248,-0.0068665,-0.0047509,-0.0028992,2.5021,4.9774,0
-0.053864,0.00061035,-0.0042758,-0.0039673,2.5021,4.9762,-0.00030518
-0.054016,0.0057983,-0.0047509,-0.005188,2.5009,4.9771,0
-0.0071716,0.012665,-0.0042758,-0.0054932,2.5009,4.9768,0
-0.00015259,0.018616,-0.0047509,-0.0053406,2.5006,4.9774,0
-0.016785,0.023193,-0.0038007,-0.0053406,2.5012,4.9768,0.00030518
-0.023193,0.030212,-0.0042758,-0.0038147,2.5009,4.9777,0
-0.015411,0.032654,-0.0047509,-0.0010681,2.5012,4.9777,-0.00061035
0.032959,0.024872,-0.005226,0.0018311,2.5003,4.9786,-0.00030518
0.063477,0.02182,-0.0042758,-0.00030518,2.5012,4.978,0.00030518
0.024719,0.019836,-0.005226,-0.007019,2.5006,4.9783,0.00030518
-0.041962,0.005188,-0.0042758,-0.0090027,2.5012,4.9796,0
-0.05661,-0.013123,-0.0047509,-0.0067139,2.5018,4.9792,0.00030518
-0.028381,-0.024872,-0.0038007,-0.004425,2.5006,4.9799,0
-0.011749,-0.030823,-0.0047509,-0.0032043,2.5009,4.9759,0
-0.010529,-0.0022888,-0.0042758,-0.0035095,2.5027,4.9753,0.00091553
-0.022888,0.068359,-0.0047509,-0.0047302,2.5021,4.9738,0
-0.026703,0.11688,-0.0038007,-0.0057983,2.5018,4.9744,0.00030518
-0.016937,0.082855,-0.0042758,-0.010681,2.5012,4.9738,0.00030518
0.0065613,0.0036621,-0.0047509,-0.018311,2.5009,4.9756,0.00030518
0.0039673,-0.065613,-0.0047509,-0.011139,2.5012,4.9744,0
-0.020905,-0.10895,-0.0047509,0.0083923,2.5009,4.9756,0.00030518
-0.035553,-0.11459,-0.0042758,0.024567,2.5012,4.9731,-0.00030518
-0.020599,-0.080872,-0.0038007,0.029297,2.5012,4.9756,-0.00061035
-0.022278,-0.037994,-0.0047509,0.026398,2.5015,4.9759,0.00030518
0.010681,-0.023956,-0.0042758,0.025482,2.5,4.975,0.00030518
0.013733,-0.029602,-0.005226,0.029297,2.5024,4.9762,0
-0.02533,-0.024567,-0.0047509,0.031738,2.5015,4.9762,0.00030518
-0.015717,0.0038147,-0.0047509,0.027313,2.5018,4.9786,-0.00061035
0.016022,0.038147,-0.005226,0.02655,2.5012,4.9777,0.00030518
0.017853,0.071259,-0.0047509,0.023651,2.5009,4.9796,-0.00091553
0.0032043,0.087433,-0.0042758,0.0177,2.5018,4.9796,-0.00030518
-0.010223,0.076752,-0.0042758,0.013428,2.5012,4.9783,-0.00030518
-0.00076294,0.045776,-0.0047509,0.014038,2.5015,4.9783,0.00030518
0.0099182,0.0042725,-0.0047509,0.017395,2.5,4.9792,-0.00061035
0.015717,-0.016327,-0.005226,0.018768,2.5015,4.9792,-0.00030518
0.015869,0.0064087,-0.005701,0.019226,2.5012,4.9786,0
-0.002594,0.037384,-0.0047509,0.019226,2.5012,4.9786,0.00030518
-0.011597,0.050201,-0.0047509,0.019684,2.5,4.9789,0.00030518
0.0053406,0.045166,-0.0042758,0.022125,2.5006,4.9792,0.00030518
0.01358,0.0097656,-0.0047509,0.02121,2.5018,4.9796,0.00061035
-0.011597,-0.046234,-0.0047509,0.01709,2.5012,4.9789,-0.00061035
-0.032959,-0.079498,-0.0047509,0.018463,2.5018,4.9771,0.00030518
-0.0050354,-0.06485,-0.005226,0.023804,2.5012,4.9792,-0.00030518
0.012665,-0.022583,-0.0038007,0.025787,2.5012,4.9792,0.00030518
0.0038147,-0.0016785,-0.0047509,0.026398,2.5015,4.9789,0.00061035
-0.019531,-0.012665,-0.0047509,0.027008,2.5012,4.9789,0.00030518
-0.019379,-0.033569,-0.0047509,0.020752,2.5021,4.9789,0
-0.026093,-0.032196,-0.0042758,0.0065613,2.5015,4.9783,-0.00030518
-0.079041,0.010223,-0.0033257,-0.0062561,2.5012,4.978,-0.00030518
-0.22125,0.079803,-0.0038007,-0.0094604,2.5009,4.9765,0.00030518
-0.07309,0.13428,-0.0038007,-0.0036621,2.5009,4.9768,0.00030518
0.01297,0.14191,-0.0047509,0.0088501,2.5015,4.9771,-0.00030518
0.19135,0.10345,-0.0033257,0.015564,2.5018,4.9756,0.00030518
0.30807,0.028839,-0.0047509,0.0094604,2.5009,4.9768,0.00030518
0.083618,-0.058289,-0.005226,0.0067139,2.5018,4.9768,-0.00030518
-0.028839,-0.096436,-0.0042758,0.013123,2.5015,4.9762,0
-0.031433,-0.058289,-0.005226,0.018158,2.5012,4.9768,0.00091553
-0.028076,0.0099182,-0.0038007,0.015411,2.5018,4.9774,-0.00091553
0.0041199,0.047607,-0.0042758,0.012207,2.5018,4.9774,0.00030518
-0.005188,0.03418,-0.0047509,0.015106,2.5009,4.9777,0.00030518
-0.0057983,-0.0061035,-0.005226,0.019684,2.5012,4.978,-0.00030518
-0.0036621,-0.037079,-0.0038007,0.022583,2.5018,4.9774,-0.00061035
0.029297,-0.048218,-0.0047509,0.023499,2.5009,4.9765,-0.00030518
0.054321,-0.034485,-0.0042758,0.022583,2.5015,4.978,0
0.038605,-0.011292,-0.005226,0.023804,2.5012,4.9783,0
0.044861,-0.010071,-0.0042758,0.026093,2.5015,4.9783,0.00061035
0.073547,-0.019531,-0.005226,0.023956,2.5024,4.9786,0.00030518
0.033722,-0.017548,-0.0047509,0.027924,2.5018,4.9789,0.00030518
-0.0047302,-0.018921,-0.0042758,0.039063,2.5006,4.9789,0
-0.010986,-0.02655,-0.0042758,0.04364,2.5015,4.9786,0.00030518
-0.023346,-0.015869,-0.005226,0.040436,2.4997,4.9792,0
-0.035248,0.0091553,-0.0038007,0.036163,2.5009,4.9789,0
-0.018005,0.034332,-0.0047509,0.035858,2.5009,4.9786,0.00030518
-0.0015259,0.053711,-0.0047509,0.044098,2.5018,4.9799,0.00030518
-0.0059509,0.056458,-0.0038007,0.051575,2.5012,4.9792,0
-0.0091553,0.046844,-0.0047509,0.052643,2.5006,4.9789,0.00030518
-0.030518,0.034943,-0.0042758,0.049896,2.5009,4.9796,0.00030518
-0.051727,0.027008,-0.005226,0.047913,2.5012,4.9786,0.00030518
-0.031586,0.029602,-0.0042758,0.041962,2.5012,4.9792,0
-0.0059509,0.036774,-0.0047509,0.032654,2.5015,4.9792,0.00061035
0.0085449,0.024567,-0.0042758,0.024567,2.5009,4.9789,-0.00061035
0.047302,-0.005188,-0.005226,0.016937,2.5006,4.9774,0.00030518
0.077515,-0.051727,-0.0047509,0.0061035,2.5021,4.978,0.00061035
0.055542,-0.10239,-0.0042758,-0.0061035,2.5009,4.9783,0
0.012207,-0.11993,-0.0042758,-0.014801,2.5009,4.9789,0
0.004425,-0.10895,-0.0047509,-0.016174,2.5021,4.9789,-0.00061035
0.016327,-0.090332,-0.005701,-0.010834,2.5021,4.9792,0.00061035
0.0099182,-0.065002,-0.0042758,-0.007782,2.5012,4.9796,-0.00030518
0.0056458,-0.042572,-0.005226,-0.011139,2.5021,4.9792,0
0.034637,-0.027771,-0.0038007,-0.014801,2.5018,4.9799,0
0.075684,-0.01297,-0.005226,-0.011902,2.5015,4.9786,0.00030518
0.035095,0.0019836,-0.005701,-0.0083923,2.5015,4.9789,-0.00030518
-0.0054932,0.010986,-0.0042758,-0.010986,2.5018,4.9796,-0.00030518
0.0073242,0.0068665,-0.0047509,-0.013885,2.5009,4.9759,0.00030518
0.04425,-0.0016785,-0.0047509,-0.015564,2.5012,4.9756,0.00030518
0.026245,0.0073242,-0.0047509,-0.016022,2.5018,4.9744,-0.00091553
-0.011139,0.054779,-0.0047509,-0.011749,2.5015,4.9741,0
-0.01297,0.12161,-0.005226,-0.0059509,2.5018,4.975,0.00030518
0.030518,0.14801,-0.005226,-0.0056458,2.5015,4.975,-0.00030518
0.028687,0.12115,-0.005226,-0.0042725,2.5012,4.975,0
-0.0071716,0.079193,-0.0047509,0.00045776,2.5009,4.9756,0
-0.02243,0.041199,-0.0047509,0.0065613,2.5009,4.9741,0
0.0088501,-0.0036621,-0.0042758,0.010529,2.5012,4.975,0
0.0082397,-0.056,-0.0047509,0.01236,2.5015,4.9753,-0.00091553
-0.011139,-0.095825,-0.0047509,0.0090027,2.5009,4.9753,0.00061035
-0.01358,-0.11658,-0.0047509,0.0067139,2.5009,4.9753,0.00030518
-0.019379,-0.10635,-0.005226,0.0050354,2.5006,4.9759,-0.00030518
-0.014954,-0.07431,-0.005226,0.0035095,2.5009,4.978,0.00030518
-0.0059509,-0.042419,-0.0047509,-0.0015259,2.5,4.9777,0
-0.0080872,-0.016327,-0.0047509,-0.007019,2.5009,4.9783,0
-0.0076294,0.002594,-0.0042758,-0.0091553,2.5024,4.9786,0
-0.0094604,0.016632,-0.0047509,-0.014038,2.5015,4.9792,0
0.016479,0.027618,-0.0038007,-0.019684,2.5006,4.9783,0.00030518
0.023041,0.043945,-0.0047509,-0.020447,2.5021,4.9789,0
0.012054,0.055847,-0.005226,-0.011597,2.5012,4.9796,0
-0.0090027,0.070038,-0.0042758,-0.0045776,2.5021,4.9792,-0.00061035
-0.020447,0.089111,-0.005226,-0.0038147,2.5015,4.9786,0.00030518
-0.015869,0.082245,-0.0047509,-0.0080872,2.5027,4.9789,0.00061035
-0.020294,0.041809,-0.0047509,-0.010529,2.5018,4.9789,0.00091553
-0.031738,-0.004425,-0.005226,-0.0074768,2.5012,4.9786,0.00061035
-0.049896,-0.037384,-0.0042758,-0.0079346,2.5015,4.9789,0
-0.065765,-0.050507,-0.0047509,-0.015869,2.5018,4.978,0
-0.048523,-0.036926,-0.005226,-0.021362,2.5,4.978,-0.00030518
-0.026093,-0.015106,-0.0042758,-0.014496,2.5012,4.9789,0.00061035
-0.023651,-0.028381,-0.0042758,-0.0012207,2.5015,4.9786,0.00030518
-0.019226,-0.055237,-0.0061761,-0.00045776,2.5009,4.9792,0.00030518
0.005188,-0.043793,-0.0042758,-0.0045776,2.5015,4.9783,0.00030518
0.00091553,-0.0042725,-0.0047509,-0.0061035,2.5003,4.9789,0.00030518
-0.051117,0.039978,-0.0033257,-0.0071716,2.5006,4.9783,-0.00030518
-0.090637,0.088196,-0.005226,-0.0076294,2.5024,4.9789,-0.00030518
-0.011139,0.14191,-0.0047509,-0.007782,2.5009,4.9799,0.00030518
0.023346,0.1796,-0.0042758,-0.0065613,2.5015,4.9792,-0.00030518
0.0018311,0.16144,-0.0047509,-0.0082397,2.5012,4.9792,0
-0.0045776,0.076447,-0.0042758,-0.014038,2.5012,4.9783,0
0.018768,-0.040894,-0.0047509,-0.023041,2.5018,4.9786,0.00030518
0.032349,-0.13229,-0.0047509,-0.029297,2.5015,4.9796,0.00061035
0.027924,-0.14328,-0.0038007,-0.037079,2.5015,4.9792,0.00030518
-0.0021362,-0.09201,-0.005701,-0.043793,2.5,4.9792,-0.00030518
-0.014038,-0.035248,-0.0047509,-0.045319,2.5009,4.9792,0
0.011139,-0.0039673,-0.0047509,-0.039825,2.5009,4.9789,-0.00030518
0.025482,-0.0082397,-0.005226,-0.032349,2.5009,4.9789,0
0.004425,-0.027313,-0.005226,-0.026398,2.5012,4.9789,0.00030518
-0.0090027,-0.045471,-0.0038007,-0.020142,2.5015,4.978,0.00030518
-0.018921,-0.062714,-0.005226,-0.021515,2.5018,4.9783,-0.00030518
-0.009613,-0.0737,-0.005226,-0.026093,2.5015,4.9792,0.00030518
-0.0012207,-0.062866,-0.005226,-0.030518,2.5015,4.9792,0.00030518
0.00030518,-0.022736,-0.005226,-0.031586,2.5015,4.9789,0.00061035
0.0010681,0.024261,-0.0042758,-0.029602,2.5015,4.9789,0.00030518
0.01297,0.056915,-0.0042758,-0.020447,2.5027,4.9792,0
0.010529,0.059967,-0.0047509,-0.0097656,2.5009,4.9777,0
-0.0015259,0.037842,-0.005226,-0.0032043,2.5003,4.9792,0.00061035
0.028534,-0.00030518,-0.0042758,0,2.5006,4.9786,0.00030518
0.060425,-0.04837,-0.0042758,0.00030518,2.5003,4.9792,0.00030518
0.045929,-0.076447,-0.0042758,0.0013733,2.5006,4.9792,0.00030518
0.020905,-0.070801,-0.0042758,0.00045776,2.5012,4.9786,-0.00061035
0,-0.061493,-0.0047509,-0.0047302,2.5012,4.9792,-0.00061035
-0.010529,-0.066223,-0.0047509,-0.015106,2.5012,4.9783,0
0.01236,-0.060883,-0.0038007,-0.018921,2.5012,4.9786,-0.00030518
0.018463,-0.037384,-0.005226,-0.018158,2.5018,4.9789,0.00061035
0.0028992,-0.011597,-0.0042758,-0.014191,2.5012,4.9786,0.00030518
-0.0090027,0.0064087,-0.0033257,-0.00076294,2.5009,4.9799,-0.00061035
-0.0090027,0.014954,-0.005701,0.01236,2.5009,4.9771,0
0.016785,0.010071,-0.005226,0.013428,2.5027,4.9777,0
0.0086975,0.0022888,-0.0042758,0.0079346,2.5009,4.9789,0.00030518
-0.013885,0.0021362,-0.0047509,0.0053406,2.5015,4.9796,0.00030518
-0.042267,0.0056458,-0.0047509,0.0042725,2.5009,4.9789,0
-0.012512,0.014038,-0.0047509,0.0038147,2.5009,4.9796,0.00030518
0.044708,0.037079,-0.0047509,-0.00030518,2.5009,4.9796,-0.00030518
0.059967,0.073547,-0.0042758,-0.0086975,2.5018,4.9799,0.00030518
0.065002,0.094757,-0.0038007,-0.012207,2.5009,4.9796,0
0.080719,0.077667,-0.0038007,-0.010376,2.5015,4.9796,0.00030518
0.086975,0.03006,-0.0047509,-0.009613,2.5015,4.9796,-0.00030518
0.073853,-0.012207,-0.0047509,-0.0076294,2.5018,4.9789,-0.00030518
0.067139,-0.030823,-0.0047509,-0.0088501,2.5012,4.9765,0
0.034637,-0.032959,-0.0047509,-0.010376,2.5,4.975,0.00030518
0.0045776,-0.033112,-0.0038007,-0.0094604,2.5018,4.9744,-0.00030518
0.034485,-0.031128,-0.005226,-0.0036621,2.5018,4.9744,-0.00030518
0.037842,-0.023041,-0.0042758,0.0062561,2.5018,4.975,0.00030518
0.022888,-0.0094604,-0.0047509,0.010529,2.5015,4.9744,0.00030518
0.0015259,0.00076294,-0.0047509,0.011749,2.5009,4.9741,-0.00030518
-0.0027466,0.00015259,-0.0042758,0.0086975,2.5003,4.9744,-0.00061035
0.00045776,0,-0.005226,0.0022888,2.5015,4.9741,0
0.045929,0.011139,-0.0038007,-0.0054932,2.5003,4.9753,0.00061035
0.059814,0.03067,-0.0042758,-0.011749,2.5015,4.9765,0.00061035
0.027924,0.051117,-0.0042758,-0.019531,2.5009,4.9756,0.00030518
0.016785,0.069733,-0.0047509,-0.023804,2.5018,4.9762,0.00030518
-0.004425,0.086212,-0.0042758,-0.026245,2.5015,4.9765,0.00030518
0.0059509,0.095825,-0.0042758,-0.025024,2.5015,4.978,0.00030518
0.014954,0.086823,-0.0033257,-0.023193,2.5012,4.9777,0.00061035
0.020752,0.061798,-0.005226,-0.027161,2.5015,4.9792,0.00061035
0.031586,0.027771,-0.0042758,-0.029449,2.5012,4.9789,0.00030518
0.0083923,0.010529,-0.0047509,-0.020752,2.5009,4.9792,0.00030518
0.0018311,0.027008,-0.0047509,-0.010376,2.5015,4.9792,0
-0.0079346,0.043488,-0.0038007,-0.0047302,2.5012,4.9796,0
-0.022736,0.036011,-0.005226,-0.0012207,2.5012,4.9789,0.00030518
-0.063782,0.0064087,-0.0047509,0.0090027,2.5012,4.9789,0
-0.067291,-0.049438,-0.0042758,0.015717,2.5015,4.9786,-0.00030518
-0.05188,-0.097198,-0.0042758,0.014496,2.5009,4.9783,0
-0.043335,-0.097504,-0.0047509,0.0085449,2.5012,4.9799,-0.00030518
-0.0383,-0.084534,-0.0042758,0.0093079,2.5024,4.9796,0.00030518
-0.028839,-0.079803,-0.0047509,0.007782,2.5018,4.9799,0.00030518
-0.022736,-0.068054,-0.0047509,0.0062561,2.5003,4.9783,0.00061035
-0.012054,-0.049896,-0.0042758,0.010376,2.5012,4.9792,-0.00091553
-0.025024,-0.037994,-0.005226,0.015411,2.5015,4.9796,0.00061035
-0.036163,-0.024567,-0.005226,0.014191,2.5018,4.9789,0.00030518
-0.024109,-0.00091553,-0.0047509,0.0076294,2.5027,4.9792,-0.00030518
0.0065613,0.023193,-0.0047509,0.0048828,2.5031,4.9786,0.00030518
0.002594,0.035553,-0.0028506,0.011749,2.5012,4.9783,-0.00030518
-0.0045776,0.031738,-0.005701,0.019836,2.5018,4.9777,0
-0.007782,0.018005,-0.0047509,0.022125,2.5,4.9783,0
-0.0073242,0.007019,-0.0042758,0.016022,2.5012,4.9792,0.00030518
-0.019073,-0.0039673,-0.0042758,0.0086975,2.5012,4.9792,-0.00030518
-0.0042725,-0.028381,-0.0047509,0.0090027,2.5012,4.9783,0
0.011902,-0.068665,-0.005226,0.01236,2.5015,4.9796,0.00061035
0.010986,-0.095825,-0.005226,0.013428,2.5015,4.9792,0.00030518
0.0033569,-0.078278,-0.0047509,0.011444,2.5003,4.9792,0.00091553
-0.0013733,-0.034485,-0.0047509,0.0062561,2.5012,4.9789,0.00030518
0.0019836,-0.0056458,-0.0047509,0.0019836,2.5018,4.9792,0
0.0090027,0.0061035,-0.0042758,0.002594,2.5018,4.9789,0.00030518
-0.014801,0.015106,-0.0042758,0.011444,2.5009,4.9796,0.00030518
-0.093994,0.020142,-0.0042758,0.021362,2.5012,4.9792,0
-0.011749,0.031128,-0.0042758,0.023346,2.5015,4.9783,0.00030518
0.07843,0.042267,-0.0042758,0.019531,2.5015,4.9792,0.00091553
0.06424,0.036316,-0.0033257,0.010986,2.5018,4.9783,0.00030518
0.033722,0.037994,-0.0042758,0.0082397,2.5009,4.9799,-0.00030518
0.0059509,0.068359,-0.0042758,0.0090027,2.5015,4.9792,-0.00030518
-0.016479,0.093231,-0.0038007,0.014343,2.5006,4.9792,0
-0.0021362,0.07782,-0.0033257,0.023956,2.5021,4.978,0
0.0067139,0.02121,-0.005226,0.029449,2.5015,4.9768,0.00030518
-0.020447,-0.041504,-0.005226,0.030823,2.5009,4.9777,-0.00030518
-0.036926,-0.073242,-0.005226,0.028839,2.5012,4.9792,0
-0.039673,-0.066376,-0.0047509,0.024109,2.5018,4.9792,0.00061035
0.00015259,-0.032196,-0.0047509,0.02243,2.5009,4.9783,0.00030518
0.010681,0.016174,-0.0042758,0.023193,2.5018,4.9786,-0.00091553
0.0097656,0.062561,-0.0042758,0.023956,2.5012,4.9783,-0.00030518
0.00030518,0.086365,-0.0047509,0.026398,2.5018,4.9783,0.00030518
-0.011139,0.080261,-0.0047509,0.030975,2.5018,4.9796,0.00030518
-0.018005,0.059967,-0.0047509,0.037994,2.5018,4.9783,0.00061035
-0.033569,0.042572,-0.0042758,0.043335,2.5015,4.9789,0.00030518
-0.034943,0.045166,-0.0038007,0.052185,2.5015,4.9783,-0.00061035
-0.050201,0.051727,-0.0038007,0.058441,2.5003,4.9783,0.00030518
-0.069427,0.028687,-0.0047509,0.061035,2.5012,4.9786,0.00030518
-0.055237,-0.028381,-0.005226,0.05722,2.5006,4.9796,0
-0.024719,-0.074158,-0.0028506,0.054321,2.5009,4.9796,0
-0.016022,-0.053253,-0.005226,0.059357,2.5012,4.9792,-0.00030518
-0.025177,0.023346,-0.0047509,0.061188,2.5021,4.9792,0
-0.040588,0.094452,-0.0061761,0.057678,2.5012,4.9783,-0.00030518
-0.032959,0.11536,-0.0042758,0.053406,2.5015,4.9796,0.00030518
-0.01709,0.088043,-0.005226,0.046234,2.5027,4.9786,0.00030518
0.0033569,0.032654,-0.005226,0.039368,2.5021,4.9783,0.00030518
0.0079346,-0.050201,-0.0047509,0.036926,2.5018,4.978,0.00030518
-0.0083923,-0.093384,-0.005226,0.0354,2.5009,4.9774,0
-0.004425,-0.032196,-0.0047509,0.030518,2.5006,4.9768,0
-0.0016785,0.065002,-0.0042758,0.025787,2.5003,4.9722,0.00061035
-0.015259,0.091553,-0.0047509,0.021057,2.5015,4.9701,0.00030518
-0.023499,0.038605,-0.005226,0.018005,2.5015,4.9701,-0.00061035
-0.014496,-0.048981,-0.0042758,0.018616,2.5021,4.9701,0
-0.0074768,-0.11108,-0.0047509,0.018921,2.5018,4.9698,0.00030518
-0.013885,-0.10178,-0.0047509,0.016022,2.5012,4.9707,0
-0.0057983,-0.064545,-0.005226,0.0085449,2.5009,4.9713,0
-0.00076294,-0.059357,-0.0047509,0.0054932,2.5009,4.9716,-0.00030518
-0.014496,-0.073242,-0.0047509,0.0054932,2.5012,4.9725,0.00030518
-0.0032043,-0.072784,-0.0047509,0.0091553,2.5012,4.9725,-0.00030518
0.0030518,-0.055542,-0.0042758,0.010376,2.5003,4.9731,0.00030518
-0.0083923,-0.029602,-0.0047509,0.0064087,2.5015,4.9738,-0.00030518
-0.026398,-0.0038147,-0.0047509,0.0027466,2.5006,4.975,-0.00030518
-0.036163,0.004425,-0.0038007,0.00091553,2.5021,4.9747,0.00030518
-0.041351,-0.0035095,-0.005226,0.00030518,2.5009,4.9774,0.00030518
-0.024567,-0.018158,-0.0047509,-0.0039673,2.5012,4.9786,0
-0.0059509,-0.034332,-0.0047509,-0.010223,2.5018,4.9783,0.00030518
0.014191,-0.0383,-0.0042758,-0.013733,2.5012,4.9789,-0.00061035
0.020599,-0.017395,-0.0042758,-0.012665,2.5012,4.9792,0
0.017853,0.021515,-0.0047509,-0.0090027,2.5009,4.9792,-0.00091553
0.01709,0.044556,-0.0047509,-0.0047302,2.5021,4.9789,0
0.0067139,0.034027,-0.005226,-0.00076294,2.5018,4.9789,0.00030518
0.0042725,0.0027466,-0.005226,0.0048828,2.5021,4.9792,-0.00030518
0.00061035,-0.029144,-0.0042758,0.013885,2.5012,4.9792,-0.00061035
-0.011444,-0.045624,-0.0042758,0.02182,2.5018,4.9792,0
-0.011444,-0.039215,-0.005226,0.020294,2.5015,4.9786,0.00061035
-0.011444,-0.02655,-0.0042758,0.017853,2.5015,4.9786,0.00030518
-0.018616,-0.016327,-0.0047509,0.014343,2.4997,4.9799,-0.00061035
-0.03067,-0.011597,-0.0042758,0.0076294,2.5012,4.978,0.00030518
-0.015717,-0.013885,-0.0042758,0.0035095,2.5009,4.9789,0.00030518
-0.0010681,-0.018005,-0.005226,0.0018311,2.5009,4.9792,0
-0.021515,-0.016479,-0.0042758,0.00061035,2.5009,4.9799,0.00061035
-0.037079,-0.013733,-0.0047509,0.0038147,2.5021,4.9783,0.00061035
-0.041046,-0.016174,-0.005226,0.0082397,2.5012,4.9789,0
-0.030518,-0.019073,-0.0047509,0.0054932,2.5015,4.9789,-0.00030518
-0.028534,-0.018005,-0.0042758,-0.00091553,2.5012,4.9777,0.00061035
-0.040741,-0.011444,-0.0047509,-0.0068665,2.5009,4.9789,0.00061035
-0.019836,-0.0015259,-0.0047509,-0.0062561,2.5006,4.9792,0
0.029297,0.012665,-0.0042758,-0.0016785,2.5018,4.9796,0.00061035
0.053711,0.02243,-0.0042758,0.002594,2.5003,4.9786,0.00061035
0.038757,0.027924,-0.005226,0.0036621,2.5012,4.9792,-0.00091553
0.031281,0.031891,-0.0047509,0.0012207,2.5012,4.9786,-0.00030518
0.049591,0.028687,-0.0042758,0.0021362,2.5009,4.9789,0
0.067139,0.024261,-0.0038007,0.0086975,2.5018,4.9783,-0.00030518
0.032501,0.016479,-0.0047509,0.011597,2.5009,4.9786,0
-0.028992,0.0032043,-0.0047509,0.0091553,2.5021,4.9789,0.00061035
-0.044403,-0.011139,-0.0042758,0.0097656,2.5006,4.9789,-0.00061035
-0.037384,-0.020447,-0.0042758,0.014801,2.5012,4.9792,0.00030518
-0.038452,-0.019836,-0.0047509,0.019989,2.5012,4.978,-0.00061035
-0.026398,-0.0032043,-0.0042758,0.018005,2.5015,4.9792,0.00030518
-0.0033569,0.021973,-0.005226,0.015259,2.5015,4.9789,0
0.0080872,0.034943,-0.0047509,0.021057,2.5015,4.9792,-0.00030518
-0.0028992,0.026398,-0.0042758,0.025024,2.5012,4.9783,0
-0.011749,0.011902,-0.0047509,0.0177,2.5024,4.9789,0
-0.015411,0.00045776,-0.005226,0.010681,2.5012,4.9777,-0.00061035
-0.023499,-0.0010681,-0.0042758,0.010986,2.5006,4.978,-0.00030518
-0.039673,0.014191,-0.0047509,0.010071,2.5021,4.9774,0.00030518
-0.04837,0.032501,-0.0042758,0.0018311,2.5018,4.9771,0.00030518
-0.054932,0.040131,-0.0047509,0.00045776,2.5018,4.9768,-0.00030518
-0.043335,0.038757,-0.0042758,0.0035095,2.5006,4.9762,0.00030518
-0.028687,0.020294,-0.0038007,0.0024414,2.5012,4.9765,-0.00030518
-0.023499,-0.0054932,-0.0047509,0.00091553,2.5015,4.9762,0.00030518
-0.011292,-0.00015259,-0.0042758,0.0016785,2.5015,4.9771,-0.00061035
-0.0057983,0.033569,-0.0038007,-0.0039673,2.5009,4.9768,0.00030518
0.0016785,0.074005,-0.0047509,-0.01358,2.5003,4.9765,-0.00030518
0.0024414,0.10498,-0.005226,-0.018921,2.5018,4.9768,-0.00061035
-0.0065613,0.103,-0.0042758,-0.014343,2.5012,4.978,-0.00091553
0.0022888,0.074158,-0.0042758,-0.0086975,2.5021,4.9768,0.00061035
-0.0093079,0.052795,-0.0047509,-0.0082397,2.5,4.9783,0
-0.010681,0.032349,-0.005226,-0.010834,2.5012,4.9771,0.00030518
-0.01358,0.02594,-0.0047509,-0.011292,2.5009,4.9777,0
-0.026093,0.053253,-0.0047509,-0.014191,2.5015,4.9768,0.00061035
-0.0071716,0.063782,-0.005226,-0.018005,2.5012,4.9792,0.00030518
-0.0018311,0.010071,-0.0047509,-0.016174,2.5015,4.9796,0.00030518
0.0032043,-0.078735,-0.0042758,-0.011902,2.5003,4.9796,0
-0.0082397,-0.13428,-0.0047509,-0.0073242,2.5009,4.9789,0
-0.005188,-0.11826,-0.005701,-0.0048828,2.5006,4.9796,0.00061035
0.013885,-0.06424,-0.005226,-0.0082397,2.5003,4.9792,0
0.019684,-0.019836,-0.0047509,-0.0097656,2.5009,4.9786,0.00061035
0.016937,-0.0042725,-0.0042758,-0.010376,2.5015,4.9786,0.00030518
-0.00015259,-0.0010681,-0.005226,-0.0094604,2.5006,4.9747,-0.00030518
-0.0035095,0.010529,-0.0038007,-0.0047302,2.5006,4.9734,0.00030518
0.0074768,0.023651,-0.0042758,-0.0012207,2.5009,4.9738,0.00061035
-0.002594,0.018921,-0.0047509,-0.0035095,2.5009,4.9744,-0.00030518
-0.021973,-0.0099182,-0.0038007,-0.0024414,2.5015,4.9747,-0.00061035
-0.019836,-0.050812,-0.005226,0.0019836,2.5015,4.9744,0
-0.010986,-0.086212,-0.0042758,0.0042725,2.5009,4.9744,0.00030518
-0.0038147,-0.10208,-0.0047509,0.0071716,2.5003,4.9747,0.00030518
0.019073,-0.096893,-0.005226,0.01297,2.5012,4.9744,0.00030518
0.034637,-0.075989,-0.005701,0.013428,2.5006,4.9744,0
0.0074768,-0.050507,-0.0047509,0.0090027,2.5015,4.9756,0
-0.013733,-0.02533,-0.005226,0.0057983,2.5015,4.9756,0.00030518
-0.01236,0.0018311,-0.005701,0.0041199,2.5021,4.9759,0.00030518
0.014801,0.023804,-0.0047509,0.0030518,2.5006,4.9762,0.00030518
0.025177,0.033875,-0.005226,0.0036621,2.5009,4.9774,-0.00030518
0.012054,0.036011,-0.005701,0.0065613,2.5012,4.9786,0.00061035
-0.0053406,0.036011,-0.0047509,0.013275,2.5009,4.9796,0.00030518
-0.0068665,0.034943,-0.005226,0.015564,2.5012,4.9792,-0.00030518
-0.0076294,0.037231,-0.005226,0.013733,2.5012,4.9792,-0.00030518
-0.011597,0.050659,-0.005701,0.0093079,2.5015,4.9783,0.00030518
-0.013275,0.072937,-0.0047509,0.0061035,2.5006,4.9786,0.00030518
-0.014191,0.083771,-0.0047509,0.0080872,2.5015,4.9789,0
0.0080872,0.068512,-0.0047509,0.019226,2.5021,4.9789,0
0.013885,0.027924,-0.005701,0.025787,2.5018,4.9783,-0.00030518
-0.016937,-0.014038,-0.0047509,0.018158,2.5015,4.9786,0.00030518
-0.037231,-0.036926,-0.0033257,0.010223,2.5018,4.9796,0.00091553
-0.023804,-0.041351,-0.0047509,0.013733,2.5015,4.9789,0.00030518
-0.028229,-0.041809,-0.0042758,0.018768,2.5012,4.9789,0.00030518
-0.048981,-0.044098,-0.0047509,0.02121,2.5012,4.9777,0.00030518
-0.041199,-0.042877,-0.0047509,0.023346,2.5018,4.978,0
-0.027924,-0.034332,-0.0042758,0.032501,2.5021,4.978,0.00030518
-0.033569,-0.017395,-0.005226,0.040894,2.5024,4.9796,0.00030518
-0.036163,-0.0016785,-0.0042758,0.040894,2.5009,4.9777,0.00030518
-0.04425,0.0050354,-0.005226,0.037537,2.5009,4.9783,0.00030518
-0.046387,0.0054932,-0.005226,0.043182,2.5015,4.9768,0.00061035
-0.037384,0.0033569,-0.005226,0.058136,2.5018,4.9774,-0.00061035
-0.024719,-0.0013733,-0.005226,0.066833,2.5015,4.9765,0.00091553
-0.015411,-0.0088501,-0.0042758,0.069275,2.5024,4.9774,0.00061035
-0.036774,-0.0083923,-0.005226,0.072632,2.5006,4.9768,-0.00030518
-0.046234,0.0041199,-0.005226,0.071564,2.5021,4.9768,0.00061035
-0.06424,0.011444,-0.0047509,0.06134,2.5,4.9774,0.00030518
-0.0737,0.0097656,-0.0047509,0.055237,2.5018,4.9774,0.00030518
-0.061646,0.01297,-0.0038007,0.053406,2.5009,4.9765,0
-0.045013,0.024567,-0.005226,0.054321,2.5015,4.9771,0
-0.030365,0.037079,-0.005701,0.062103,2.5024,4.9777,-0.00061035
-0.033875,0.045929,-0.0047509,0.078583,2.5018,4.9777,0
-0.04776,0.044403,-0.0047509,0.093231,2.5009,4.9774,0.00030518
-0.072479,0.033417,-0.005226,0.099487,2.5024,4.9774,0
-0.086212,0.016022,-0.0038007,0.10773,2.5003,4.9771,-0.00030518
-0.050507,0.0019836,-0.0047509,0.1207,2.5012,4.9774,0.00030518
-0.051727,0.0057983,-0.0038007,0.13718,2.5015,4.9786,0
-0.078583,0.017548,-0.0042758,0.15732,2.5012,4.9792,0
-0.091095,0.024567,-0.0042758,0.17609,2.5009,4.9783,0
-0.09613,0.027161,-0.0042758,0.18707,2.5021,4.9792,0.00030518
-0.098877,0.031738,-0.0042758,0.19302,2.5012,4.9786,0
-0.069122,0.037537,-0.0042758,0.20172,2.5012,4.9796,-0.00030518
-0.081177,0.021057,-0.005226,0.21088,2.5021,4.978,-0.00030518
-0.12695,-0.013885,-0.0047509,0.22003,2.5012,4.9786,-0.00030518
-0.13718,-0.049133,-0.0042758,0.22141,2.5018,4.9789,0
-0.1239,-0.06485,-0.0047509,0.22537,2.5003,4.9792,0.00030518
-0.1207,-0.049438,-0.005701,0.23499,2.5015,4.9786,0
-0.12161,-0.011902,-0.0047509,0.24323,2.5012,4.9789,-0.00061035
-0.11658,0.015411,-0.0038007,0.25528,2.5021,4.9783,0.00030518
-0.1297,0.01709,-0.0042758,0.2742,2.5012,4.9792,0.00030518
-0.14389,-0.0028992,-0.0047509,0.29495,2.5015,4.9792,0.00030518
-0.13779,-0.020142,-0.0042758,0.31647,2.5009,4.9799,0.00030518
-0.12787,0.0047302,-0.005701,0.34073,2.5015,4.9796,0.00030518
-0.13184,0.065765,-0.005226,0.3627,2.5015,4.9792,0
-0.15045,0.10635,-0.0042758,0.38452,2.5021,4.9771,0.00030518
-0.14709,0.10468,-0.0047509,0.40253,2.5009,4.9786,0.00030518
-0.15289,0.089111,-0.0038007,0.41336,2.5006,4.9796,0.00030518
-0.16251,0.077057,-0.0047509,0.42099,2.5009,4.9789,0.00030518
-0.14816,0.059357,-0.005226,0.42633,2.5021,4.9789,0.00030518
-0.11917,0.015717,-0.005226,0.42648,2.5012,4.9796,0.00061035
-0.086365,-0.06958,-0.0038007,0.42755,2.5018,4.9799,0.00030518
-0.041962,-0.14893,-0.0042758,0.42831,2.5015,4.9796,0
-0.027161,-0.1593,-0.005226,0.4248,2.5003,4.9792,0.00030518
-0.024872,-0.11475,-0.0038007,0.41214,2.5009,4.9799,0.00030518
-0.028534,-0.065002,-0.0033257,0.39215,2.5006,4.9792,0
-0.0053406,-0.0354,-0.0047509,0.36407,2.5009,4.9786,0
0.017395,-0.023651,-0.0047509,0.336,2.5009,4.9759,0.00061035
0.03418,-0.018463,-0.005226,0.29541,2.5015,4.9744,0.00030518
0.072632,-0.020142,-0.005701,0.25055,2.5006,4.9744,-0.00030518
0.081177,-0.014954,-0.0042758,0.20966,2.5018,4.9741,0.0015259
0.071411,0.0074768,-0.0047509,0.16968,2.5006,4.975,-0.00091553
0.09552,0.032654,-0.0047509,0.12802,2.5012,4.9744,0.00061035
0.13367,0.034943,-0.0047509,0.089569,2.5006,4.9756,0.00091553
0.13596,0.024872,-0.0047509,0.054169,2.5015,4.975,0.00030518
0.14755,0.018616,-0.0038007,0.020905,2.5021,4.9741,0.00030518
0.20203,0.011139,-0.0042758,-0.014648,2.5018,4.9734,0.00061035
0.24994,0.0050354,-0.0042758,-0.050201,2.5009,4.9719,0.00030518
0.27878,0.007782,-0.0047509,-0.083923,2.5015,4.9713,0.00030518
0.29678,0.01358,-0.0042758,-0.11627,2.5015,4.9713,0.00030518
0.30624,0.014801,-0.005226,-0.14999,2.5021,4.9713,0
0.32196,0.010223,-0.0042758,-0.18509,2.5015,4.9744,0.00061035
0.35538,-0.0042725,-0.0047509,-0.224,2.5018,4.9762,-0.00030518
0.37643,-0.025635,-0.0042758,-0.26001,2.5018,4.9759,0
0.37781,-0.047455,-0.0047509,-0.28717,2.5006,4.9768,0.00091553
0.39795,-0.068817,-0.0042758,-0.31357,2.5012,4.9771,-0.00091553
0.43884,-0.061951,-0.0047509,-0.34866,2.5018,4.9765,0
0.46524,-0.0090027,-0.0042758,-0.38818,2.5006,4.9774,0.00030518
0.48935,0.048523,-0.0033257,-0.42679,2.5012,4.9771,0
0.5162,0.06134,-0.0047509,-0.45883,2.5003,4.9765,0.00061035
0.51529,0.022736,-0.0047509,-0.4837,2.5009,4.9771,0
0.48859,-0.033264,-0.0038007,-0.50751,2.5009,4.9783,0.00030518
0.47699,-0.069122,-0.0047509,-0.53482,2.5015,4.9774,0.00030518
0.49667,-0.079803,-0.005226,-0.5629,2.5009,4.978,-0.00030518
0.51346,-0.064087,-0.0042758,-0.58777,2.5024,4.9792,0.00030518
0.52582,-0.03067,-0.0042758,-0.6044,2.5015,4.9783,-0.00030518
0.49561,-0.0038147,-0.0042758,-0.61172,2.5012,4.9786,0.00030518
0.45715,0.012512,-0.005226,-0.62271,2.5012,4.9792,-0.00030518
0.4248,0.027466,-0.0047509,-0.64377,2.5015,4.9786,0
0.40695,0.03952,-0.0042758,-0.65903,2.5006,4.9799,0
0.38605,0.042114,-0.0047509,-0.66254,2.5015,4.9789,0
0.3479,0.04364,-0.0047509,-0.66284,2.5012,4.9796,0.00061035
0.31357,0.040741,-0.0047509,-0.67093,2.5015,4.9799,-0.00030518
0.29678,0.028687,-0.0042758,-0.68939,2.5015,4.9789,0
0.27924,0.0068665,-0.0047509,-0.70923,2.5012,4.9792,0.00030518
0.24796,-0.019836,-0.0042758,-0.71548,2.5018,4.9792,0.00030518
0.22491,-0.031891,-0.005226,-0.70587,2.5015,4.9796,-0.00030518
0.19455,-0.019989,-0.0033257,-0.69153,2.5015,4.9796,0
0.15091,0.0016785,-0.0042758,-0.67795,2.5018,4.9792,0.00061035
0.1001,0.0079346,-0.0042758,-0.67108,2.5012,4.9792,-0.00030518
0.085602,-0.0053406,-0.0042758,-0.67001,2.5018,4.9792,0.00030518
0.1123,-0.01358,-0.0047509,-0.67001,2.5027,4.9789,-0.00030518
0.10849,-0.016022,-0.0042758,-0.66101,2.5003,4.9792,-0.00030518
0.077209,-0.026245,-0.005226,-0.64697,2.5015,4.9792,0
0.078125,-0.037842,-0.0042758,-0.62866,2.4997,4.9789,-0.00030518
0.068817,-0.039063,-0.005226,-0.60577,2.5009,4.9777,0
0.019989,-0.032806,-0.0038007,-0.59067,2.5015,4.9786,0.00061035
-0.0083923,-0.026245,-0.0028506,-0.57526,2.5018,4.9786,0.00061035
-0.013275,-0.011139,-0.005226,-0.55252,2.5009,4.9789,0
-0.04837,0.014801,-0.0047509,-0.5191,2.5018,4.9789,0
-0.090637,0.042114,-0.0033257,-0.48126,2.5006,4.9786,0.00030518
-0.09491,0.055389,-0.0047509,-0.44495,2.5015,4.9786,0
-0.067902,0.050201,-0.0047509,-0.40436,2.5012,4.9786,-0.00030518
-0.079193,0.028992,-0.0028506,-0.3598,2.5015,4.9799,0.00061035
-0.11292,0.0068665,-0.0042758,-0.32135,2.5021,4.9783,-0.00030518
-0.13962,-0.0030518,-0.0038007,-0.28488,2.5031,4.9783,-0.00061035
-0.13962,-0.0054932,-0.0047509,-0.24658,2.5012,4.9792,-0.00061035
-0.14618,-0.0013733,-0.0042758,-0.21545,2.5012,4.9789,0
-0.14282,0.0050354,-0.0042758,-0.1947,2.5012,4.9786,-0.00061035
-0.14252,0.0093079,-0.005226,-0.17365,2.5009,4.9783,0.00030518
-0.14648,0.012207,-0.0047509,-0.14206,2.5018,4.9789,-0.00030518
-0.15625,0.01709,-0.0042758,-0.10452,2.5018,4.9792,-0.00061035
-0.16769,0.02594,-0.0038007,-0.072327,2.5012,4.9786,0
-0.18295,0.035248,-0.0047509,-0.045319,2.5009,4.9789,0
-0.19531,0.037689,-0.0047509,-0.021667,2.5018,4.9786,-0.00030518
-0.21835,0.029144,-0.0047509,0.0013733,2.5012,4.978,0.00030518
-0.21133,0.013733,-0.0038007,0.020142,2.5018,4.9783,-0.00030518
-0.23422,0.0041199,-0.0047509,0.036621,2.5015,4.9789,-0.00030518
-0.24948,0.019989,-0.0042758,0.06012,2.5021,4.9792,-0.00061035
-0.23071,0.064087,-0.0042758,0.091858,2.5018,4.9792,0.00061035
-0.22507,0.098267,-0.005701,0.11307,2.5006,4.9792,0.00030518
-0.21545,0.081024,-0.0042758,0.11902,2.5012,4.9789,-0.00061035
-0.19241,0.021667,-0.0042758,0.12421,2.5009,4.9786,0.00061035
-0.16006,-0.032806,-0.0047509,0.13245,2.5015,4.9783,-0.0012207
-0.11581,-0.043182,-0.0047509,0.14404,2.5018,4.978,0
-0.10849,0.0053406,-0.0047509,0.15823,2.5012,4.9765,0
-0.11536,0.071716,-0.005701,0.16449,2.5018,4.9765,0.00030518
-0.1445,0.090942,-0.005226,0.16891,2.5,4.9722,-0.00030518
-0.19211,0.065155,-0.0042758,0.17487,2.5018,4.9695,0.00061035
-0.19852,0.039673,-0.0042758,0.17639,2.5009,4.9695,0.00061035
-0.15213,0.036163,-0.0047509,0.17303,2.5015,4.9695,0.00030518
-0.12299,0.039368,-0.0042758,0.18036,2.5012,4.9704,0.00030518
-0.10376,0.023804,-0.0042758,0.2005,2.5009,4.9707,0.00030518
-0.13367,-0.015869,-0.0038007,0.22171,2.5009,4.971,0.00061035
-0.1796,-0.055847,-0.0038007,0.23819,2.5015,4.9716,0.00030518
-0.20401,-0.067596,-0.0047509,0.24673,2.5018,4.9725,0
-0.18784,-0.066223,-0.0042758,0.25787,2.5021,4.9731,0.00061035
-0.19165,-0.071411,-0.0047509,0.2655,2.5018,4.9728,0.00030518
-0.20599,-0.0737,-0.0033257,0.26932,2.5009,4.9741,0
-0.2037,-0.085449,-0.0042758,0.27298,2.5003,4.9741,-0.00030518
-0.20889,-0.10025,-0.0042758,0.28015,2.5009,4.9744,0.00030518
-0.22186,-0.087738,-0.0038007,0.28976,2.5015,4.9771,0.00030518
-0.25253,-0.067749,-0.0042758,0.30014,2.5009,4.9786,0
-0.26215,-0.056763,-0.0047509,0.30731,2.5015,4.9796,0.00030518
-0.2356,-0.043793,-0.0042758,0.30777,2.5009,4.9792,0
-0.24536,-0.026245,-0.005226,0.30334,2.5012,4.9783,0.00030518
-0.2504,-0.01358,-0.0042758,0.30075,2.5009,4.9786,0
-0.22919,-0.0033569,-0.0042758,0.30563,2.5018,4.9792,-0.00030518
-0.20859,0.0057983,-0.0042758,0.30991,2.5015,4.9789,0.00030518
-0.20004,0.0039673,-0.0042758,0.31601,2.5024,4.9792,0
-0.20401,-0.0013733,-0.005226,0.32074,2.5009,4.9796,-0.00061035
-0.21042,0.0019836,-0.0042758,0.32425,2.5012,4.9792,0.00030518
-0.13855,0.0079346,-0.0047509,0.32211,2.5012,4.9786,0.00030518
-0.089569,0.0094604,-0.0042758,0.31189,2.5012,4.9789,0.00061035
-0.16724,0.0093079,-0.005226,0.3009,2.5009,4.9786,-0.00030518
-0.23254,0.0045776,-0.0042758,0.29633,2.5018,4.978,0.00030518
-0.14359,-0.0050354,-0.0047509,0.29861,2.5012,4.978,0.00030518
-0.22491,-0.011139,-0.0047509,0.3006,2.5009,4.9789,0
-0.23026,-0.011444,-0.0042758,0.3009,2.5003,4.9789,0
-0.26001,-0.0086975,-0.0047509,0.30121,2.5006,4.9796,-0.00030518
-0.24109,0.0074768,-0.005226,0.30411,2.5012,4.9786,0.00030518
-0.2095,0.026093,-0.005226,0.30487,2.5018,4.9789,0
-0.2211,0.032806,-0.0042758,0.3006,2.5015,4.9789,0
-0.23407,0.027771,-0.0047509,0.28824,2.5006,4.978,-0.00030518
-0.22812,0.016479,-0.0042758,0.27313,2.5018,4.9786,0.00030518
-0.22858,0.0065613,-0.0047509,0.26443,2.5003,4.9789,0
-0.21088,0.0059509,-0.0028506,0.26062,2.5015,4.9792,0.00030518
-0.1976,0.0068665,-0.0042758,0.2594,2.5009,4.9792,0.00030518
-0.21164,0.002594,-0.0042758,0.25696,2.5012,4.9792,0
-0.23438,-0.00061035,-0.0038007,0.25177,2.5015,4.9789,0
-0.22186,0.0059509,-0.0047509,0.24826,2.5012,4.9789,-0.0012207
-0.19485,0.021973,-0.0047509,0.24719,2.5009,4.9789,0.00061035
-0.16434,0.038452,-0.005226,0.24796,2.5015,4.9789,0.00030518
-0.14572,0.041809,-0.005226,0.25345,2.5009,4.9786,0.00030518
-0.14999,0.0354,-0.0038007,0.25269,2.5024,4.978,0.00061035
-0.11398,0.026093,-0.0042758,0.24353,2.5012,4.9774,0.00030518
-0.084076,0.015717,-0.0047509,0.233,2.5009,4.9786,-0.00030518
-0.13245,0.013885,-0.005226,0.22583,2.5003,4.9783,0.00030518
-0.16846,0.016785,-0.0047509,0.22156,2.5012,4.9792,0.00030518
-0.15732,0.014954,-0.0047509,0.21286,2.5015,4.9783,-0.00061035
-0.15182,0.002594,-0.0047509,0.20142,2.5021,4.9777,-0.00030518
-0.14114,-0.018616,-0.0042758,0.19821,2.5009,4.9777,0.00061035
-0.13351,-0.028992,-0.0042758,0.19836,2.5009,4.9759,0.00061035
-0.13565,-0.019226,-0.0047509,0.19989,2.5009,4.978,0
-0.13031,-0.011292,-0.0047509,0.19226,2.5,4.9765,-0.00030518
-0.11551,-0.018921,-0.0042758,0.17929,2.5009,4.9762,0
-0.061035,-0.035248,-0.0042758,0.17166,2.5012,4.9774,0
-0.023193,-0.041199,-0.0047509,0.1683,2.5015,4.9765,0.00030518
-0.015717,-0.035858,-0.0047509,0.16312,2.5009,4.9765,0
-0.01709,-0.022583,-0.0047509,0.15793,2.5021,4.9777,0.00091553
-0.03952,-0.0032043,-0.0033257,0.14969,2.5012,4.9765,0.00030518
-0.071411,0.010376,-0.005226,0.13596,2.5015,4.9777,-0.00030518
-0.074768,0.011139,-0.0042758,0.12787,2.5015,4.9774,-0.00030518
-0.06546,-0.00061035,-0.0042758,0.12802,2.5015,4.9774,0
-0.05127,-0.010071,-0.0047509,0.1265,2.5024,4.978,0.00030518
-0.04425,-0.0071716,-0.0042758,0.12131,2.5009,4.9774,0
-0.025635,-0.0013733,-0.0047509,0.11276,2.5006,4.9771,-0.00030518
-0.016327,0.0021362,-0.0038007,0.10651,2.5015,4.9786,0.00030518
-0.014038,-0.0030518,-0.0028506,0.097961,2.5012,4.9792,0
-0.012665,-0.014191,-0.0028506,0.090332,2.5015,4.9789,-0.00030518
-0.010529,-0.0097656,-0.0042758,0.083313,2.5018,4.9789,0.00030518
0.0032043,0.017395,-0.0042758,0.071869,2.5009,4.9792,0.00061035
0.031281,0.04837,-0.0042758,0.062103,2.5009,4.9792,-0.00030518
0.034332,0.059662,-0.0042758,0.056763,2.5018,4.9792,0.00030518
0.024109,0.043793,-0.0038007,0.051727,2.5015,4.9796,0.00030518
0.027466,0.0010681,-0.0042758,0.046539,2.5021,4.9786,-0.00030518
0.047455,-0.035248,-0.0042758,0.045166,2.5021,4.9796,0.00030518
0.056305,-0.032806,-0.0033257,0.042572,2.5018,4.9765,-0.00030518
0.062256,0.00061035,-0.0042758,0.034943,2.5006,4.9747,0.00030518
0.070496,0.03952,-0.0042758,0.02594,2.5015,4.975,0.00030518
0.087433,0.057526,-0.0042758,0.023651,2.5018,4.9744,0.00030518
0.086212,0.042877,-0.0038007,0.020142,2.5015,4.9744,0
0.075073,0.01236,-0.0042758,0.016022,2.5015,4.9753,0.00030518
0.077667,-0.016479,-0.0042758,0.014038,2.5009,4.9756,0.00061035
0.067596,-0.045624,-0.0042758,0.010223,2.5009,4.9747,0
0.045929,-0.062408,-0.0047509,0.0059509,2.5009,4.9747,-0.00030518
0.072479,-0.050201,-0.0047509,0.007782,2.5015,4.975,0.00030518
0.090485,-0.021973,-0.0047509,0.0079346,2.5009,4.9762,0
0.094604,-0.0041199,-0.0042758,0.0041199,2.5021,4.9759,0.00030518
0.098419,-0.0024414,-0.005226,0.0024414,2.5015,4.9765,0
0.10864,-0.0074768,-0.0042758,0.00015259,2.5012,4.9768,-0.00030518
0.12405,-0.010529,-0.005226,-0.0080872,2.5012,4.978,-0.00030518
0.13336,-0.0073242,-0.0042758,-0.012207,2.5018,4.978,-0.00030518
0.14359,0.00015259,-0.0042758,-0.015717,2.5006,4.9783,0.00061035
0.15976,0.011749,-0.0038007,-0.024109,2.5015,4.9783,0
0.13702,0.020599,-0.0042758,-0.031891,2.5012,4.9796,0.00091553
0.12848,0.02655,-0.0047509,-0.034637,2.5018,4.9789,0.00030518
0.12054,0.022125,-0.0047509,-0.029602,2.5009,4.9786,0.00030518
0.11978,0.0076294,-0.0042758,-0.029449,2.5009,4.9789,0
0.12604,-0.002594,-0.0047509,-0.031281,2.5009,4.9799,-0.00030518
0.11917,-0.0067139,-0.0042758,-0.031281,2.5018,4.9786,-0.00030518
0.11383,-0.0076294,-0.0047509,-0.034637,2.5003,4.9792,0
0.11719,-0.0059509,-0.0033257,-0.043335,2.5015,4.9786,0
0.12344,-0.0027466,-0.0038007,-0.049744,2.5006,4.9789,-0.00030518
0.15121,0.00061035,-0.005701,-0.054169,2.5015,4.9799,0
0.1387,0.010223,-0.0042758,-0.061646,2.5024,4.9777,0
0.11627,0.019226,-0.005226,-0.068512,2.5018,4.9777,0.00030518
0.112,0.021515,-0.0042758,-0.071564,2.5021,4.9768,0.00091553
0.12161,0.019531,-0.0042758,-0.0737,2.5024,4.9762,0
0.12466,0.011444,-0.0033257,-0.07843,2.5012,4.9771,-0.00030518
0.12268,0.0083923,-0.0047509,-0.075684,2.5009,4.9765,-0.00061035
0.11612,0.0099182,-0.0047509,-0.064087,2.5006,4.9768,0.00030518
0.10605,0.017853,-0.0042758,-0.053711,2.5009,4.9774,0
0.10651,0.027466,-0.0047509,-0.049438,2.5015,4.9768,0
0.10956,0.029297,-0.0047509,-0.05127,2.5009,4.9768,0
0.11322,0.018005,-0.0042758,-0.055389,2.5018,4.9765,0.00030518
0.11871,0.0059509,-0.0042758,-0.060272,2.5003,4.9774,-0.00030518
0.11765,-0.0094604,-0.0042758,-0.064392,2.5018,4.978,0.00061035
0.11734,-0.027466,-0.0047509,-0.063324,2.5006,4.9783,0
0.11536,-0.034943,-0.0042758,-0.056305,2.5018,4.9777,0
0.12009,-0.031281,-0.0042758,-0.046844,2.5018,4.9777,0
0.12131,-0.018005,-0.005226,-0.041809,2.5024,4.9777,-0.00061035
0.11551,-0.0061035,-0.0047509,-0.042267,2.5012,4.978,0.00030518
0.10376,-0.0039673,-0.0038007,-0.044861,2.5018,4.9792,-0.00030518
0.10971,-0.0036621,-0.0047509,-0.04425,2.5018,4.9789,0.00030518
0.12711,0.0012207,-0.0038007,-0.041656,2.5006,4.9783,-0.00030518
0.12451,0.0042725,-0.0042758,-0.042877,2.5018,4.9783,0
0.098419,-0.00015259,-0.0042758,-0.048065,2.5012,4.9786,0.00061035
0.080719,-0.0048828,-0.0038007,-0.046844,2.5009,4.9799,0.00030518
0.077209,-0.0097656,-0.0042758,-0.039825,2.5021,4.9786,-0.00061035
0.084839,-0.016937,-0.0042758,-0.03006,2.5009,4.9792,0.00030518
0.080566,-0.020142,-0.0042758,-0.026245,2.5012,4.9789,0.00030518
0.072327,-0.015869,-0.0047509,-0.028076,2.5015,4.9789,0
0.068512,-0.0085449,-0.0038007,-0.035553,2.5012,4.9792,-0.00030518
0.063934,-0.0018311,-0.0047509,-0.040131,2.5006,4.9789,0.00030518
0.054016,0.0019836,-0.0047509,-0.037994,2.5018,4.9792,0.00061035
0.063934,0.0047302,-0.0038007,-0.034027,2.5012,4.9789,0.00061035
0.079956,0.0027466,-0.0038007,-0.030518,2.5012,4.9789,0
0.065765,-0.00076294,-0.005226,-0.03418,2.5012,4.9792,0.00030518
0.062866,-0.002594,-0.0038007,-0.041351,2.5012,4.9792,0
0.07309,0.00030518,-0.0047509,-0.04837,2.5012,4.9783,-0.00030518
0.084229,0.004425,-0.0042758,-0.056,2.5006,4.9792,0.00091553
0.072174,0.0073242,-0.0042758,-0.058746,2.5009,4.9796,0
0.051575,0.012207,-0.0042758,-0.048065,2.5012,4.9792,0
0.040588,0.019989,-0.0047509,-0.034485,2.5021,4.9792,0.00091553
0.029907,0.02594,-0.0047509,-0.028381,2.5012,4.9777,0.00030518
0.040588,0.028381,-0.0047509,-0.031738,2.5015,4.9783,-0.00030518
0.034637,0.016327,-0.0047509,-0.032196,2.5009,4.9786,0.00030518
0.031586,-0.0045776,-0.0047509,-0.032501,2.5009,4.9783,0
0.034637,-0.016937,-0.0047509,-0.031433,2.5015,4.9792,-0.00061035
0.037079,-0.018005,-0.005226,-0.031738,2.5018,4.9796,-0.00030518
0.039673,-0.017853,-0.0047509,-0.030365,2.5021,4.9796,-0.00030518
0.041962,-0.0177,-0.0042758,-0.029602,2.5024,4.9786,0.00030518
0.039673,-0.012207,-0.005701,-0.033875,2.5006,4.9799,-0.00030518
0.040588,-0.0036621,-0.0042758,-0.035553,2.5012,4.9789,0
0.049896,0.00076294,-0.0038007,-0.036926,2.5006,4.9789,0
0.052948,0.0015259,-0.0042758,-0.03952,2.5018,4.9786,-0.00030518
0.04303,-0.00061035,-0.0042758,-0.037842,2.5009,4.9759,0
0.040894,-0.0021362,-0.0042758,-0.034637,2.5012,4.9756,0
0.037384,0.0012207,-0.0042758,-0.032806,2.5009,4.9744,0.00030518
0.025635,0.0054932,-0.005226,-0.030823,2.5012,4.9738,0.00091553
0.034637,0.011292,-0.0047509,-0.031891,2.5003,4.9734,0.00030518
0.034027,0.017395,-0.0042758,-0.033112,2.5018,4.9731,-0.00061035
0.0383,0.016022,-0.0061761,-0.035858,2.5009,4.9713,0
0.045166,0.010681,-0.0033257,-0.036774,2.5015,4.9704,-0.00030518
0.039063,0.0054932,-0.005226,-0.035706,2.5015,4.9698,-0.00061035
0.039978,-0.0053406,-0.0028506,-0.03479,2.5012,4.9701,0
0.036163,-0.014343,-0.0042758,-0.033112,2.5009,4.9719,0.00030518
0.029907,-0.011292,-0.0047509,-0.029755,2.5015,4.9716,-0.00030518
0.022125,0.0016785,-0.0042758,-0.02182,2.5015,4.9716,-0.00061035
0.037994,0.012512,-0.0038007,-0.02182,2.5021,4.9722,0.0012207
0.075684,0.010986,-0.0042758,-0.030365,2.5021,4.9747,0
0.057831,0.0068665,-0.0033257,-0.032501,2.5021,4.975,-0.00061035
0.03067,0.0036621,-0.0042758,-0.033569,2.5009,4.9777,0.00030518
0.01709,0.0056458,-0.0047509,-0.032349,2.5009,4.9768,0.00030518
0.015869,0.014954,-0.0047509,-0.036621,2.5018,4.9771,0
0.026855,0.023804,-0.0042758,-0.035553,2.5015,4.978,0.00030518
0.021667,0.032501,-0.005226,-0.024719,2.5015,4.978,0
-0.0039673,0.037079,-0.0047509,-0.015717,2.5015,4.9777,0
-0.0045776,0.032043,-0.0042758,-0.017242,2.5021,4.9792,0.00030518
0,0.02121,-0.0042758,-0.023651,2.5009,4.9786,0
0.0057983,0.021057,-0.0042758,-0.025482,2.5027,4.9792,0.00030518
0.010529,0.030212,-0.0042758,-0.026703,2.5012,4.978,0
0.010071,0.029907,-0.0042758,-0.026245,2.5006,4.9786,0
0.0042725,0.023346,-0.0047509,-0.019073,2.5015,4.9792,-0.00030518
-0.0085449,0.0177,-0.0042758,-0.015869,2.5015,4.978,0.00061035
-0.0067139,-0.0028992,-0.0047509,-0.019531,2.5018,4.9789,0
-0.0016785,-0.031128,-0.0047509,-0.018616,2.5015,4.9783,0.00030518
0.00091553,-0.032349,-0.0042758,-0.010834,2.5012,4.9796,-0.00061035
-0.010071,-0.0097656,-0.0047509,-0.009613,2.5018,4.9783,0
-0.012054,0.0054932,-0.0038007,-0.016174,2.5018,4.9792,-0.00030518
-0.0027466,0.00015259,-0.0047509,-0.018921,2.5009,4.9796,-0.00030518
-0.0064087,-0.01297,-0.005701,-0.015564,2.5009,4.9799,0
-0.018616,-0.02533,-0.0038007,-0.0067139,2.5006,4.9792,0.00030518
-0.018158,-0.034637,-0.005226,0.0021362,2.5012,4.9799,0.00030518
-0.02182,-0.033264,-0.0042758,0.011597,2.5018,4.9796,-0.00030518
-0.027008,-0.018005,-0.0047509,0.022278,2.5015,4.9792,-0.00030518
-0.044403,0.0033569,-0.0033257,0.028687,2.5006,4.9792,0
-0.051117,0.016937,-0.0028506,0.030212,2.5021,4.9789,0.00030518
-0.046082,0.014496,-0.0047509,0.026245,2.5009,4.9792,0.00061035
-0.046387,0.0073242,-0.0042758,0.022278,2.5024,4.9796,-0.00061035
-0.040436,0.0062561,-0.0033257,0.018616,2.5018,4.9792,-0.00030518
-0.021973,0.00076294,-0.0042758,0.016632,2.5018,4.978,0.00030518
-0.01297,-0.010529,-0.0038007,0.014801,2.5015,4.9792,0.00030518
-0.016022,-0.01358,-0.0038007,0.010529,2.5012,4.9789,0
-0.021973,-0.0039673,-0.0047509,0.0073242,2.5009,4.9783,0.00061035
-0.011597,0.010986,-0.0047509,0.0027466,2.5015,4.9783,0.00061035
-0.007019,0.016022,-0.0042758,-0.0036621,2.5009,4.9789,0.00061035
-0.010834,0.011444,-0.0047509,-0.0080872,2.5012,4.9789,-0.00030518
-0.010681,0.01236,-0.0047509,-0.0010681,2.5018,4.9792,0
-0.0022888,0.010529,-0.005226,0.0090027,2.5012,4.9789,-0.00030518
-0.0028992,-0.0019836,-0.005226,0.012207,2.5024,4.9789,0.00030518
-0.0032043,-0.012207,-0.0047509,0.0057983,2.5021,4.9792,0
-0.0056458,-0.0093079,-0.0038007,-0.0071716,2.5015,4.9786,-0.00030518
-0.0082397,-0.009613,-0.0042758,-0.022888,2.5012,4.9786,-0.00030518
-0.0038147,-0.017242,-0.005226,-0.028687,2.5015,4.9792,-0.00030518
0.025482,-0.021362,-0.0042758,-0.022583,2.5021,4.9789,0.00030518
0.034332,-0.0048828,-0.0042758,-0.01236,2.5015,4.978,0.00030518
0.019379,0.031586,-0.0042758,-0.012665,2.5009,4.9777,0.00030518
0.015869,0.062256,-0.0038007,-0.01709,2.5027,4.9765,0.00030518
0.038605,0.061493,-0.0038007,-0.015411,2.5012,4.9771,0
0.052032,0.033417,-0.005226,-0.012054,2.5021,4.9753,0.00030518
0.045013,0.0016785,-0.0038007,-0.010681,2.5015,4.9765,0
0.049591,-0.020294,-0.0047509,-0.0097656,2.5003,4.9768,-0.00091553
-0.0097656,-0.034637,-0.0042758,-0.0056458,2.5003,4.9771,-0.00030518
-0.024872,-0.038452,-0.0042758,0.0019836,2.5009,4.9768,0.00061035
-0.027008,-0.028076,-0.0042758,0.0027466,2.5018,4.9768,-0.00030518
-0.029602,-0.015106,-0.0042758,-0.0056458,2.5018,4.9768,-0.00061035
-0.040588,-0.014038,-0.0047509,-0.017395,2.5012,4.9771,0.00061035
-0.037079,-0.023193,-0.0047509,-0.020447,2.5024,4.9771,0.00061035
-0.022278,-0.03479,-0.0042758,-0.014343,2.5015,4.9765,0.00061035
-0.009613,-0.042114,-0.0042758,-0.0065613,2.5024,4.978,0
0.01709,-0.043335,-0.0033257,-0.0085449,2.5003,4.9771,0.00030518
-0.0039673,-0.042267,-0.0047509,-0.010223,2.5012,4.9786,0.00091553
-0.025635,-0.038147,-0.005226,-0.0067139,2.5006,4.9777,0.00030518
-0.028839,-0.02182,-0.0042758,-0.0071716,2.5006,4.9792,0.00061035
-0.017395,-0.0035095,-0.005226,-0.0064087,2.5012,4.9783,0
-0.016937,0.0054932,-0.0042758,0,2.5003,4.9771,-0.00030518
-0.02243,0.0074768,-0.0042758,0.007782,2.5018,4.9753,0
-0.023499,0.0048828,-0.0038007,0.011749,2.5021,4.9741,0
-0.026093,-0.00061035,-0.0042758,0.0080872,2.5015,4.9741,-0.00061035
-0.030212,-0.004425,-0.0042758,0.0038147,2.5018,4.9738,0.00030518
-0.032959,-0.0033569,-0.0028506,0.002594,2.5018,4.9753,0.00030518
-0.033722,0.0059509,-0.0047509,0.0027466,2.5009,4.975,0
-0.032501,0.015106,-0.0042758,0,2.5018,4.9756,0
-0.028992,0.013123,-0.0042758,-0.0057983,2.5009,4.9753,0.00030518
-0.016022,0.00045776,-0.0038007,-0.0013733,2.5027,4.9747,0
-0.016632,-0.015717,-0.0038007,0.010223,2.5009,4.9762,-0.00030518
-0.019684,-0.026855,-0.0047509,0.013123,2.5009,4.9753,0.00030518
-0.026398,-0.026093,-0.0042758,0.010834,2.5015,4.9765,0
-0.031891,-0.013123,-0.0047509,0.009613,2.5012,4.9762,-0.00030518
-0.033722,0.00076294,-0.0042758,0.010223,2.5012,4.9774,0.00030518
-0.033875,0.010071,-0.0042758,0.013733,2.5012,4.9783,0.00091553
-0.030823,0.016632,-0.0047509,0.01358,2.5006,4.9789,0
-0.023346,0.023956,-0.0047509,0.0091553,2.5021,4.9786,-0.00030518
-0.028534,0.025177,-0.0042758,0.0056458,2.5009,4.9792,-0.00030518
-0.026245,0.02121,-0.0042758,0.0050354,2.5015,4.9792,-0.00030518
-0.024109,0.015411,-0.0047509,0.007019,2.5009,4.9789,-0.00030518
-0.020142,0.0080872,-0.0038007,0.0050354,2.5018,4.9786,0.00061035
-0.015564,0.00091553,-0.0047509,0.0024414,2.5012,4.9792,0.00030518
-0.016785,-0.00061035,-0.005701,0.0067139,2.5012,4.9789,0
-0.0071716,0.00030518,-0.005226,0.010223,2.5012,4.9789,-0.00061035
-0.002594,-0.010529,-0.0047509,0.010834,2.5003,4.9786,-0.00061035
-0.014648,-0.030823,-0.0047509,0.0085449,2.5012,4.9786,0.00061035
-0.032196,-0.042267,-0.005226,0.010834,2.5012,4.9792,0.00061035
-0.045013,-0.036011,-0.005226,0.014648,2.5018,4.978,-0.00030518
-0.034332,-0.028076,-0.0042758,0.015869,2.5021,4.9786,0.00061035
-0.020599,-0.026703,-0.0047509,0.013885,2.5006,4.978,-0.00091553
-0.019836,-0.021515,-0.0047509,0.016022,2.5015,4.9789,0.00091553
-0.026855,-0.0057983,-0.0042758,0.021057,2.5012,4.9786,-0.00030518
-0.028534,0.0091553,-0.0042758,0.02121,2.5015,4.9771,0
-0.032349,0.016479,-0.0042758,0.018768,2.5018,4.9783,-0.00030518
-0.031586,0.021973,-0.0038007,0.022125,2.5015,4.9783,-0.00030518
-0.019989,0.024109,-0.0047509,0.030518,2.5018,4.978,-0.00030518
-0.011597,0.021667,-0.0047509,0.039063,2.5012,4.9774,-0.00091553
-0.011444,0.015259,-0.0042758,0.037994,2.5015,4.9768,0
-0.0018311,0.0041199,-0.0047509,0.028229,2.5018,4.9765,-0.00030518
-0.0022888,-0.0090027,-0.0047509,0.020599,2.5015,4.9771,0
-0.01297,-0.013885,-0.0042758,0.019989,2.5012,4.9762,0
-0.020752,-0.0088501,-0.005226,0.023804,2.5009,4.9762,0
-0.021057,-0.00030518,-0.0042758,0.028534,2.5018,4.9762,-0.00030518
-0.023193,0.0042725,-0.0047509,0.035095,2.5018,4.9771,0.00030518
-0.023651,0.0032043,-0.0028506,0.0354,2.5018,4.9765,0
-0.014954,0.0033569,-0.005226,0.030975,2.5015,4.9777,-0.00030518
-0.015564,0.0091553,-0.0042758,0.026855,2.5009,4.9777,0.00061035
-0.028687,0.017242,-0.0047509,0.026398,2.5012,4.9774,-0.00030518
-0.011444,0.018005,-0.005226,0.019226,2.5012,4.9777,-0.00030518
0.026398,0.016022,-0.005226,0.0073242,2.5018,4.9777,0
0.019836,0.01358,-0.0047509,0.0038147,2.5018,4.9777,0.00030518
-0.016174,0.012817,-0.0042758,0.0065613,2.5009,4.978,0
-0.024567,0.013733,-0.0038007,0.0074768,2.5009,4.978,-0.00030518
-0.02121,0.01297,-0.0042758,0.0073242,2.5018,4.9783,0.00030518
-0.027618,0.011749,-0.0038007,0.010071,2.5003,4.9786,0
-0.037231,0.0091553,-0.0047509,0.0090027,2.5012,4.9783,0.00030518
-0.032043,0.0082397,-0.0038007,0.0035095,2.5009,4.9796,0.00030518
-0.021515,0.015411,-0.0047509,-0.002594,2.5012,4.9792,-0.00030518
-0.0093079,0.029602,-0.0042758,-0.004425,2.5009,4.9792,0
-0.011902,0.045929,-0.0047509,-0.0019836,2.5012,4.9792,0.00091553
-0.018616,0.054169,-0.0028506,0.00061035,2.5018,4.9789,-0.00030518
-0.021362,0.045624,-0.0047509,0.002594,2.5006,4.9792,-0.00061035
-0.029907,0.017548,-0.0047509,0.0088501,2.5012,4.9792,0
-0.032196,-0.023193,-0.0042758,0.013885,2.5009,4.9792,0.00061035
-0.02533,-0.048828,-0.0042758,0.013123,2.5015,4.9799,0
-0.020447,-0.043335,-0.0038007,0.01358,2.5018,4.9792,-0.00030518
-0.017395,-0.021667,-0.0038007,0.013885,2.5006,4.9783,0
-0.020905,0.010376,-0.0042758,0.011902,2.5012,4.9783,0.00030518
-0.012207,0.04776,-0.0042758,0.0086975,2.5018,4.9786,0.00030518
-0.0065613,0.081635,-0.0047509,0.0048828,2.5018,4.9786,0.00030518
-0.007019,0.10925,-0.005226,0.0019836,2.5015,4.9789,-0.00061035
-0.0086975,0.12711,-0.005226,0.0048828,2.5018,4.9789,0
-0.0082397,0.11246,-0.0047509,0.0038147,2.5021,4.9789,0.00030518
0.00045776,0.066223,-0.0047509,-0.0021362,2.5,4.9792,0.00061035
0.010376,0.017853,-0.0047509,-0.0038147,2.5021,4.9786,0.00061035
0.0053406,-0.025787,-0.0047509,-0.00045776,2.5006,4.9799,-0.00091553
0.0010681,-0.059814,-0.0042758,0.00045776,2.5021,4.9792,-0.00061035
-0.0068665,-0.071716,-0.0042758,-0.0013733,2.5015,4.9799,0
-0.007782,-0.062714,-0.005226,0.0056458,2.5012,4.9789,-0.00061035
-0.011597,-0.036163,-0.0042758,0.013275,2.5009,4.9765,-0.00061035
-0.013123,0.0082397,-0.0047509,0.015869,2.5018,4.975,-0.00030518
-0.016174,0.052948,-0.0038007,0.016937,2.5012,4.9753,0
-0.0097656,0.069122,-0.0047509,0.017395,2.5021,4.9747,-0.00061035
0.0024414,0.058899,-0.0038007,0.018768,2.5021,4.9753,0.00030518
-0.0057983,0.025787,-0.0042758,0.014648,2.5012,4.9738,-0.00061035
-0.013885,-0.030518,-0.0042758,0.011597,2.5006,4.9744,-0.00061035
-0.023041,-0.079498,-0.0047509,0.016174,2.5006,4.9747,-0.00061035
-0.014343,-0.10773,-0.0047509,0.018921,2.5018,4.9738,0.00061035
0.0074768,-0.12833,-0.0047509,0.014496,2.5018,4.9747,0
0.0035095,-0.13306,-0.0042758,0.012054,2.5015,4.9759,0
-0.026398,-0.11093,-0.0047509,0.016022,2.5015,4.9762,0
-0.023651,-0.079803,-0.0038007,0.017548,2.5015,4.9744,0.00030518
-0.0062561,-0.05249,-0.0042758,0.013733,2.5003,4.9744,-0.00030518
-0.0074768,-0.030823,-0.0042758,0.0080872,2.5009,4.9756,0.00030518
-0.01297,-0.01709,-0.0047509,0.0019836,2.5015,4.9756,0
-0.011749,-0.0059509,-0.0047509,0.00061035,2.5018,4.9762,0
-0.0064087,0.0079346,-0.0047509,0.0022888,2.5012,4.9765,-0.00030518
-0.01297,0.02182,-0.0047509,0.0024414,2.5015,4.9774,0.00030518
-0.013428,0.028534,-0.0042758,0.0022888,2.5006,4.9759,0
-0.011902,0.018921,-0.0042758,0.0041199,2.5012,4.9774,-0.00030518
-0.016479,-0.0047302,-0.0042758,0.0074768,2.5,4.9765,-0.00061035
-0.014648,-0.027924,-0.0038007,0.0064087,2.5015,4.9774,0
0.0071716,-0.037231,-0.0038007,0.0027466,2.5009,4.9765,-0.00030518
0.02182,-0.027924,-0.0047509,0.0038147,2.5024,4.9768,0.00030518
0.004425,-0.010834,-0.005226,0.0074768,2.5012,4.9783,-0.00061035
-0.045776,0.0068665,-0.005226,0.010986,2.5009,4.978,0.00030518
-0.030518,0.020142,-0.0047509,0.011292,2.5009,4.9771,0
0.0010681,0.02182,-0.0047509,0.011444,2.5012,4.9771,0
0.019073,0.0097656,-0.0042758,0.0094604,2.5012,4.9774,0.00061035
0.013733,-0.0042725,-0.0042758,0.0079346,2.5024,4.9777,0
0.011749,-0.01358,-0.005226,0.0068665,2.5018,4.9777,-0.00091553
0.010986,-0.015869,-0.005226,0.0068665,2.5012,4.9786,0
0.018311,-0.0054932,-0.0042758,0.0091553,2.5006,4.9792,0
0.0042725,0.015869,-0.0038007,0.014954,2.5021,4.9789,0.00061035
-0.017242,0.037689,-0.0042758,0.020142,2.5012,4.9783,0
-0.011902,0.048828,-0.0042758,0.017548,2.5009,4.9792,0
0.0086975,0.046997,-0.0047509,0.012665,2.5021,4.9789,0
0.0021362,0.0383,-0.0042758,0.011139,2.5,4.9792,-0.00030518
0.014648,0.029449,-0.005226,0.0091553,2.5018,4.9796,-0.00030518
0.036316,0.01709,-0.0042758,0.0056458,2.5003,4.9786,0.00030518
0.026398,0.0067139,-0.0042758,0.0010681,2.5018,4.9792,0
0.018311,0.0073242,-0.0047509,-0.002594,2.5021,4.978,0.00030518
0.020294,0.0035095,-0.0038007,-0.0076294,2.5006,4.9786,0
0.019989,-0.015564,-0.0047509,-0.0094604,2.5012,4.9802,-0.00061035
0.014191,-0.031586,-0.0038007,-0.007782,2.5012,4.9786,0.00030518
0.01358,-0.024261,-0.0047509,-0.0013733,2.5012,4.9792,0.00061035
0.016479,-0.0076294,-0.0038007,0.0013733,2.5012,4.9796,0
0.0094604,-0.00045776,-0.005226,-0.005188,2.5015,4.978,0.00030518
0.021362,0.0021362,-0.005226,-0.0097656,2.5015,4.9786,0.00030518
0.035553,0.010834,-0.0038007,-0.0079346,2.5009,4.9792,0
0.050049,0.018311,-0.0047509,-0.0015259,2.5003,4.9789,0.00030518
0.040131,0.021057,-0.0042758,0.0024414,2.5009,4.9789,0
0.0042725,0.028839,-0.0042758,0.00061035,2.5018,4.9786,-0.00030518
-0.011139,0.044861,-0.0042758,-0.0016785,2.5006,4.9792,0.00030518
-0.023804,0.060577,-0.0042758,-0.0010681,2.5012,4.9792,0
-0.015259,0.063934,-0.005226,-0.0015259,2.5012,4.9796,-0.00030518
-0.020294,0.04776,-0.0042758,-0.0071716,2.5009,4.9786,0.00061035
-0.044861,0.017548,-0.0038007,-0.0074768,2.5018,4.9792,0.00030518
0.0016785,-0.014496,-0.0042758,0.0018311,2.5009,4.9792,0
0.020752,-0.02655,-0.005226,0.010529,2.5012,4.9789,0.00061035
0.0047302,-0.0073242,-0.0047509,0.013428,2.5021,4.9792,0.00030518
0.0061035,0.030518,-0.0033257,0.013885,2.5015,4.9796,0.00030518
0.010223,0.060272,-0.0047509,0.01358,2.5006,4.9783,0.00030518
0.015869,0.073853,-0.0042758,0.015106,2.5012,4.9786,0.00030518
0.013275,0.066071,-0.0042758,0.015411,2.5009,4.9783,0.00030518
0.023956,0.03418,-0.0047509,0.01236,2.5018,4.9786,-0.00030518
0.024414,0.0015259,-0.0047509,0.015106,2.5009,4.9796,0.00061035
-0.0012207,-0.010071,-0.0047509,0.01709,2.5012,4.9777,-0.00030518
0.00030518,-0.01236,-0.0047509,0.015259,2.5006,4.9786,-0.00061035
0.011139,-0.027008,-0.0047509,0.012512,2.5012,4.9786,0.00061035
0.0064087,-0.045471,-0.0038007,0.0086975,2.5006,4.9786,0.00030518
0.0059509,-0.048828,-0.0042758,0.0088501,2.5024,4.9768,-0.00030518
-0.0030518,-0.042725,-0.0047509,0.007782,2.5015,4.9768,0.00061035
0.00015259,-0.053101,-0.0033257,0.0068665,2.5018,4.9765,-0.00061035
0.011749,-0.06485,-0.0047509,0.0071716,2.5006,4.9765,0.00030518
0.017242,-0.055389,-0.0042758,0.0093079,2.5015,4.9765,0.00030518
0.011597,-0.049286,-0.0047509,0.0054932,2.5015,4.9765,-0.00030518
0.0016785,-0.061798,-0.0038007,0.00076294,2.5003,4.9771,0
-0.0061035,-0.063934,-0.0038007,0.0056458,2.5009,4.9759,0.00061035
-0.015564,-0.04364,-0.0042758,0.014648,2.5012,4.9722,0.00030518
-0.028076,-0.019836,-0.005226,0.019379,2.5015,4.9722,0
-0.018463,-0.0062561,-0.0038007,0.015259,2.5009,4.9719,0.00030518
0.0042725,-0.0079346,-0.0042758,0.0093079,2.5012,4.9719,-0.00030518
0.014648,-0.016632,-0.0042758,0.0048828,2.5006,4.9713,-0.00061035
0.015869,-0.012512,-0.0042758,-0.00015259,2.5079,4.9722,0
-0.012512,0.0057983,-0.0047509,0.00091553,2.5012,4.9734,-0.00030518
-0.014648,0.020142,-0.0047509,0.0080872,2.5018,4.9731,0.00030518
-0.020142,0.024414,-0.0047509,0.007782,2.5018,4.9738,0.00030518
0.0054932,0.034027,-0.0042758,0.0018311,2.5009,4.9744,0
0.029297,0.051575,-0.005226,-0.0013733,2.5003,4.9756,-0.00061035
0.028076,0.061035,-0.0038007,0.004425,2.5015,4.9756,0.00030518
0.004425,0.049591,-0.0038007,0.015106,2.5015,4.9765,-0.00061035
-0.014496,0.014496,-0.0047509,0.023193,2.5024,4.9759,0
-0.0079346,-0.029144,-0.0047509,0.025024,2.5012,4.978,0
0.0028992,-0.055237,-0.0042758,0.021362,2.5003,4.978,0.00030518
-0.011597,-0.057526,-0.0047509,0.019836,2.5009,4.9783,-0.00091553
-0.030975,-0.046082,-0.0047509,0.020142,2.5015,4.9796,-0.00061035
-0.052948,-0.027313,-0.0038007,0.017548,2.5012,4.9783,-0.00030518
-0.024872,-0.011749,-0.0042758,0.013123,2.5015,4.9786,-0.00030518
-0.0012207,-0.0057983,-0.005226,0.0082397,2.5012,4.9789,-0.00061035
-0.011597,-0.0041199,-0.0042758,0.0038147,2.5009,4.9792,0
-0.014954,-0.0019836,-0.0042758,0.0024414,2.5018,4.9799,-0.00030518
-0.0091553,-0.0053406,-0.005226,0.0045776,2.5006,4.9796,0.00030518
-0.0085449,-0.014648,-0.0047509,0.005188,2.5012,4.9792,-0.00061035
-0.0071716,-0.023193,-0.0038007,0.0061035,2.5009,4.9796,-0.00061035
-0.0050354,-0.027924,-0.0047509,0.0064087,2.5018,4.9796,0.00030518
-0.0048828,-0.025787,-0.005226,0.0053406,2.5009,4.9789,-0.00061035
-0.013275,-0.014648,-0.0047509,0.0062561,2.5006,4.9777,0.00030518
-0.013885,0.0045776,-0.0047509,0.0082397,2.5015,4.9783,-0.00061035
-0.009613,0.029755,-0.0047509,0.0079346,2.4969,4.9786,-0.00061035
-0.0099182,0.043945,-0.005226,0.0030518,2.5003,4.9792,-0.00091553
-0.020752,0.039978,-0.0042758,0.0042725,2.5021,4.9792,-0.00030518
-0.014954,0.019226,-0.0038007,0.0085449,2.5012,4.9796,0
-0.0056458,-0.01358,-0.005226,0.0086975,2.5009,4.9789,0.00030518
-0.01297,-0.042877,-0.0047509,0.0062561,2.5009,4.9786,-0.00030518
-0.036163,-0.041962,-0.0047509,0.0068665,2.5012,4.9792,-0.00030518
-0.040588,-0.011444,-0.0038007,0.0088501,2.5009,4.9796,-0.00061035
-0.03006,0.019226,-0.0047509,0.002594,2.5015,4.9789,0.00030518
-0.0099182,0.034943,-0.0047509,-0.011292,2.5015,4.9789,0.00030518
-0.0039673,0.035553,-0.0047509,-0.020294,2.5012,4.9792,-0.00030518
0.0010681,0.031586,-0.0042758,-0.01709,2.5009,4.9792,0
0.016632,0.029297,-0.0047509,-0.012054,2.5012,4.9789,0.00030518
0.0056458,0.026398,-0.0042758,-0.0042725,2.5015,4.9789,-0.00030518
-0.0038147,0.026855,-0.0038007,0.0074768,2.5027,4.9796,0.00091553
-0.0057983,0.044556,-0.0038007,0.018311,2.5012,4.9783,0.00030518
0.00045776,0.08667,-0.0042758,0.019073,2.5012,4.9783,-0.00030518
0.0061035,0.13107,-0.0042758,0.01358,2.5012,4.9777,0.00030518
0.0056458,0.15045,-0.005226,0.0061035,2.5015,4.9771,0.00030518
0.016479,0.13031,-0.0038007,-0.0035095,2.5009,4.9777,0.00030518
0.022278,0.072784,-0.0042758,-0.0076294,2.5021,4.9762,0.00030518
0.019073,-0.004425,-0.0047509,-0.0053406,2.5009,4.9765,-0.00061035
0.015259,-0.08728,-0.0038007,-0.0056458,2.5021,4.9762,0
0.018921,-0.15274,-0.005226,-0.0065613,2.5012,4.9759,0
0.02533,-0.159,-0.005226,-0.0056458,2.5012,4.9765,0
0.022888,-0.10559,-0.0047509,-0.0015259,2.5012,4.9765,-0.00030518
0.015564,-0.047913,-0.0047509,0.0039673,2.5015,4.9759,-0.00030518
0.0073242,-0.019379,-0.0042758,0.0064087,2.5027,4.9774,-0.00030518
-0.017548,-0.015869,-0.0047509,0.0083923,2.5009,4.9771,-0.00030518
-0.025635,-0.007782,-0.0047509,0.010986,2.5009,4.9771,0.00030518
-0.011597,0.023346,-0.005226,0.015259,2.5009,4.9777,-0.00030518
-0.0028992,0.069427,-0.0042758,0.019989,2.5018,4.978,-0.00091553
0.0177,0.10315,-0.005226,0.022278,2.5018,4.9774,0
0.04776,0.097504,-0.0042758,0.020447,2.5021,4.9771,-0.00061035
0.022278,0.045624,-0.005226,0.017395,2.5015,4.9789,0.00030518
-0.019226,-0.028229,-0.0042758,0.014038,2.5012,4.9786,0.00030518
-0.027924,-0.082703,-0.0047509,0.015259,2.5,4.9789,0.00030518
-0.020294,-0.099335,-0.0047509,0.016479,2.5012,4.9792,-0.00030518
-0.022736,-0.087585,-0.0042758,0.018463,2.5012,4.9771,0.00030518
-0.011749,-0.064392,-0.0042758,0.020142,2.5012,4.9786,0
0.0086975,-0.037689,-0.005226,0.017548,2.5009,4.9796,0.00030518
0.012817,-0.011902,-0.0047509,0.014496,2.5021,4.9792,-0.00030518
-0.013733,0.0030518,-0.0042758,0.016785,2.5,4.978,-0.00030518
-0.022583,0.002594,-0.0047509,0.024567,2.5009,4.9789,0.00030518
-0.016174,-0.013885,-0.0038007,0.026245,2.5009,4.9792,0.00030518
-0.010223,-0.0354,-0.0042758,0.016327,2.5018,4.978,0.00030518
-0.023651,-0.044556,-0.005226,0.0056458,2.5012,4.9796,0.00091553
-0.022125,-0.040741,-0.0047509,0.00076294,2.5006,4.9786,-0.00030518
-0.0091553,-0.033112,-0.0047509,-0.00091553,2.5015,4.9792,0.00030518
0.0016785,-0.018921,-0.0047509,0.0050354,2.5006,4.9786,0
-0.0022888,0.0035095,-0.0047509,0.014191,2.5006,4.9762,0
0.0048828,0.029907,-0.0038007,0.017548,2.5012,4.9753,0.00030518
0.038605,0.064087,-0.0047509,0.014191,2.5024,4.9753,0.00030518
0.056763,0.11475,-0.0042758,0.0064087,2.5018,4.975,-0.00030518
0.040741,0.15762,-0.0047509,0.004425,2.5012,4.9747,0
0,0.16724,-0.0042758,0.010223,2.5018,4.9741,0.00030518
-0.013733,0.13351,-0.0042758,0.010681,2.5009,4.9734,0.00030518
-0.0033569,0.04715,-0.0047509,0.0045776,2.5012,4.9738,0.00061035
-0.0021362,-0.059052,-0.005226,0.00030518,2.5003,4.9738,0
-0.0033569,-0.13306,-0.005226,-0.0039673,2.5015,4.9756,0.00030518
0.0035095,-0.13931,-0.0047509,-0.009613,2.5018,4.9759,0.00030518
0.0039673,-0.093689,-0.0042758,-0.018158,2.5009,4.9753,0
0.0086975,-0.049744,-0.005701,-0.019684,2.5009,4.9762,0.00061035
0.007782,-0.031738,-0.005226,-0.018921,2.5018,4.9768,0
0.014496,-0.028381,-0.0042758,-0.018768,2.5018,4.9777,-0.00030518
0.0059509,-0.024261,-0.0042758,-0.014496,2.5024,4.978,-0.00061035
-0.0054932,-0.01236,-0.005226,-0.0094604,2.5024,4.9783,-0.00061035
0.0021362,0.0010681,-0.0042758,-0.0032043,2.5009,4.9786,0
0.0038147,0.014954,-0.0047509,0.00030518,2.5015,4.9783,-0.00030518
0.018921,0.027618,-0.005226,0.00045776,2.5009,4.9786,0
0.01709,0.040894,-0.0042758,0.0038147,2.5018,4.9792,0
0.012054,0.051727,-0.0047509,0.0082397,2.5018,4.9789,0
0.018921,0.056763,-0.005226,0.0041199,2.5006,4.978,0.00061035
0.032501,0.058899,-0.0042758,0.00076294,2.5003,4.9786,0.00030518
0.034637,0.050812,-0.005226,0.0010681,2.5009,4.9768,0
0.021362,0.024567,-0.0042758,0.0093079,2.5015,4.9765,-0.00061035
0.0042725,-0.007019,-0.0042758,0.020752,2.5024,4.9765,0
-0.0062561,-0.028992,-0.0042758,0.026398,2.5012,4.9768,-0.00061035
-0.013123,-0.03891,-0.0038007,0.02533,2.5012,4.9765,-0.00030518
-0.0048828,-0.021667,-0.0047509,0.022583,2.5012,4.9762,0.00030518
-0.007782,0.018921,-0.0047509,0.02243,2.5012,4.9765,0.00030518
-0.01358,0.044403,-0.005226,0.024414,2.5015,4.9768,0.00061035
-0.012665,0.037384,-0.0033257,0.021362,2.5015,4.9771,0
-0.0080872,0.007782,-0.0047509,0.011902,2.5009,4.9768,0
-0.0054932,-0.023041,-0.005226,0.0068665,2.5015,4.9777,-0.00061035
-0.010529,-0.035095,-0.005701,0.0067139,2.5012,4.9771,0.00030518
-0.0090027,-0.032654,-0.0047509,0.0030518,2.5009,4.9774,0.00091553
-0.0018311,-0.028687,-0.0047509,-0.0024414,2.5012,4.9774,0.00030518
-0.0086975,-0.030975,-0.0042758,-0.0035095,2.5006,4.9783,-0.00030518
0.004425,-0.033112,-0.0047509,0.0036621,2.5015,4.9771,-0.00030518
0.0038147,-0.021667,-0.0042758,0.012207,2.5009,4.9783,0
-0.0038147,0.0064087,-0.0038007,0.014191,2.5015,4.9786,0.00030518
-0.0079346,0.0354,-0.0047509,0.013733,2.5015,4.9792,-0.00030518
0.0015259,0.042572,-0.005226,0.018768,2.5009,4.9792,0.00061035
0.013428,0.02243,-0.0042758,0.020599,2.5003,4.9792,-0.00061035
0.01297,-0.0080872,-0.0042758,0.018311,2.5021,4.9786,0
0.013733,-0.0099182,-0.0047509,0.0080872,2.5015,4.9783,0
0.0097656,0.026398,-0.0042758,-0.0027466,2.5021,4.978,-0.00030518
0.0050354,0.057526,-0.0038007,-0.0071716,2.5015,4.9786,0.00030518
0.016174,0.058136,-0.0047509,-0.009613,2.5012,4.9789,0.00061035
0.0085449,0.036926,-0.0042758,-0.009613,2.5,4.9792,-0.00030518
-0.0027466,0.012207,-0.0047509,-0.0054932,2.5015,4.9789,0.00030518
0.0010681,0.0035095,-0.0047509,0.0019836,2.5009,4.9792,-0.00061035
0.010376,0.0057983,-0.0042758,0.0027466,2.5015,4.9786,0.00030518
0.012665,0.014801,-0.0042758,0.0015259,2.5018,4.9792,0
0.012512,0.042572,-0.0042758,-0.0016785,2.5012,4.9786,-0.00030518
0.012817,0.087891,-0.0042758,-0.0067139,2.5015,4.9799,0
0.012512,0.12802,-0.0047509,-0.0024414,2.5003,4.9789,0
0.0062561,0.14435,-0.0047509,0.0018311,2.5012,4.9789,0
0.01236,0.1445,-0.0042758,0.0019836,2.5015,4.9796,-0.00030518
0.019836,0.11963,-0.0038007,0.0088501,2.5021,4.9783,0
0.013885,0.041046,-0.0047509,0.024872,2.5015,4.9792,-0.00061035
0.0021362,-0.065002,-0.0047509,0.037537,2.5018,4.9786,-0.00030518
0.0028992,-0.14893,-0.0061761,0.039063,2.5009,4.9786,0
0.0091553,-0.18005,-0.0042758,0.036774,2.5018,4.9786,0.00061035
0.0028992,-0.15854,-0.0042758,0.035095,2.5006,4.9786,0.00061035
-0.0076294,-0.13123,-0.0047509,0.036621,2.5015,4.9786,0.00030518
-0.011292,-0.12604,-0.0042758,0.038452,2.5015,4.9786,-0.00061035
-0.010834,-0.11658,-0.0042758,0.034027,2.5012,4.9789,0
-0.0045776,-0.075836,-0.0033257,0.022278,2.5,4.978,0.00030518
-0.0065613,-0.002594,-0.005226,0.014648,2.5018,4.9799,-0.00030518
-0.004425,0.069885,-0.0042758,0.011597,2.5006,4.9789,-0.00030518
0.0016785,0.097656,-0.005226,0.0061035,2.5021,4.9789,0
0.0045776,0.066681,-0.0042758,-0.0071716,2.5012,4.9792,-0.00030518
0.0073242,0.014191,-0.0042758,-0.010681,2.5009,4.9786,0.00030518
0.0085449,-0.010376,-0.0047509,-0.0041199,2.5009,4.9786,0
0.005188,0.011444,-0.005226,0.00015259,2.5015,4.9796,0
-0.0039673,0.059662,-0.0047509,0.0036621,2.5009,4.9796,0.00030518
-0.010071,0.094299,-0.005226,0.0050354,2.5012,4.9792,0.00030518
0.0016785,0.070496,-0.0042758,0.0016785,2.5012,4.978,0.00030518
0.0036621,-0.019836,-0.0047509,0.00030518,2.5021,4.9725,0
0.0018311,-0.14008,-0.0033257,0.0024414,2.5012,4.9704,0.00030518
0.0022888,-0.21973,-0.0042758,0.0013733,2.5012,4.9698,0.00061035
0.0030518,-0.21881,-0.0033257,-0.0041199,2.5012,4.9692,0.00061035
0.0030518,-0.15869,-0.0042758,-0.011749,2.5009,4.9695,0
-0.0024414,-0.088348,-0.0038007,-0.015259,2.5015,4.9692,-0.00030518
-0.0083923,-0.039978,-0.0042758,-0.010529,2.5009,4.9698,0
-0.0010681,-0.011444,-0.0042758,-0.0076294,2.5009,4.9704,-0.00030518
0.026703,0.016785,-0.0042758,-0.0032043,2.5015,4.9716,-0.00061035
0.02533,0.036926,-0.0038007,-0.0022888,2.5021,4.9719,0.00030518
0.0086975,0.030975,-0.0042758,0.00015259,2.5009,4.9728,0
0.010071,0.019531,-0.0042758,0.0015259,2.5021,4.9731,0
0.012817,0.020599,-0.0042758,0.0038147,2.5018,4.9731,0.00061035
0.0038147,0.026855,-0.0038007,0.0067139,2.5009,4.9741,0.00030518
0.00076294,0.046844,-0.0047509,0.0071716,2.5003,4.9768,0.00030518
0,0.090485,-0.0038007,0.0047302,2.5006,4.9768,0
-0.0079346,0.13794,-0.005226,0.0019836,2.5015,4.978,0
-0.016937,0.15594,-0.0047509,0.0033569,2.5012,4.9783,0
-0.026855,0.12268,-0.0042758,0.0033569,2.5009,4.978,0
-0.014801,0.040283,-0.0042758,-0.00030518,2.5009,4.9783,0.00061035
-0.0061035,-0.072784,-0.0066512,-0.0097656,2.5015,4.9783,0.00030518
-0.0079346,-0.15976,-0.0047509,-0.015564,2.5018,4.9786,0.00030518
-0.011902,-0.15762,-0.0042758,-0.014343,2.5021,4.9789,0.00030518
-0.010529,-0.080261,-0.0042758,-0.014343,2.5021,4.9796,0.00030518
-0.0085449,0.0062561,-0.0047509,-0.018768,2.5027,4.9786,0.00061035
-0.010071,0.062714,-0.0047509,-0.01709,2.5003,4.9796,0.00030518
-0.0074768,0.09201,-0.0038007,-0.0091553,2.5024,4.9792,0
-0.0045776,0.093689,-0.0042758,-0.0039673,2.5012,4.9783,0.00030518
-0.011597,0.065308,-0.005226,-0.0050354,2.5015,4.9771,0.00030518
0.0047302,0.030975,-0.0042758,-0.012665,2.5012,4.9786,0.00030518
0.010681,0.028076,-0.0038007,-0.024567,2.5015,4.9789,0.00030518
0.0090027,0.070953,-0.0042758,-0.033264,2.5015,4.9789,-0.00030518
0.014343,0.12238,-0.0042758,-0.036469,2.5009,4.9792,0.00030518
0.020905,0.1416,-0.0047509,-0.035248,2.5006,4.9789,0.00030518
0.033875,0.11581,-0.0028506,-0.034485,2.5012,4.9796,-0.00091553
0.039825,0.058441,-0.0038007,-0.040588,2.5018,4.9783,-0.00030518
0.03067,-0.011139,-0.0038007,-0.050354,2.5018,4.9792,-0.00030518
0.025177,-0.077515,-0.0038007,-0.055389,2.5009,4.9796,-0.00030518
0.024872,-0.13168,-0.0047509,-0.057983,2.5009,4.9792,-0.00030518
0.037842,-0.15701,-0.0047509,-0.055389,2.5018,4.9789,-0.00061035
0.023193,-0.14542,-0.0038007,-0.052795,2.5018,4.9786,-0.00030518
0.0061035,-0.10849,-0.0038007,-0.050201,2.5015,4.9796,0.00030518
-0.0019836,-0.074921,-0.0042758,-0.046387,2.5012,4.9799,0
-0.0068665,-0.054474,-0.005701,-0.045319,2.5021,4.9792,-0.00030518
0.0015259,-0.035248,-0.0038007,-0.04715,2.5015,4.9799,0
0.0050354,-0.014496,-0.0042758,-0.050201,2.5012,4.9792,-0.00091553
0.020294,-0.00091553,-0.0042758,-0.05127,2.5012,4.9796,0.00030518
0.053711,0,-0.0042758,-0.048676,2.5018,4.9789,-0.00061035
0.022125,-0.0067139,-0.0042758,-0.04715,2.5015,4.9783,0.00030518
-0.0038147,-0.018311,-0.0038007,-0.045319,2.5018,4.9786,-0.00030518
0.0022888,-0.024261,-0.0042758,-0.044708,2.5021,4.9796,0.00030518
0.011292,-0.014191,-0.0047509,-0.042267,2.5009,4.9789,0.00030518
0.0073242,0.0050354,-0.0047509,-0.037537,2.5015,4.9796,0.00030518
0.007019,0.019073,-0.0042758,-0.035553,2.5012,4.9789,0.00061035
0.011444,0.031738,-0.0042758,-0.035858,2.5018,4.9783,-0.00030518
0.021362,0.045624,-0.005226,-0.037842,2.5012,4.978,0
0.015106,0.046692,-0.0047509,-0.039368,2.5021,4.978,-0.00030518
0.010834,0.024109,-0.0047509,-0.037384,2.5003,4.9765,-0.00030518
0.01709,-0.010986,-0.0042758,-0.029297,2.5003,4.9762,0.00030518
0.013428,-0.039673,-0.0047509,-0.018005,2.5,4.9759,0.00061035
-0.0035095,-0.047302,-0.0038007,-0.013123,2.5006,4.9759,-0.00030518
-0.0018311,-0.034943,-0.0047509,-0.014038,2.5021,4.9774,0.00030518
0.0074768,-0.010223,-0.0042758,-0.018616,2.5009,4.9768,-0.00030518
0.014954,0.013885,-0.0038007,-0.021362,2.5009,4.9774,0.00030518
0.0088501,0.023651,-0.0038007,-0.019836,2.5012,4.9768,-0.00030518
0.0053406,0.020142,-0.0042758,-0.013123,2.5012,4.9774,0
0.0082397,0.0177,-0.0042758,-0.0080872,2.5009,4.9771,-0.00030518
-0.00061035,0.019531,-0.005226,-0.0071716,2.5009,4.9777,0.00030518
-0.014648,0.014191,-0.0047509,-0.0067139,2.5012,4.9771,-0.00061035
-0.011444,0.018616,-0.0042758,-0.0074768,2.5015,4.978,-0.00061035
-0.0082397,0.036163,-0.0042758,-0.0086975,2.5012,4.9777,0.00030518
0.0012207,0.03418,-0.0042758,-0.0067139,2.5018,4.9768,0.00030518
0.0080872,0.031586,-0.0047509,-0.0064087,2.5015,4.9783,0.00030518
0.009613,0.080109,-0.0042758,-0.0091553,2.5012,4.9789,0.00091553
0.0080872,0.15335,-0.0042758,-0.011597,2.5003,4.9783,0
0.0042725,0.19928,-0.0042758,-0.012665,2.5024,4.9792,0.00030518
-0.0059509,0.19547,-0.0047509,-0.014496,2.5009,4.9796,-0.00030518
-0.0065613,0.15106,-0.0042758,-0.014954,2.5012,4.9783,0.00061035
-0.0059509,0.070038,-0.0047509,-0.012817,2.5009,4.9802,0.00030518
0.0059509,-0.047913,-0.0028506,-0.010986,2.5006,4.9792,-0.00061035
0.0024414,-0.13626,-0.0042758,-0.015106,2.5018,4.9759,0
-0.0059509,-0.13077,-0.0042758,-0.017395,2.5021,4.975,-0.00061035
-0.0085449,-0.087738,-0.0047509,-0.011444,2.5015,4.975,0
-0.0054932,-0.087585,-0.0047509,-0.0074768,2.5,4.9744,0.00030518
-0.00030518,-0.11856,-0.005226,-0.0064087,2.5009,4.9744,0
-0.0010681,-0.13107,-0.0038007,-0.0021362,2.5024,4.9741,-0.00061035
-0.0093079,-0.10635,-0.005226,0.0048828,2.5018,4.9747,-0.00030518
-0.012665,-0.062714,-0.0038007,0.012512,2.5009,4.975,-0.00030518
-0.012665,-0.028839,-0.0042758,0.0086975,2.5021,4.9744,0.00061035
0.004425,-0.01236,-0.0047509,-0.0033569,2.5006,4.9756,0.00061035
0.01297,-0.005188,-0.0047509,-0.013123,2.5012,4.9759,0.00030518
0.0062561,0.0065613,-0.0047509,-0.011749,2.5018,4.9762,0.00030518
-0.0082397,0.033722,-0.0038007,-0.00045776,2.5018,4.9759,-0.00030518
-0.0079346,0.054474,-0.0038007,0.0086975,2.5006,4.9762,0.00030518
-0.010834,0.039673,-0.0042758,0.0094604,2.5018,4.978,-0.00061035
-0.012207,-0.0024414,-0.0042758,0.0085449,2.5009,4.9786,0
-0.0079346,-0.043182,-0.0047509,0.011139,2.5012,4.9789,0
-0.010223,-0.076599,-0.0042758,0.016327,2.5018,4.9789,0
-0.015869,-0.088501,-0.0042758,0.018921,2.5015,4.9783,0
-0.010071,-0.058136,-0.0042758,0.022888,2.5015,4.9783,-0.00030518
-0.012054,0.00045776,-0.0042758,0.028229,2.5015,4.9792,0
-0.020294,0.051117,-0.0042758,0.035248,2.5015,4.9783,0
-0.016785,0.075531,-0.0042758,0.039063,2.5003,4.9792,0
-0.010834,0.080872,-0.0038007,0.035706,2.5009,4.9792,0.00030518
-0.018616,0.072937,-0.0047509,0.031738,2.5015,4.9792,0
-0.01297,0.046082,-0.0042758,0.037537,2.5018,4.9786,-0.00030518
-0.004425,0.018463,-0.0042758,0.045471,2.5018,4.9786,-0.00030518
-0.0083923,0.00045776,-0.005226,0.043945,2.5012,4.9792,0.00030518
-0.015106,-0.017548,-0.005226,0.03952,2.5012,4.978,-0.00030518
-0.0079346,-0.027771,-0.0047509,0.039063,2.5012,4.9783,-0.00030518
-0.013428,0.0012207,-0.005226,0.042572,2.5018,4.9783,0.00061035
-0.020599,0.0737,-0.0042758,0.048981,2.5015,4.978,0.00030518
-0.018005,0.14862,-0.0042758,0.053253,2.5015,4.9771,0.00030518
-0.014954,0.16754,-0.0047509,0.051727,2.5018,4.9768,0
-0.020142,0.10376,-0.0042758,0.041046,2.5009,4.9771,0
-0.027924,-0.014648,-0.0042758,0.033417,2.5012,4.9768,-0.00030518
-0.030823,-0.12329,-0.0047509,0.034943,2.5012,4.9762,-0.00030518
-0.028076,-0.17426,-0.0047509,0.036926,2.5009,4.9774,0.00030518
-0.024719,-0.16037,-0.0047509,0.034943,2.5018,4.9768,0.00061035
-0.024109,-0.10971,-0.0038007,0.035858,2.5012,4.9768,0
-0.038452,-0.056305,-0.0042758,0.041199,2.5009,4.9771,-0.00030518
-0.037689,-0.035095,-0.0047509,0.039215,2.5009,4.9783,-0.00030518
-0.028687,-0.038147,-0.0042758,0.029602,2.5012,4.9771,0
-0.02182,-0.038452,-0.0042758,0.019073,2.5015,4.978,-0.00061035
-0.01358,-0.030365,-0.0042758,0.015259,2.5021,4.9783,0.00061035
-0.013123,-0.021057,-0.0047509,0.020142,2.5021,4.978,0.00030518
-0.02182,-0.01297,-0.0047509,0.019226,2.5021,4.978,0.00030518
-0.033264,-0.0036621,-0.0038007,0.013885,2.5009,4.9774,0
-0.032501,0.0057983,-0.0042758,0.009613,2.5012,4.9777,0.00030518
-0.014038,0.0061035,-0.0047509,0.010529,2.5015,4.978,0.00030518
-0.010529,-0.0045776,-0.0042758,0.010681,2.5012,4.9792,0.00030518
-0.0094604,-0.028534,-0.005226,0.0064087,2.5015,4.9792,0.00030518
-0.00091553,-0.049286,-0.0042758,0.0054932,2.5024,4.9786,0.00061035
0.0032043,-0.048676,-0.0038007,0.0079346,2.5006,4.9789,0.00030518
0.0036621,-0.030212,-0.0042758,0.0076294,2.5006,4.9796,0.00030518
0.0050354,-0.0080872,-0.0042758,0.0010681,2.5015,4.9796,-0.00030518
0.0054932,0.0068665,-0.0042758,-0.0074768,2.5012,4.978,0
-0.00030518,0.013885,-0.0042758,-0.0054932,2.5018,4.9802,0.00030518
-0.0085449,0.020752,-0.0047509,0.002594,2.5021,4.9789,0.00061035
-0.0056458,0.026245,-0.0038007,0.0071716,2.5012,4.9792,0.00030518
-0.012512,0.021362,-0.0033257,0.0064087,2.5018,4.9792,0
-0.0080872,0.0080872,-0.0047509,0.002594,2.5012,4.9796,0.00030518
-0.0041199,0.00091553,-0.0047509,0.0045776,2.5018,4.9783,0.00030518
0.0027466,0.004425,-0.0047509,0.011749,2.5024,4.9771,0.00030518
0.007782,0.015411,-0.0042758,0.020294,2.5015,4.9777,0.00030518
0.022125,0.027771,-0.0042758,0.024414,2.5003,4.9796,0.00030518
0.056915,0.045319,-0.0042758,0.020752,2.5003,4.9789,0
0.054474,0.072479,-0.0042758,0.014648,2.5006,4.9786,0.00030518
-0.00091553,0.10406,-0.0047509,0.012207,2.5015,4.978,0.00061035
-0.010986,0.12161,-0.0042758,0.0097656,2.5015,4.9789,0.00030518
0.0030518,0.11032,-0.0042758,0.0079346,2.5021,4.9783,-0.00061035
-0.0021362,0.072327,-0.0028506,0.0080872,2.5009,4.9789,0
-0.014954,0.018311,-0.0042758,0.0061035,2.5012,4.9799,0.00030518
-0.019531,-0.021667,-0.0038007,0.0065613,2.5009,4.9792,0.00030518
-0.029755,-0.027161,-0.0042758,0.012512,2.5015,4.9802,-0.00030518
-0.024719,0.0015259,-0.0042758,0.018463,2.5018,4.9786,0.00030518
-0.0091553,0.032806,-0.0047509,0.020294,2.5015,4.9786,0.00030518
-0.0045776,0.027618,-0.0047509,0.024109,2.5018,4.978,0
-0.0177,-0.010681,-0.0042758,0.026398,2.5012,4.9792,-0.00061035
-0.021667,-0.046692,-0.0042758,0.030212,2.5015,4.9799,0
-0.027161,-0.063019,-0.005226,0.032349,2.5012,4.9765,0
-0.02121,-0.053101,-0.005226,0.030212,2.5009,4.9759,0.00030518
-0.011597,-0.0093079,-0.005226,0.03067,2.5009,4.9747,0.00030518
-0.0073242,0.050201,-0.0042758,0.036926,2.5018,4.9753,0.00030518
-0.0061035,0.085907,-0.0042758,0.037842,2.5012,4.9744,0.00030518
-0.009613,0.08667,-0.0038007,0.034637,2.5003,4.9747,0.00030518
-0.012512,0.055847,-0.005226,0.03479,2.5006,4.9741,-0.00030518
-0.016174,-0.012817,-0.005226,0.033722,2.5021,4.9734,0
-0.010681,-0.082397,-0.0047509,0.030365,2.5009,4.971,0
0.0074768,-0.091705,-0.0047509,0.030975,2.5015,4.9713,0.00030518
0.0039673,-0.052795,-0.0042758,0.035858,2.5018,4.9716,-0.00061035
0.00030518,-0.002594,-0.005226,0.032654,2.5015,4.9719,0.00030518
0.010681,0.036163,-0.0028506,0.02594,2.5,4.9713,0.00030518
0.0085449,0.043945,-0.005226,0.02533,2.5009,4.9713,0.00061035
-0.0050354,0.020752,-0.0047509,0.030823,2.5009,4.975,0.00030518
-0.0056458,-0.013123,-0.0033257,0.032959,2.5012,4.9759,0.00030518
-0.010986,-0.054169,-0.0047509,0.032806,2.5018,4.9759,0.00030518
-0.011902,-0.086975,-0.005701,0.03418,2.5009,4.9771,0
-0.0097656,-0.079346,-0.0038007,0.038452,2.5021,4.9774,-0.00030518
-0.0073242,-0.040894,-0.0047509,0.040741,2.5018,4.9768,0.00030518
-0.010834,-0.0085449,-0.0047509,0.041809,2.5021,4.9774,0
-0.0038147,0.0094604,-0.0042758,0.039063,2.5018,4.9777,0
-0.0033569,0.018311,-0.0033257,0.030518,2.5021,4.9783,0
0.012054,0.016785,-0.0047509,0.026855,2.5009,4.9765,-0.00030518
0.011749,0.0093079,-0.0042758,0.022888,2.5018,4.9786,-0.00061035
0.00030518,0.0062561,-0.0042758,0.021515,2.5006,4.9796,0.00030518
-0.00061035,0.019531,-0.0047509,0.02655,2.5009,4.9783,0
-0.0012207,0.051727,-0.0047509,0.032196,2.5012,4.9808,0.00030518
-0.013733,0.087128,-0.0042758,0.037384,2.5009,4.9777,0.00061035
-0.018768,0.1123,-0.005226,0.040436,2.5015,4.9783,0
-0.025787,0.11826,-0.0047509,0.037079,2.5015,4.9789,0.00030518
-0.018005,0.10025,-0.005226,0.028839,2.5006,4.9796,0.00030518
-0.0018311,0.060272,-0.0042758,0.02121,2.5015,4.9786,0.00030518
-0.012207,0.012512,-0.0038007,0.021057,2.5009,4.9789,0.00030518
-0.028839,-0.029144,-0.0042758,0.023956,2.5018,4.9796,0.00061035
-0.023651,-0.079651,-0.0042758,0.02182,2.5015,4.9789,0
-0.018158,-0.14526,-0.0042758,0.016479,2.5015,4.9799,0.00030518
-0.015259,-0.17532,-0.0042758,0.011902,2.5018,4.9802,-0.00030518
-0.027924,-0.12711,-0.0047509,0.012512,2.5018,4.9786,-0.00061035
-0.020142,-0.04303,-0.0047509,0.013733,2.5009,4.9796,0
0.0093079,0.0045776,-0.0047509,0.013428,2.5021,4.9792,0
0.046844,0.0064087,-0.005226,0.010223,2.5027,4.9796,-0.00030518
0.041962,-0.0065613,-0.0042758,0.014496,2.5009,4.9796,0.00061035
-0.017548,-0.015869,-0.0047509,0.018311,2.5012,4.9783,0.00030518
-0.042877,-0.0039673,-0.0047509,0.016174,2.5,4.9799,0
-0.041656,0.04364,-0.0042758,0.014954,2.5009,4.9789,0.00061035
-0.03479,0.09903,-0.0042758,0.012512,2.5003,4.9796,0
-0.026093,0.13336,-0.0042758,0.0048828,2.5012,4.9796,-0.00030518
-0.027466,0.15732,-0.0047509,0.0056458,2.5006,4.978,-0.00061035
-0.01236,0.16174,-0.0033257,0.015259,2.5012,4.9789,0
-0.013885,0.12527,-0.0038007,0.017548,2.5006,4.9792,0.00061035
-0.010223,0.061188,-0.0038007,0.012665,2.5009,4.9796,0.00030518
-0.0010681,0.0036621,-0.0038007,0.011749,2.5018,4.9796,0.00030518
0.0045776,-0.031281,-0.0047509,0.013428,2.5018,4.9786,0.00061035
0.0083923,-0.053406,-0.0038007,0.015259,2.5021,4.9786,0.00061035
0.0068665,-0.077209,-0.0042758,0.016479,2.5015,4.9783,0.00061035
-0.004425,-0.10544,-0.0047509,0.016632,2.5015,4.9789,0.00030518
-0.023499,-0.12314,-0.0047509,0.021362,2.5024,4.9789,0
-0.043945,-0.12375,-0.0042758,0.030212,2.5015,4.9792,0.00030518
-0.023956,-0.10529,-0.0042758,0.034943,2.5021,4.9783,-0.00030518
-0.014648,-0.087433,-0.0033257,0.032043,2.5012,4.9786,-0.00030518
-0.016937,-0.0737,-0.0047509,0.022736,2.5006,4.9796,0
-0.018768,-0.054169,-0.0047509,0.014954,2.5009,4.9783,-0.00030518
-0.010223,-0.029907,-0.0042758,0.011444,2.5009,4.978,0.00030518
-0.007019,-0.0086975,-0.0042758,0.01358,2.5015,4.9765,0
-0.0030518,0.010681,-0.0042758,0.013123,2.5012,4.9771,0.00061035
0.013275,0.012207,-0.0042758,0.014038,2.5024,4.9768,-0.00061035
0.036469,-0.0032043,-0.0047509,0.015869,2.5015,4.9765,-0.00030518
0.019836,-0.0019836,-0.0042758,0.016632,2.5021,4.9771,0.00061035
-0.00091553,0.0093079,-0.005701,0.011597,2.5009,4.9762,0.00061035
-0.0062561,0.0071716,-0.0047509,0.0057983,2.5015,4.9774,0.00030518
-0.0039673,-0.0061035,-0.0042758,0.0068665,2.5012,4.9768,0.00030518
-0.0048828,-0.029907,-0.0042758,0.012207,2.5018,4.9774,-0.00030518
-0.0177,-0.052795,-0.0042758,0.0097656,2.5018,4.9771,0
0.020294,-0.052948,-0.0042758,0.0027466,2.5015,4.9768,0.00061035
0.033417,-0.026703,-0.0047509,0.00045776,2.5015,4.9783,0.00030518
0.011444,-0.0033569,-0.0042758,-0.00061035,2.5012,4.9777,0.00030518
0.0050354,-0.0016785,-0.0042758,-0.00061035,2.5015,4.9774,0.00030518
-0.012512,-0.0083923,-0.0047509,-0.00076294,2.5015,4.9783,0
0.011902,-0.0053406,-0.0047509,-0.00091553,2.5015,4.9771,0
0.016327,0.0030518,-0.0042758,-0.0018311,2.5012,4.9756,-0.00030518
0.0027466,0.012512,-0.0042758,-0.0015259,2.5012,4.9756,0.00030518
0.023804,0.023193,-0.005226,-0.0030518,2.5006,4.975,0.00030518
0.03006,0.042572,-0.0047509,-0.0065613,2.5018,4.9744,0.00061035
0.027008,0.06424,-0.0042758,-0.0082397,2.5024,4.9744,-0.00030518
0.0086975,0.065613,-0.005226,-0.004425,2.5015,4.9747,0
-0.0012207,0.052032,-0.005226,0.0018311,2.5009,4.9747,0.00061035
0.0039673,0.032654,-0.0042758,0.0038147,2.5018,4.975,0.00030518
-0.0056458,0.0024414,-0.005701,0.0036621,2.5006,4.975,0.00061035
-0.0076294,-0.027161,-0.0042758,0.00061035,2.5009,4.9753,-0.00030518
0.010071,-0.026703,-0.0047509,-0.0030518,2.5012,4.9756,-0.00030518
0.025024,-0.00030518,-0.0042758,-0.002594,2.5009,4.9759,-0.00061035
0.02243,0.028229,-0.005226,-0.0068665,2.5012,4.9768,0.00030518
0.013885,0.04425,-0.0042758,-0.013275,2.5012,4.9759,0
0.0030518,0.041199,-0.0047509,-0.011444,2.4997,4.9777,0.00030518
0.0013733,0.016174,-0.0042758,-0.0079346,2.5021,4.9783,0
0.0064087,-0.014496,-0.0042758,-0.0071716,2.5006,4.9792,0
0.015259,-0.021973,-0.0042758,-0.0065613,2.5015,4.9792,-0.00030518
0.019836,-0.0064087,-0.0047509,-0.0067139,2.5018,4.9783,0
0.036163,0.007782,-0.0042758,-0.0062561,2.5015,4.9786,0
0.028839,0.016479,-0.0038007,-0.0053406,2.5009,4.9792,-0.00061035
0.011292,0.0080872,-0.005226,-0.0028992,2.5012,4.9789,0.00030518
-0.02594,-0.013428,-0.0042758,0.0021362,2.5003,4.9802,-0.00030518
-0.058594,-0.026398,-0.0042758,0.0059509,2.5015,4.9783,0.00061035
0.19302,-0.019684,-0.0042758,0.00091553,2.5018,4.9786,0
0.10193,0.010071,-0.0047509,-0.0082397,2.5021,4.9799,0.00030518
-0.010071,0.047302,-0.005226,-0.012817,2.5018,4.9789,0
0.0053406,0.074921,-0.0042758,-0.010986,2.5009,4.9792,0.00030518
-0.0057983,0.088043,-0.0033257,-0.0059509,2.5009,4.9777,0.00030518
0.0035095,0.078278,-0.005226,-0.0041199,2.5012,4.9786,0.00030518
-0.0085449,0.043335,-0.0042758,-0.0079346,2.5012,4.9789,0.00030518
-0.013733,-0.0047302,-0.0047509,-0.017853,2.5021,4.9789,-0.00030518
0.0015259,-0.056458,-0.0047509,-0.022583,2.5018,4.9786,0.00030518
0.012207,-0.10056,-0.0038007,-0.019073,2.5015,4.9792,-0.00030518
0.012054,-0.11627,-0.0042758,-0.010681,2.5024,4.9792,0.00061035
-0.002594,-0.098877,-0.0047509,-0.0035095,2.5009,4.9783,0
-0.0094604,-0.050812,-0.0042758,0.0022888,2.5015,4.9789,0.00061035
0.00091553,-0.0010681,-0.0038007,0.0022888,2.5015,4.9796,0.00061035
0.0047302,0.017242,-0.0038007,-0.0042725,2.5012,4.9789,0.00030518
0.0027466,0.014343,-0.0047509,-0.0083923,2.5012,4.9786,0
-0.018005,0.015106,-0.0047509,-0.0083923,2.5015,4.978,-0.00030518
-0.017548,0.024414,-0.0047509,-0.0079346,2.5009,4.9774,0
-0.013428,0.037231,-0.0047509,-0.0074768,2.5012,4.9774,0.00030518
-0.018616,0.041504,-0.005226,-0.0027466,2.5006,4.9765,0.00030518
-0.023041,0.038147,-0.0047509,-0.0022888,2.5012,4.9765,0.00061035
-0.023651,0.035858,-0.0047509,-0.0062561,2.5021,4.9765,0.00061035
-0.012665,0.037994,-0.0038007,-0.0024414,2.5012,4.9768,0.00030518
-0.00030518,0.028229,-0.0042758,0.010223,2.5009,4.9771,0.00030518
0.0083923,-0.0035095,-0.0038007,0.014801,2.5015,4.9765,-0.00061035
0.035248,-0.043335,-0.0028506,0.007019,2.5015,4.9771,0.00030518
0.03418,-0.069122,-0.0047509,0.00015259,2.5012,4.9774,0
0.012665,-0.074921,-0.0042758,-0.0012207,2.5003,4.9771,0
0.00076294,-0.067291,-0.0038007,-0.004425,2.5009,4.9762,0.00091553
0.0067139,-0.038147,-0.0047509,-0.0048828,2.5012,4.9768,0.00030518
0.021515,-0.012207,-0.0047509,0.0035095,2.5012,4.9777,0.00061035
0.016022,-0.010071,-0.0047509,0.0064087,2.5012,4.9768,0
0.011902,-0.0086975,-0.0038007,0.005188,2.5027,4.9777,-0.00030518
-0.00076294,0.0090027,-0.0047509,0.0041199,2.5006,4.9768,0.00091553
0.014954,0.029907,-0.0047509,0.00061035,2.5012,4.9783,0.00030518
0.049744,0.03952,-0.0042758,0.005188,2.5012,4.9786,0.00030518
0.024872,0.040741,-0.0042758,0.011749,2.5012,4.9796,-0.00030518
-0.015106,0.046692,-0.0042758,0.0080872,2.5021,4.9789,0
-0.011139,0.046844,-0.0042758,-0.00076294,2.5015,4.9796,0.00061035
-0.0018311,0.029602,-0.0047509,-0.010223,2.5015,4.9792,0.00030518
-0.014496,-0.0013733,-0.0033257,-0.010834,2.5021,4.9786,0.00030518
-0.038147,-0.031738,-0.0028506,-0.0027466,2.5021,4.9789,-0.00030518
-0.037689,-0.049438,-0.0047509,0.00045776,2.5009,4.9789,0
-0.026855,-0.039978,-0.0047509,0.0016785,2.5006,4.9789,0
-0.019836,-0.0048828,-0.005226,0.0028992,2.5012,4.9777,0.00030518
-0.015106,0.016022,-0.0038007,0.0064087,2.5018,4.9789,0
-0.023956,-0.00076294,-0.0042758,0.015564,2.5003,4.9786,-0.00030518
-0.024719,-0.02655,-0.005226,0.019684,2.5009,4.9792,-0.00030518
-0.029755,-0.029144,-0.0042758,0.011139,2.5012,4.9789,-0.00030518
-0.035553,-0.0061035,-0.0042758,-0.0035095,2.5018,4.9789,-0.00030518
-0.031891,0.028992,-0.0038007,-0.012207,2.5018,4.9799,0.00061035
-0.014801,0.061646,-0.0047509,-0.013733,2.5018,4.9789,0.00030518
-0.01297,0.085907,-0.0042758,-0.010376,2.5009,4.9792,0.00030518
-0.01709,0.089111,-0.0038007,-0.0091553,2.5009,4.9796,0.00030518
-0.022278,0.052032,-0.0042758,-0.013123,2.5018,4.9786,0.00061035
-0.0030518,-0.0082397,-0.0047509,-0.016632,2.5012,4.9789,-0.00030518
0.0015259,-0.049896,-0.0047509,-0.01709,2.5015,4.9768,0.00030518
0.0053406,-0.058899,-0.0042758,-0.01358,2.5018,4.9756,0.00030518
0.016327,-0.047302,-0.005226,-0.0061035,2.5012,4.9747,0.00030518
0.011597,-0.016632,-0.0042758,-0.0010681,2.5009,4.9747,0.00061035
0.00061035,0.032959,-0.0047509,-0.0022888,2.5015,4.9747,0
0.0050354,0.079193,-0.0047509,-0.0030518,2.5015,4.9744,0.00030518
0.0038147,0.11703,-0.0047509,0.0016785,2.5021,4.9756,-0.00030518
-0.0048828,0.13733,-0.0038007,0.0042725,2.5021,4.975,0.00030518
0.0062561,0.10956,-0.0047509,0.00061035,2.5015,4.9734,0.00030518
-0.0015259,0.019531,-0.0042758,0.00076294,2.5006,4.9741,0.00030518
-0.015717,-0.095062,-0.0038007,0.0016785,2.5012,4.9759,0.00030518
-0.019226,-0.17242,-0.0042758,0.0054932,2.5018,4.9759,0.00030518
-0.010834,-0.16159,-0.0047509,0.016479,2.5018,4.9765,0
-0.0045776,-0.088654,-0.0038007,0.021515,2.5015,4.9759,0.00061035
-0.011444,-0.029602,-0.0038007,0.014038,2.5021,4.9771,0.00030518
-0.010681,0.00045776,-0.0042758,0.0061035,2.5003,4.9789,0
-0.0024414,0.014038,-0.0047509,0.00091553,2.5012,4.9777,0.00030518
-0.009613,-0.00045776,-0.0038007,-0.0038147,2.5003,4.9777,-0.00030518
-0.011444,-0.023651,-0.0047509,-0.0068665,2.5018,4.9771,0.00091553
0.012512,-0.021362,-0.0047509,-0.0080872,2.5018,4.9765,-0.00091553
0.0013733,-0.010834,-0.0047509,-0.0018311,2.5027,4.9768,0.00061035
-0.021057,-0.0088501,-0.0047509,0.010834,2.5009,4.9759,0
-0.027924,-0.0030518,-0.0038007,0.016632,2.5012,4.9765,0.00030518
-0.030823,0.0045776,-0.0042758,0.019531,2.5006,4.9771,-0.00030518
-0.014038,0.007019,-0.0042758,0.024414,2.5021,4.9759,-0.00030518
0.0085449,0.014954,-0.0038007,0.029449,2.5009,4.9765,0.00030518
0.0010681,0.032806,-0.0042758,0.031433,2.5015,4.9771,0.00030518
-0.0099182,0.046997,-0.0042758,0.025787,2.5012,4.9777,-0.00030518
-0.014343,0.039825,-0.0047509,0.016022,2.5012,4.9777,0
-0.010529,0.0094604,-0.0047509,0.010986,2.5003,4.978,-0.00030518
-0.021667,-0.027313,-0.0042758,0.016327,2.5018,4.9774,-0.00030518
-0.037384,-0.053558,-0.0042758,0.022583,2.5009,4.9777,0
-0.025024,-0.054169,-0.0042758,0.020294,2.5006,4.978,0
-0.0064087,-0.033417,-0.005226,0.0071716,2.5018,4.978,-0.00030518
0.0053406,-0.014343,-0.005226,-0.007019,2.5003,4.9786,0.00030518
0.0028992,-0.010071,-0.005226,-0.01236,2.5009,4.9799,0.00061035
-0.0094604,-0.009613,-0.005226,-0.0016785,2.5009,4.9799,-0.00061035
-0.024414,-0.009613,-0.0047509,0.010071,2.5006,4.9799,0.00061035
-0.0079346,-0.012207,-0.0042758,0.018311,2.5021,4.9789,0
0.013733,-0.016632,-0.0038007,0.02121,2.5015,4.9789,-0.00061035
0.0027466,-0.020905,-0.0042758,0.014343,2.5015,4.9792,-0.00030518
0.0053406,-0.01236,-0.005226,0.0059509,2.5018,4.9796,0.00030518
0.02121,0.015411,-0.0042758,0.0027466,2.5009,4.9783,-0.00030518
0.015869,0.044556,-0.0038007,0.0028992,2.5015,4.9771,0.00030518
0.0091553,0.066986,-0.0042758,0.0053406,2.5006,4.9783,-0.00030518
0.024109,0.09079,-0.0038007,0.0067139,2.5015,4.9789,0.00030518
0.022125,0.11856,-0.0042758,0.0091553,2.5003,4.9796,0.00061035
0.02121,0.12192,-0.0047509,0.012512,2.5009,4.9799,-0.00061035
0.018005,0.085602,-0.0047509,0.015717,2.5009,4.9786,-0.00030518
0.022583,0.034027,-0.0042758,0.01709,2.5015,4.9789,0.00030518
0.028381,-0.016174,-0.0042758,0.013885,2.5009,4.9792,0
0.032043,-0.070801,-0.0042758,0.011749,2.5018,4.9796,-0.00030518
0.019836,-0.10544,-0.0033257,0.010071,2.5009,4.9792,0.00030518
0.0062561,-0.097504,-0.0033257,0.0057983,2.5012,4.9786,-0.00030518
0.0024414,-0.064545,-0.0038007,0.004425,2.5012,4.9796,0.00030518
0.0012207,-0.035858,-0.0047509,0.0038147,2.5021,4.9786,-0.00061035
0.00061035,-0.01297,-0.0042758,0.002594,2.5015,4.9786,0.00030518
-0.0045776,0.0091553,-0.0042758,0.00015259,2.5015,4.9789,0.00030518
0.010681,0.025024,-0.0042758,-0.00030518,2.5015,4.9789,0
0.069427,0.02533,-0.005226,-0.00076294,2.5012,4.9786,0.00061035
0.091858,0.0039673,-0.0042758,-0.00091553,2.5015,4.9789,0
0.079498,-0.024872,-0.0038007,-0.00061035,2.5009,4.9792,0
0.039978,-0.03067,-0.0038007,-0.00091553,2.5012,4.9792,-0.00030518
-0.035248,-0.0053406,-0.0042758,-0.0021362,2.5015,4.9786,-0.00030518
-0.031738,0.028076,-0.0038007,-0.0010681,2.5012,4.9792,0
-0.0059509,0.045776,-0.005226,0.00061035,2.5009,4.9789,-0.00030518
-0.018768,0.034637,-0.0038007,0.00045776,2.5024,4.9786,0
-0.037231,-0.0097656,-0.0042758,0.0035095,2.5012,4.9783,0.00030518
-0.042877,-0.057983,-0.0033257,0.0080872,2.5021,4.9777,0
-0.027008,-0.067139,-0.0042758,0.013885,2.5018,4.9786,0.00061035
-0.022583,-0.042572,-0.0047509,0.018158,2.5015,4.9789,0
-0.027313,-0.016937,-0.0042758,0.019836,2.5018,4.9774,0.00030518
-0.027771,0.0041199,-0.0042758,0.017395,2.5015,4.9768,-0.00030518
0.010986,0.027924,-0.0047509,0.011749,2.5006,4.978,0
0.066986,0.045471,-0.0042758,0.0082397,2.5012,4.9765,-0.00030518
0.052795,0.056305,-0.0042758,0.0047302,2.5006,4.9765,0.00030518
-0.0019836,0.062561,-0.0042758,0.0015259,2.5018,4.9756,-0.00030518
-0.031433,0.056915,-0.0033257,0.0018311,2.5009,4.9771,0.00061035
-0.029449,0.03067,-0.0038007,0.0053406,2.5006,4.9765,0
-0.019531,-0.009613,-0.0033257,0.0065613,2.5015,4.9765,0.00030518
-0.027008,-0.039673,-0.0042758,0.0097656,2.5003,4.9719,0
-0.030823,-0.054169,-0.0061761,0.0177,2.5021,4.971,-0.00030518
-0.015564,-0.059662,-0.005226,0.023041,2.5018,4.9707,0
-0.0097656,-0.051727,-0.0047509,0.020447,2.5015,4.9725,0.00030518
-0.018921,-0.024261,-0.0047509,0.015259,2.5015,4.9725,-0.00030518
-0.017395,0.0048828,-0.0047509,0.016479,2.5021,4.9722,0.00061035
-0.012207,0.014801,-0.005226,0.021515,2.5009,4.9725,-0.00030518
-0.015106,0.0082397,-0.0042758,0.023041,2.5015,4.9725,0.00030518
-0.0028992,-0.005188,-0.0038007,0.020294,2.5015,4.9738,0.00030518
0.0012207,-0.015564,-0.0042758,0.016022,2.5012,4.9738,-0.00030518
-0.021057,-0.017548,-0.0028506,0.014038,2.5015,4.975,0.00030518
-0.02533,-0.011597,-0.0047509,0.010834,2.5018,4.9762,0
-0.019989,-0.0045776,-0.0038007,0.0090027,2.5012,4.9762,0.00061035
-0.018158,-0.012512,-0.0038007,0.011902,2.5015,4.9765,-0.00030518
-0.013733,-0.028687,-0.0038007,0.010834,2.5009,4.9783,0.00030518
-0.011597,-0.02655,-0.0042758,0.004425,2.5018,4.9783,0
-0.015259,-0.010529,-0.005226,0.00045776,2.5021,4.9783,0.00061035
-0.014496,-0.0022888,-0.0033257,-0.0041199,2.5003,4.9792,0.00061035
-0.012207,-0.010529,-0.0047509,-0.0085449,2.5012,4.9792,0
0.0062561,-0.026245,-0.0042758,-0.0091553,2.5012,4.9796,0.00030518
0.007019,-0.033722,-0.0047509,-0.0057983,2.5021,4.9789,0
-0.0033569,-0.024872,-0.005226,-0.0057983,2.5018,4.9792,-0.00030518
-0.0074768,-0.0080872,-0.0038007,-0.0086975,2.5012,4.9792,-0.00030518
-0.010834,0.0047302,-0.0042758,-0.0099182,2.5012,4.9792,0
-0.0039673,0.014954,-0.0038007,-0.0083923,2.5009,4.9789,0
-0.0010681,0.023499,-0.005226,-0.0080872,2.5006,4.9789,0.00030518
-0.0019836,0.028839,-0.0042758,-0.0093079,2.5015,4.9789,0.00030518
0.0028992,0.030823,-0.0047509,-0.0080872,2.5018,4.9792,0
0.002594,0.030975,-0.005226,-0.0059509,2.5012,4.978,0
0.010681,0.030212,-0.0047509,-0.0036621,2.5015,4.9783,0.00061035
0.007782,0.026855,-0.0047509,-0.0013733,2.5012,4.9789,-0.00030518
0.0059509,0.019989,-0.0038007,0.0028992,2.5018,4.9789,0.00061035
0.014038,0.013428,-0.0038007,0.0057983,2.5021,4.9789,-0.00030518
0.015106,0.0099182,-0.005226,0.0079346,2.5009,4.9792,-0.00030518
0.011139,0.010529,-0.0047509,0.0079346,2.5021,4.9789,0.00030518
0.0056458,0.011444,-0.0047509,0.0093079,2.5012,4.9799,-0.00030518
0.0035095,0.012512,-0.0042758,0.015411,2.5009,4.9792,0
-0.0038147,0.011444,-0.0042758,0.024872,2.5012,4.9792,-0.00030518
-0.016937,0.0099182,-0.0038007,0.032501,2.5012,4.9789,-0.00030518
-0.015869,0.0068665,-0.0042758,0.03418,2.5009,4.9792,-0.00030518
-0.0094604,0.0045776,-0.0047509,0.033112,2.5018,4.9796,0.00061035
-0.0028992,0.0053406,-0.0047509,0.027771,2.5012,4.9789,0.00030518
0.004425,0.0076294,-0.0042758,0.020447,2.5006,4.9792,0.00030518
0.0071716,0.0064087,-0.0042758,0.016632,2.5018,4.9792,-0.00061035
-0.00076294,0.0027466,-0.0028506,0.018616,2.5006,4.9796,-0.00061035
0.0019836,-0.0021362,-0.0047509,0.0177,2.5015,4.9789,0
0.010986,-0.0082397,-0.0047509,0.015106,2.5018,4.9792,-0.00030518
0.014343,-0.013123,-0.0042758,0.015869,2.5012,4.9796,0
0.010223,-0.012665,-0.0047509,0.016174,2.5015,4.9786,-0.00061035
0.024719,-0.0065613,-0.0042758,0.014038,2.5018,4.9777,-0.00030518
0.025635,0.0024414,-0.0042758,0.0079346,2.5009,4.9774,-0.00030518
0.024414,0.012207,-0.0042758,-0.00061035,2.5012,4.9771,0.00030518
0.042725,0.018768,-0.0047509,-0.004425,2.5012,4.9768,0
0.043945,0.014191,-0.0038007,-0.0065613,2.5015,4.9765,0
0.018158,0.0041199,-0.0038007,-0.012054,2.5012,4.9768,-0.00030518
0.0018311,-0.0016785,-0.0042758,-0.01236,2.5021,4.9768,-0.00030518
-0.0039673,-0.0039673,-0.005226,0.00030518,2.5012,4.9765,0.00061035
-0.0085449,-0.0079346,-0.0047509,0.018158,2.5015,4.9762,0.00030518
-0.0097656,-0.007782,-0.005226,0.023346,2.5006,4.9768,0.00061035
0.0024414,0.0015259,-0.0042758,0.016785,2.5021,4.9774,0
0.002594,0.016022,-0.0042758,0.0085449,2.5024,4.9777,-0.00061035
-0.0045776,0.028534,-0.0042758,0.0061035,2.5009,4.9774,0
-0.0048828,0.034332,-0.0033257,0.0030518,2.5006,4.9777,0
-0.00061035,0.033722,-0.0038007,-0.00015259,2.5015,4.9774,0.00030518
-0.0016785,0.031128,-0.0042758,-0.0038147,2.5012,4.9786,-0.00030518
0.0013733,0.033417,-0.005701,-0.007782,2.5015,4.9777,0.00030518
0.0030518,0.038452,-0.0042758,-0.012817,2.5015,4.978,0
-0.011139,0.041046,-0.0042758,-0.014648,2.5009,4.9789,-0.00030518
-0.021515,0.044861,-0.0042758,-0.014801,2.5003,4.9786,0.00030518
-0.0050354,0.042877,-0.0038007,-0.013123,2.5009,4.9789,-0.00061035
0.026703,0.038605,-0.0047509,-0.010223,2.5012,4.9789,0
0.03952,0.039673,-0.0047509,-0.010376,2.5012,4.9777,0.00030518
0.0074768,0.043488,-0.0042758,-0.012054,2.5012,4.9792,0.00030518
-0.011292,0.046082,-0.0042758,-0.014038,2.5021,4.9792,-0.00030518
-0.0047302,0.041046,-0.0047509,-0.012512,2.5003,4.9799,-0.00030518
0.0035095,0.016632,-0.0028506,-0.0068665,2.5012,4.9792,0
0.0036621,-0.016937,-0.0042758,-0.0032043,2.5006,4.9796,0
0.00030518,-0.02594,-0.0042758,-0.00030518,2.5018,4.9799,-0.00030518
-0.0064087,-0.0022888,-0.0042758,-0.0016785,2.5018,4.9792,0
-0.00061035,0.025482,-0.0047509,-0.0018311,2.5012,4.9789,-0.00030518
0.0047302,0.019226,-0.0047509,0.0010681,2.5009,4.9762,0
0.0028992,-0.019531,-0.0047509,0.0062561,2.5009,4.9756,0
0.0013733,-0.065155,-0.0038007,0.0067139,2.5021,4.975,0.00030518
0.019989,-0.10773,-0.0047509,0.0038147,2.5018,4.9747,0.00030518
0.039673,-0.12177,-0.0042758,0.0054932,2.5015,4.9756,-0.00030518
0.009613,-0.094452,-0.0038007,0.0054932,2.5015,4.9747,0
-0.011292,-0.050812,-0.0042758,0.00015259,2.5015,4.9753,-0.00061035
-0.005188,-0.018768,-0.0042758,-0.009613,2.5015,4.9753,0.00061035
-0.0047302,-0.004425,-0.0042758,-0.0097656,2.5018,4.9744,0.00061035
-0.0032043,0.0035095,-0.0047509,-0.0028992,2.5015,4.975,0.00030518
-0.0099182,0.0091553,-0.0047509,-0.0036621,2.5024,4.9765,-0.00030518
-0.010376,0.0088501,-0.0042758,-0.0097656,2.5018,4.9759,0.00030518
-0.0035095,0.0085449,-0.0047509,-0.013428,2.5024,4.9768,0
0.00015259,0.010071,-0.0042758,-0.010529,2.5003,4.9765,0.00030518
0.0015259,0.016174,-0.0042758,-0.0016785,2.5009,4.978,0.00030518
0.00045776,0.036621,-0.0042758,0.0085449,2.5012,4.9783,0
-0.0048828,0.056152,-0.0042758,0.016174,2.5009,4.9786,-0.00061035
-0.011444,0.049438,-0.0038007,0.0177,2.5006,4.9786,0.00030518
-0.017548,0.017853,-0.0042758,0.013123,2.5015,4.9796,0
-0.0053406,-0.027771,-0.0038007,0.0073242,2.5,4.9796,-0.00030518
-0.0012207,-0.071869,-0.005701,0.0032043,2.5012,4.9792,-0.00061035
-0.0027466,-0.083771,-0.0038007,0.0041199,2.5006,4.9792,0.00030518
-0.0016785,-0.052795,-0.0042758,0.0073242,2.5009,4.9792,-0.00030518
0.002594,-0.011597,-0.0038007,0.009613,2.5009,4.9789,0
0.0021362,0.0032043,-0.0042758,0.017242,2.5003,4.9783,0.00091553
-0.0022888,-0.011292,-0.0042758,0.02533,2.5018,4.978,0.00030518
-0.0041199,-0.031128,-0.0038007,0.023041,2.5012,4.9774,0
-0.0056458,-0.049133,-0.0047509,0.014648,2.5012,4.9765,0
-0.009613,-0.063477,-0.005701,0.0048828,2.5012,4.9762,0
0.00091553,-0.056,-0.0047509,-0.0030518,2.5021,4.9765,0.00030518
0.010681,-0.026245,-0.0047509,-0.0064087,2.5015,4.9771,0.00030518
0.011902,-0.00076294,-0.005226,0,2.5021,4.9765,-0.00061035
0.0074768,0.016022,-0.0047509,0.0097656,2.5009,4.9765,0
0.0056458,0.032196,-0.0042758,0.0083923,2.5009,4.978,0
0.0042725,0.044098,-0.0047509,0.0048828,2.5012,4.9765,-0.00061035
0.0022888,0.048065,-0.0042758,0.007019,2.5018,4.9774,0.00030518
0.0038147,0.042877,-0.0042758,0.007782,2.5015,4.9774,-0.00030518
0.0038147,0.032196,-0.0042758,0.00076294,2.5027,4.978,0.00030518
0.00076294,0.023804,-0.0042758,-0.002594,2.5,4.9777,0
0.0083923,0.021973,-0.0047509,0.0041199,2.5009,4.9771,0.00030518
0.0045776,0.026245,-0.0042758,0.010223,2.5018,4.9783,0.00061035
-0.004425,0.039063,-0.0033257,0.019531,2.5015,4.978,0.00061035
-0.010986,0.062256,-0.0038007,0.027466,2.5018,4.9786,0.00030518
-0.010834,0.079956,-0.0047509,0.028381,2.5018,4.9783,0.00030518
-0.0086975,0.079498,-0.0047509,0.023346,2.5015,4.9786,0.00061035
-0.0090027,0.054626,-0.0042758,0.017395,2.5012,4.9789,0.00030518
-0.007019,0.011444,-0.0038007,0.014954,2.5003,4.9796,0
-0.0054932,-0.022736,-0.0042758,0.016479,2.5009,4.9799,0
-0.012512,-0.038147,-0.0042758,0.019684,2.5015,4.9783,0
-0.0083923,-0.047455,-0.0047509,0.018616,2.5009,4.9789,0.00030518
-0.01297,-0.053253,-0.0042758,0.01236,2.5003,4.9802,0
-0.013123,-0.046387,-0.0042758,0.0015259,2.5012,4.9796,0
-0.0027466,-0.028229,-0.0042758,-0.0064087,2.5012,4.9789,0
0.0057983,-0.0062561,-0.0042758,-0.0045776,2.5015,4.9789,-0.00030518
0.0056458,0.0056458,-0.0038007,0.004425,2.5027,4.9792,0
0.0019836,-0.00030518,-0.0042758,0.0065613,2.5012,4.9792,-0.00030518
0.0019836,-0.014648,-0.0042758,0.00045776,2.5021,4.9783,-0.00091553
0.0076294,-0.022888,-0.005226,-0.0036621,2.5012,4.9786,-0.00061035
0.0057983,-0.014038,-0.0042758,-0.005188,2.5027,4.9792,0.00061035
0.0067139,0.010223,-0.0047509,-0.0048828,2.5012,4.9792,0.00030518
-0.009613,0.026398,-0.0047509,-0.00061035,2.5012,4.9792,0
-0.023804,0.018463,-0.0038007,0.0094604,2.5006,4.9796,0.00061035
-0.018158,-0.005188,-0.0042758,0.015411,2.5027,4.9792,0.00030518
-0.010529,-0.029907,-0.0047509,0.01358,2.5012,4.9792,0
-0.0071716,-0.041656,-0.0042758,0.011139,2.5015,4.9789,0
-0.0071716,-0.037842,-0.0047509,0.0059509,2.5006,4.9796,0.00030518
-0.0086975,-0.021057,-0.005701,-0.002594,2.5012,4.9792,-0.00030518
-0.010376,-0.0090027,-0.0042758,-0.0090027,2.5018,4.9789,0.00030518
-0.014038,-0.0038147,-0.0038007,-0.0082397,2.5018,4.978,0
-0.0047302,0.0065613,-0.0033257,-0.0019836,2.5009,4.9783,0.00030518
-0.0067139,0.023041,-0.0047509,0.0053406,2.5018,4.9796,0.00030518
-0.015411,0.041046,-0.0047509,0.0080872,2.5006,4.9792,0.00061035
-0.010223,0.041351,-0.0047509,0.0057983,2.5027,4.9783,-0.00030518
-0.0059509,0.011444,-0.0042758,0.0036621,2.5009,4.9792,0
-0.014191,-0.037231,-0.0042758,0.0048828,2.5018,4.9783,-0.00061035
-0.022583,-0.075073,-0.0042758,0.0022888,2.5015,4.9802,0.00030518
-0.020599,-0.079346,-0.0047509,-0.0019836,2.5015,4.9792,0.00061035
-0.0091553,-0.055695,-0.0042758,0.0021362,2.5021,4.9802,0
-0.014954,-0.031128,-0.0047509,0.01236,2.5012,4.9796,-0.00030518
-0.012054,-0.023804,-0.0042758,0.021362,2.5018,4.9792,0
-0.0082397,-0.026245,-0.0047509,0.021057,2.5012,4.9759,0.00030518
-0.0045776,-0.019226,-0.0042758,0.014343,2.5009,4.9734,0
0.00045776,-0.0016785,-0.0042758,0.0059509,2.5006,4.9707,0.00030518
0.0013733,0.01297,-0.0042758,0.0053406,2.5018,4.9701,0.00030518
-0.0042725,0.024261,-0.0042758,0.010681,2.5003,4.9695,0.00061035
-0.0088501,0.030823,-0.0047509,0.010834,2.5021,4.9707,0.00030518
-0.011139,0.027924,-0.0047509,0.0047302,2.5006,4.9701,-0.00030518
-0.011444,0.02182,-0.0038007,-0.0013733,2.5015,4.971,0.00030518
-0.0062561,0.022888,-0.0042758,-0.0059509,2.5003,4.9707,0.00091553
0.0097656,0.023193,-0.0042758,-0.0079346,2.5012,4.9707,0.00061035
0.016327,0.018616,-0.005226,-0.011749,2.5012,4.9716,-0.00061035
0.009613,0.01297,-0.0042758,-0.015259,2.5018,4.9728,0
0.0054932,0.0086975,-0.0047509,-0.01297,2.5012,4.9734,-0.00061035
0.0028992,0.0036621,-0.0047509,-0.0065613,2.5018,4.9741,0.00061035
0.00030518,-0.0032043,-0.0047509,-0.0045776,2.5015,4.9756,0.00030518
0.0027466,-0.0045776,-0.0038007,-0.0088501,2.5009,4.9771,0.00030518
0.0042725,-0.0010681,-0.0047509,-0.014648,2.5015,4.9777,-0.00030518
-0.00076294,0.00076294,-0.0047509,-0.015259,2.5015,4.9783,0.00061035
-0.005188,-0.0039673,-0.0038007,-0.013885,2.5003,4.9786,-0.00061035
0.00030518,-0.007782,-0.0042758,-0.010986,2.5024,4.9786,0.00030518
0.00015259,-0.007019,-0.0038007,-0.007782,2.5018,4.9792,0.00030518
0.0030518,-0.007019,-0.0042758,-0.0085449,2.5012,4.9783,-0.00061035
0.0018311,-0.0042725,-0.005226,-0.010681,2.5009,4.9796,0
0.0050354,0.0039673,-0.0038007,-0.012665,2.5006,4.9792,0.00030518
0.012512,0.011139,-0.0047509,-0.012512,2.5012,4.9786,0
0.019684,0.013428,-0.0033257,-0.012512,2.5012,4.978,-0.00030518
0.020294,0.01358,-0.005701,-0.0088501,2.5021,4.9783,0.00061035
0.010681,0.013123,-0.0047509,-0.0048828,2.5015,4.9789,0
0.0012207,0.0097656,-0.0042758,-0.004425,2.5018,4.9786,-0.00030518
0.0086975,0.0061035,-0.0047509,-0.0073242,2.5003,4.9792,0.00061035
0.0036621,0.0059509,-0.0047509,-0.0047302,2.5021,4.9789,0.00030518
-0.00045776,0.010529,-0.0042758,0.0056458,2.5021,4.9792,0.00030518
0.0086975,0.015106,-0.0042758,0.010071,2.5015,4.9792,0.00030518
0.016327,0.017242,-0.005226,0.0083923,2.5012,4.9792,0.0015259
0.0085449,0.017548,-0.0047509,0.0076294,2.5006,4.9789,0.00030518
-0.00061035,0.019073,-0.0042758,0.0071716,2.5012,4.9796,0.00030518
0.0033569,0.019684,-0.0033257,0.0027466,2.5021,4.9792,0
0.002594,0.014954,-0.0038007,0.0033569,2.5012,4.9799,-0.00061035
-0.0079346,0.0091553,-0.005226,0.0039673,2.5024,4.9789,0
0.0035095,0.0050354,-0.0047509,0.0042725,2.5006,4.9786,0
-0.00061035,0.0012207,-0.0042758,0.0036621,2.5009,4.9792,0
-0.0050354,-0.0010681,-0.0038007,0.0012207,2.5012,4.9789,0.00030518
-0.0036621,-0.00076294,-0.005226,0.0016785,2.5012,4.9796,-0.00061035
-0.0033569,0.0068665,-0.0038007,0.0033569,2.5012,4.9796,0
-0.0012207,0.018005,-0.0042758,0.0045776,2.5009,4.9786,0
-0.0068665,0.022278,-0.0038007,0.0082397,2.5009,4.9796,0
-0.0033569,0.010834,-0.0042758,0.010376,2.5018,4.9789,-0.00030518
0.011292,-0.0097656,-0.0047509,0.010376,2.5012,4.9799,0.00030518
0.0053406,-0.029907,-0.0033257,0.0073242,2.5018,4.9777,0
-0.00030518,-0.041809,-0.005226,0.007782,2.5012,4.9783,-0.00030518
-0.0010681,-0.042877,-0.0047509,0.0079346,2.5009,4.9789,0.00030518
-0.0050354,-0.033875,-0.0038007,0.01297,2.5003,4.9786,0.00030518
-0.0074768,-0.020142,-0.0042758,0.018158,2.5015,4.9792,0
-0.0080872,0.00076294,-0.0047509,0.016632,2.5003,4.9786,0.00030518
-0.00045776,0.025024,-0.0047509,0.010071,2.5009,4.9796,0.00061035
-0.0041199,0.036469,-0.0038007,0.0057983,2.5018,4.9792,0
0.0073242,0.034332,-0.0047509,0.0042725,2.5006,4.9777,0
0.010529,0.02655,-0.0033257,0.0016785,2.5015,4.9774,-0.00030518
0.013123,0.017395,-0.0047509,0.0030518,2.5012,4.9762,0
0.023956,0.014191,-0.0047509,0.0042725,2.5009,4.9768,-0.00030518
0.013733,0.03006,-0.0047509,0.0059509,2.5009,4.9759,0.00030518
0.00030518,0.053711,-0.0047509,0.0056458,2.5015,4.9765,-0.00030518
-0.0018311,0.062256,-0.0047509,0.00091553,2.5003,4.9765,0
0.0099182,0.053406,-0.0047509,-0.0038147,2.5012,4.9759,0.00030518
0.021515,0.028076,-0.005226,0.0032043,2.5015,4.9759,0
0.019379,-0.01358,-0.0042758,0.0177,2.5003,4.9777,0
0.0071716,-0.04425,-0.0042758,0.020599,2.5015,4.9765,0.00061035
0.0018311,-0.045013,-0.0038007,0.0093079,2.5009,4.9765,-0.00061035
-0.0015259,-0.02655,-0.0047509,0.0048828,2.5006,4.9771,0.00030518
0.0093079,-0.014191,-0.0042758,0.010529,2.5015,4.9774,0
0.011139,-0.0097656,-0.0038007,0.014343,2.5009,4.978,0.00030518
0.0080872,-0.0080872,-0.0028506,0.01358,2.5009,4.978,-0.00030518
-0.0042725,-0.015717,-0.0047509,0.016022,2.5009,4.9783,0.00030518
-0.010986,-0.026093,-0.0038007,0.019531,2.5012,4.9777,0.00030518
-0.0050354,-0.025635,-0.0047509,0.019684,2.5012,4.9792,-0.00091553
0.0068665,-0.012817,-0.0038007,0.019073,2.5006,4.9796,0
0.031281,-0.00015259,-0.0038007,0.017395,2.5024,4.9799,0
0.026093,0.0028992,-0.0042758,0.015564,2.5021,4.9789,0.00030518
0.0048828,-0.0032043,-0.0042758,0.0076294,2.5021,4.9792,0.00030518
0.0013733,-0.009613,-0.0047509,0.0035095,2.5009,4.9789,0.00061035
0.0033569,-0.013428,-0.0047509,0.019531,2.5012,4.9762,0
0.0028992,-0.012054,-0.0038007,0.03479,2.5012,4.9747,0
0.0012207,-0.0056458,-0.005226,0.033264,2.5009,4.9756,0
0.0015259,0.00045776,-0.0042758,0.020905,2.5012,4.975,0.00030518
-0.0036621,0.0024414,-0.005226,0.014343,2.5012,4.9747,-0.00030518
-0.010986,-0.00030518,-0.0047509,0.013733,2.5009,4.9747,0
-0.014343,-0.0038147,-0.0047509,0.01358,2.5012,4.9744,0
-0.03418,-0.0074768,-0.0047509,0.014038,2.5006,4.975,-0.00030518
-0.094757,-0.0061035,-0.0038007,0.014648,2.5015,4.9744,0.00030518
-0.1329,-0.0018311,-0.0042758,0.017853,2.5015,4.9747,-0.00030518
-0.11215,0.0012207,-0.0042758,0.022278,2.5018,4.9762,0
-0.06546,-0.00015259,-0.0042758,0.031738,2.5015,4.9759,0
-0.019531,-0.0050354,-0.0038007,0.037384,2.5012,4.9765,0.00030518
0.012665,-0.0074768,-0.0047509,0.033722,2.5012,4.9762,0.00061035
0.021057,-0.007019,-0.005226,0.030365,2.5012,4.9786,-0.00061035
0.026398,-0.0013733,-0.0047509,0.027771,2.5015,4.9792,0
0.030518,0.0050354,-0.0042758,0.019531,2.5009,4.9789,0
0.034332,0.0086975,-0.0038007,0.0094604,2.5006,4.9789,-0.00061035
0.031891,0.0067139,-0.0047509,0.0054932,2.5012,4.9786,0
0.030212,0.0027466,-0.0042758,0.0041199,2.5012,4.9792,0.00030518
0.020294,0,-0.0047509,0.0021362,2.5015,4.9796,0.00030518
0.011444,-0.0048828,-0.0042758,-0.0022888,2.5015,4.9792,-0.00030518
0.042114,-0.0083923,-0.0042758,-0.009613,2.5009,4.9799,0.00030518
0.098724,-0.0018311,-0.0042758,-0.014191,2.5018,4.9799,-0.0015259
0.11826,0.0059509,-0.0047509,-0.018005,2.5021,4.9786,-0.00061035
0.10681,0.0041199,-0.005701,-0.018616,2.5006,4.9786,0
0.10391,0.0028992,-0.005226,-0.020752,2.5006,4.9792,0.00030518
0.070496,0.0047302,-0.0047509,-0.018311,2.5024,4.9783,-0.00061035
0.0177,0.0073242,-0.005226,-0.014343,2.5015,4.9777,0
0.00030518,0.0097656,-0.0047509,-0.011749,2.5012,4.9789,-0.00030518
-0.0013733,0.0090027,-0.0047509,-0.0086975,2.5006,4.9796,-0.00030518
0.023193,0.0064087,-0.0047509,0.0010681,2.5006,4.9789,0.00030518
0.052338,0.0032043,-0.005226,0.0045776,2.5018,4.9789,-0.00030518
0.036926,0.0033569,-0.0038007,0,2.5009,4.9796,0.00030518
0.0039673,0.0015259,-0.0047509,-0.0027466,2.5012,4.9799,-0.00061035
-0.017395,-0.0012207,-0.0042758,0.0018311,2.5015,4.9783,0.00030518
-0.014648,-0.0047302,-0.0047509,0.0053406,2.5012,4.9796,-0.00030518
-0.010223,-0.0061035,-0.005226,-0.0018311,2.5018,4.9789,0
-0.023804,-0.0057983,-0.0042758,-0.0061035,2.5018,4.9792,0
-0.0097656,-0.0054932,-0.005226,0.0010681,2.5021,4.9789,0.00061035
0.0027466,-0.0054932,-0.005226,0.0099182,2.5012,4.9799,0
-0.010681,-0.0036621,-0.0042758,0.011597,2.5018,4.9792,-0.00030518
-0.0041199,-0.0015259,-0.0042758,0.011749,2.5012,4.9792,-0.00061035
0.028687,-0.0041199,-0.0047509,0.011292,2.5015,4.9789,-0.00091553
-0.0028992,-0.0068665,-0.0047509,0.0093079,2.5,4.978,0
-0.025635,-0.0068665,-0.005226,0.0054932,2.5018,4.9771,0.00030518
-0.0047302,-0.0059509,-0.0047509,-0.00076294,2.5015,4.9777,0.00030518
0.00045776,-0.0057983,-0.0042758,-0.0047302,2.5006,4.9771,0
0.0035095,-0.0045776,-0.0042758,-0.0018311,2.5012,4.9762,0.00030518
0.0074768,-0.0021362,-0.0047509,0.004425,2.5012,4.9765,0.00030518
-0.016632,-0.00091553,-0.0042758,0.012512,2.5006,4.9765,-0.00061035
-0.033264,0.0028992,-0.005701,0.020447,2.5018,4.9768,-0.00061035
-0.041809,0.0067139,-0.0042758,0.023956,2.5012,4.9768,0
-0.039063,0.0053406,-0.0033257,0.019379,2.5015,4.9756,0.00030518
-0.035248,0.0016785,-0.0042758,0.011292,2.5021,4.9771,-0.00030518
-0.032349,-0.0021362,-0.0038007,0.0073242,2.5009,4.9768,-0.00030518
-0.029297,-0.0094604,-0.0042758,0.010071,2.5015,4.9777,-0.00061035
-0.018005,-0.0085449,-0.0047509,0.0057983,2.5012,4.9771,0.00030518
-0.011292,0.0032043,-0.005701,-0.0016785,2.5018,4.9774,-0.00030518
-0.0022888,0.015869,-0.0042758,-0.0053406,2.5006,4.9786,0
0.0042725,0.016632,-0.0047509,-0.00045776,2.5018,4.9777,0.00030518
-0.0068665,0.0065613,-0.0038007,0.0057983,2.5006,4.978,0.00061035
-0.020142,-0.0042725,-0.0047509,0.0048828,2.5015,4.978,0.00030518
-0.020294,-0.011139,-0.005226,0.002594,2.5012,4.9786,0.00030518
-0.018616,-0.015869,-0.0033257,0.00061035,2.5021,4.9796,0
-0.028839,-0.015106,-0.0042758,0.0012207,2.5018,4.9796,0.00061035
-0.025787,-0.0088501,-0.0042758,0.0018311,2.5021,4.9786,0.00030518
-0.019379,-0.0042725,-0.0033257,0.0010681,2.5009,4.9796,0.00030518
-0.027771,-0.0053406,-0.0047509,-0.0042725,2.5021,4.9777,0.00061035
-0.016022,-0.0093079,-0.0047509,-0.0030518,2.5,4.9786,0.00061035
-0.011444,-0.012207,-0.0047509,0.0012207,2.5,4.9786,0.00030518
-0.0076294,-0.011749,-0.0047509,0.00091553,2.5012,4.9789,-0.00030518
-0.018616,-0.0093079,-0.0038007,-0.004425,2.5018,4.9789,0.00030518
-0.084686,-0.0071716,-0.0047509,-0.0076294,2.5018,4.9799,0
-0.054169,-0.0024414,-0.0038007,-0.010071,2.5021,4.9789,0
-0.0083923,0.0030518,-0.0047509,-0.012207,2.5009,4.9792,-0.00030518
0.010376,0.007019,-0.0042758,-0.014954,2.5003,4.9796,-0.00061035
0.017548,0.0088501,-0.0042758,-0.019531,2.5021,4.9789,0
0.019226,0.0071716,-0.005226,-0.019684,2.5003,4.9796,0
0.033722,0.0012207,-0.0047509,-0.015106,2.5021,4.9789,-0.00030518
0.045166,-0.0032043,-0.0047509,-0.011292,2.5018,4.9762,0.00030518
0.032501,-0.0038147,-0.005226,-0.0061035,2.5018,4.9744,0.00030518
-0.02182,-0.0012207,-0.0047509,0.0018311,2.5015,4.9744,0
-0.036469,0,-0.0042758,0.010376,2.5018,4.9747,0.00030518
-0.014343,0.0016785,-0.0047509,0.014648,2.5018,4.975,0.00061035
-0.020142,0.0068665,-0.0047509,0.01297,2.5021,4.9753,-0.00030518
-0.018616,0.010681,-0.0042758,0.011139,2.5003,4.9744,0.00030518
-0.012665,0.01358,-0.0047509,0.0065613,2.5015,4.9756,0.00061035
-0.045166,0.01358,-0.0047509,0.0027466,2.5006,4.9741,-0.00061035
-0.076752,0.0097656,-0.0042758,0,2.5012,4.9744,-0.00030518
-0.028076,0.0062561,-0.0042758,-0.0028992,2.5018,4.9756,0.00061035
0.045624,0.0033569,-0.0042758,-0.0019836,2.5021,4.9762,0.00061035
0.099182,0.0030518,-0.0047509,-0.0047302,2.5015,4.9759,0
0.06134,0.0015259,-0.0042758,-0.0054932,2.5021,4.9762,0
0.052338,0.0010681,-0.0042758,-0.00045776,2.5012,4.9777,0
0.039825,0.0039673,-0.0047509,0.0047302,2.5024,4.9777,0.00061035
0.020599,0.0059509,-0.0038007,0.0080872,2.5015,4.9783,0
0.0041199,0.0065613,-0.0038007,0.009613,2.5021,4.9783,-0.00030518
0.0010681,0.0054932,-0.0042758,0.013275,2.5015,4.9792,0.00030518
0.020905,0.0032043,-0.0042758,0.016327,2.5006,4.9786,0.00030518
0.015717,0.0021362,-0.0038007,0.013123,2.5012,4.9792,0
0.016937,0.0036621,-0.0042758,0.0091553,2.5015,4.9783,0.00030518
0.021973,0.0047302,-0.005226,0.0097656,2.5012,4.9777,-0.00030518
0.015717,0.0032043,-0.0047509,0.013733,2.5003,4.9777,0
0.015564,0.0028992,-0.0042758,0.01297,2.5015,4.9783,0.00030518
0.012207,0.0019836,-0.0042758,0.0045776,2.5009,4.9765,0.00030518
0.0013733,-0.0010681,-0.0038007,-0.004425,2.5012,4.9765,0.00030518
-0.010529,-0.0028992,-0.0038007,-0.0012207,2.5003,4.9765,0.00030518
-0.03006,-0.00076294,-0.0028506,0.0062561,2.5024,4.9768,-0.00030518
-0.018158,0,-0.0042758,0.004425,2.5015,4.9768,0
0.0082397,0.00076294,-0.0047509,-0.0012207,2.5018,4.9768,0
0.018616,0.0038147,-0.005226,-0.00091553,2.5009,4.9765,0.00061035
0.013275,0.0057983,-0.0028506,0.0032043,2.5015,4.9771,0
0.0080872,0.007782,-0.0047509,0.0086975,2.5003,4.9774,0.00030518
0.0022888,0.0076294,-0.0038007,0.010071,2.5021,4.9777,0
-0.002594,0.010529,-0.0042758,0.012207,2.5003,4.9765,-0.00030518
-0.01358,0.015411,-0.0042758,0.019836,2.5015,4.9777,-0.00030518
-0.034027,0.019073,-0.0042758,0.031891,2.5021,4.9777,-0.00030518
-0.037842,0.019684,-0.0047509,0.035095,2.5012,4.978,0.00030518
-0.021973,0.015717,-0.0038007,0.030518,2.5015,4.9774,-0.00030518
-0.021362,0.0061035,-0.0047509,0.026245,2.5009,4.9792,-0.00030518
-0.037079,-0.0021362,-0.0042758,0.025787,2.5015,4.9786,0
-0.039978,-0.0082397,-0.0047509,0.024109,2.5024,4.9792,0.00030518
-0.031586,-0.012207,-0.0047509,0.017853,2.5009,4.9789,0
-0.03006,-0.015259,-0.0047509,0.0088501,2.5006,4.9796,-0.00030518
-0.026703,-0.014038,-0.0047509,0.0059509,2.5021,4.9786,0
-0.029144,-0.0056458,-0.0038007,0.009613,2.5012,4.9792,0
-0.031128,0.0010681,-0.0042758,0.011902,2.5009,4.9796,-0.00030518
-0.034943,0.0015259,-0.0042758,0.007019,2.5012,4.9786,-0.00030518
-0.010986,-0.0010681,-0.0042758,0.0039673,2.5006,4.9792,-0.00030518
0.0062561,-0.0048828,-0.0047509,0.0050354,2.5012,4.9789,0.00030518
-0.0013733,-0.01297,-0.0042758,0.0047302,2.5021,4.9789,0.00061035
-0.016937,-0.019684,-0.0047509,0.0062561,2.5009,4.9786,0
-0.011597,-0.016785,-0.0047509,0.0083923,2.5012,4.9796,0
0.0016785,-0.0086975,-0.0047509,0.0099182,2.5018,4.9792,0
0.0039673,-0.0021362,-0.0042758,0.0065613,2.5021,4.978,0
-0.010071,0.0019836,-0.0038007,0.005188,2.5009,4.9786,0
-0.021973,0.0061035,-0.0042758,0.0057983,2.5009,4.9796,0
-0.02533,0.0083923,-0.0033257,0.007019,2.5009,4.9792,0.00030518
-0.030518,0.0067139,-0.0038007,0.010529,2.5021,4.9786,0.00061035
-0.037994,0.0062561,-0.0042758,0.013428,2.5015,4.9792,0.00061035
-0.012054,0.0064087,-0.0038007,0.015717,2.5012,4.9796,0.00030518
-0.00030518,0.0056458,-0.0047509,0.015717,2.5021,4.9789,0
0.014191,0.0045776,-0.0047509,0.011292,2.5006,4.9786,0.00030518
-0.0068665,0.0030518,-0.0042758,0.0086975,2.5009,4.9796,0.00061035
-0.025787,0.0021362,-0.0042758,0.0093079,2.5006,4.9792,0.00030518
-0.0047302,0.0030518,-0.0028506,0.01297,2.5024,4.9796,0.00091553
0.0028992,0.00030518,-0.0047509,0.015869,2.5018,4.9792,0
-0.0073242,-0.0045776,-0.0047509,0.0097656,2.5012,4.9774,0.00061035
-0.0061035,-0.007019,-0.0042758,0.0045776,2.5018,4.9783,-0.00061035
-0.0048828,-0.0035095,-0.0047509,0.0039673,2.5015,4.9783,0
0,0.0028992,-0.0038007,0.0045776,2.5012,4.9792,0.00030518
0.00030518,0.007019,-0.0042758,0.0024414,2.5018,4.9796,0.00030518
-0.018463,0.0074768,-0.0047509,-0.0061035,2.5015,4.9789,-0.0015259
-0.019684,0.007019,-0.0033257,-0.0097656,2.5015,4.9792,0.00030518
0.009613,0.0056458,-0.005226,-0.0048828,2.5012,4.9796,-0.00030518
0.0079346,0.0068665,-0.0038007,0.00091553,2.5015,4.9796,0
-0.0068665,0.0086975,-0.005226,0.0035095,2.5009,4.9792,-0.00030518
-0.014191,0.0080872,-0.0042758,0.002594,2.5018,4.9783,0.00061035
0.0083923,0.0047302,-0.0038007,0.0027466,2.5012,4.9777,0.00061035
0.0094604,0.0032043,-0.0047509,0.0073242,2.5012,4.9728,-0.00061035
0.0010681,0.0041199,-0.0033257,0.0088501,2.5021,4.9707,0.00030518
-0.0041199,0.0041199,-0.005226,0.010376,2.5012,4.9698,-0.00061035
-0.0021362,0.005188,-0.0042758,0.0097656,2.5021,4.9692,0.00030518
-0.0036621,0.0050354,-0.005226,0.0090027,2.5009,4.9701,-0.00061035
-0.0033569,0.0045776,-0.005226,0.0054932,2.5015,4.9698,-0.00030518
0.0045776,0.005188,-0.005226,-0.00076294,2.5021,4.9704,-0.00061035
0.02655,0.0041199,-0.0042758,-0.0053406,2.5021,4.9707,0.00061035
0.067596,0.0013733,-0.0033257,-0.010986,2.5012,4.9713,0.00061035
0.086212,-0.0013733,-0.0038007,-0.011292,2.5009,4.9725,0.00061035
0.072632,-0.00045776,-0.0038007,-0.010986,2.5015,4.9725,0
0.027618,0.0012207,-0.0042758,-0.013733,2.5006,4.9738,0
-0.0032043,0.00076294,-0.0042758,-0.01236,2.5012,4.9738,0
-0.0024414,0.00091553,-0.005226,-0.0056458,2.5009,4.9734,0
-0.0022888,0.0024414,-0.0047509,-0.00061035,2.5009,4.9768,0
-0.021362,0.0024414,-0.0047509,-0.00030518,2.5012,4.9777,-0.00030518
-0.030365,0.0022888,-0.005226,-0.0024414,2.5009,4.9783,0
-0.030823,0.00076294,-0.0047509,-0.0038147,2.5015,4.9768,-0.00030518
-0.041046,0,-0.0033257,-0.0041199,2.5018,4.978,0
-0.013733,-0.0015259,-0.005226,-0.007019,2.5018,4.9792,0.00030518
0.014801,-0.0015259,-0.0047509,-0.010681,2.5018,4.9789,-0.00030518
0.0097656,-0.00091553,-0.0038007,-0.010071,2.5021,4.9786,-0.00030518
-0.0027466,-0.00076294,-0.0042758,-0.0056458,2.5012,4.9783,0
-0.0045776,-0.0018311,-0.0038007,-0.0030518,2.5018,4.9789,0.00030518
-0.011749,-0.0015259,-0.0047509,0.00045776,2.5012,4.9799,0.00030518
-0.028687,-0.00091553,-0.0042758,0.0065613,2.5021,4.9786,0
-0.046082,0.0027466,-0.0042758,0.016785,2.5018,4.9792,-0.00061035
-0.065765,0.0056458,-0.0033257,0.020905,2.5009,4.9796,-0.00091553
-0.078125,0.0030518,-0.0028506,0.016479,2.5015,4.9786,0
-0.053558,0.0015259,-0.0047509,0.014038,2.5015,4.9789,0.00061035
-0.020294,0.0012207,-0.0042758,0.015564,2.5006,4.9786,-0.00030518
0.00030518,0.00045776,-0.0042758,0.018616,2.5021,4.9792,-0.00061035
0.00091553,-0.0013733,-0.0042758,0.021667,2.5006,4.9796,0.00030518
-0.016174,-0.0030518,-0.0047509,0.021667,2.5018,4.9789,-0.00030518
-0.035858,-0.0030518,-0.005226,0.021973,2.5018,4.9789,-0.00030518
-0.042419,-0.0019836,-0.0038007,0.022125,2.5012,4.9789,0.00030518
-0.028229,-0.00091553,-0.005226,0.02533,2.5024,4.9786,0.00030518
-0.0080872,-0.00091553,-0.0042758,0.027313,2.5015,4.9789,0
0.005188,-0.0021362,-0.0042758,0.02594,2.5024,4.9792,0.00030518
0.03479,-0.0015259,-0.0042758,0.028381,2.5009,4.9789,0.00030518
0.061493,-0.0019836,-0.0042758,0.032349,2.5003,4.9789,-0.00030518
0.028534,-0.0018311,-0.0042758,0.035095,2.5009,4.9789,0
-0.02182,0.00015259,-0.0033257,0.037842,2.5018,4.9789,0.00030518
-0.029449,0.0015259,-0.0047509,0.03952,2.5012,4.9789,0
-0.016327,0.0039673,-0.0042758,0.0354,2.5021,4.9792,0
-0.0080872,0.0036621,-0.005226,0.024261,2.5012,4.9789,0.00030518
-0.0030518,0.0022888,-0.0047509,0.014038,2.5012,4.9796,0
0.00015259,0.0016785,-0.0047509,0.012054,2.5015,4.9796,-0.00030518
-0.0030518,0.00061035,-0.0042758,0.013123,2.5009,4.9774,0.00061035
0.00015259,-0.00030518,-0.0038007,0.011444,2.5018,4.9792,0.00091553
0.00091553,-0.0016785,-0.0047509,0.0091553,2.5018,4.9786,-0.00061035
0.0050354,-0.0041199,-0.0033257,0.010071,2.5006,4.9786,0
0.0045776,-0.0041199,-0.0042758,0.0097656,2.5018,4.9786,-0.00030518
0.0059509,-0.0013733,-0.0047509,0.011444,2.5009,4.9796,-0.00030518
0.0041199,0.00030518,-0.0042758,0.014343,2.5006,4.9786,0
-0.0057983,0.0018311,-0.0047509,0.010986,2.5003,4.9786,0
-0.0022888,0.0036621,-0.0047509,0.007782,2.5006,4.9789,0
0.025787,0.0042725,-0.0042758,0.0057983,2.5009,4.9789,0.00030518
0.076599,0.0030518,-0.0042758,0.005188,2.5018,4.978,0
0.086975,0.0032043,-0.0042758,0.0086975,2.5015,4.9783,0
-0.016632,0.0041199,-0.0047509,0.015411,2.5009,4.9771,0.00030518
-0.024719,0.0019836,-0.0033257,0.014648,2.5021,4.9768,0.00030518
-0.007019,0,-0.005226,0.01297,2.5009,4.9765,0
-0.00091553,-0.0016785,-0.0042758,0.01297,2.5021,4.9774,-0.00030518
0.0019836,-0.0016785,-0.0042758,0.010376,2.5027,4.9765,0.00030518
-0.010223,-0.00091553,-0.005226,0.0083923,2.5012,4.9765,0.00030518
-0.010834,-0.0028992,-0.0047509,0.012817,2.5009,4.9768,-0.00030518
-0.015869,-0.0047302,-0.0042758,0.017853,2.5012,4.9774,-0.00030518
-0.018768,-0.0032043,-0.0047509,0.012817,2.5015,4.9768,0.00030518
0.0028992,0.0019836,-0.0042758,0.0013733,2.5009,4.9771,0
0.011444,0.0057983,-0.0042758,-0.0079346,2.5015,4.9774,0.00061035
0.0065613,0.0068665,-0.005226,-0.0088501,2.5009,4.9774,-0.00030518
0.0045776,0.0068665,-0.0047509,-0.0080872,2.5015,4.978,0.00061035
0.018768,0.0090027,-0.0047509,-0.0061035,2.5006,4.9777,-0.00091553
0.024414,0.010834,-0.0047509,-0.0048828,2.5003,4.9783,-0.00091553
0.019836,0.0091553,-0.0047509,-0.0094604,2.5012,4.9777,0
0.020447,0.007019,-0.0038007,-0.015564,2.5009,4.9786,0
0.017853,0.0061035,-0.0047509,-0.011597,2.5021,4.9789,-0.00091553
0.0074768,0.0024414,-0.0047509,-0.0012207,2.5003,4.9786,0.00030518
0.014801,0.00015259,-0.0042758,0.002594,2.5012,4.9789,0.00091553
0.014038,-0.0016785,-0.0042758,-0.00015259,2.5012,4.9759,0
0.011139,-0.0036621,-0.0042758,-0.0064087,2.5006,4.9759,0.00030518
0.015564,-0.0019836,-0.005226,-0.0053406,2.5015,4.9741,0.00091553
0.012817,0.00061035,-0.005226,-0.00045776,2.5012,4.975,0
0.002594,0.00061035,-0.0042758,0.0032043,2.5012,4.9741,0
-0.0028992,0.00091553,-0.005226,0.0068665,2.5009,4.975,0.00030518
-0.0039673,0.00045776,-0.0047509,0.012207,2.5003,4.9753,-0.00030518
-0.0050354,-0.0013733,-0.0042758,0.0068665,2.4997,4.9756,-0.00061035
-0.014191,-0.0015259,-0.0038007,-0.0059509,2.5015,4.9744,0
-0.016785,-0.0010681,-0.0038007,-0.0097656,2.5018,4.9756,-0.00030518
-0.013428,0.00015259,-0.0042758,-0.0039673,2.5003,4.9762,0.00030518
-0.00061035,0.0012207,-0.0042758,-0.00076294,2.5006,4.9765,0
0.016327,0.00045776,-0.0047509,-0.0033569,2.5006,4.9768,-0.00061035
0.023193,-0.0024414,-0.005226,-0.0039673,2.5015,4.9759,0.00030518
0.01297,-0.0036621,-0.0042758,0.00015259,2.5015,4.9786,0.00061035
-0.0021362,-0.0024414,-0.005226,0.0018311,2.5012,4.9789,-0.00061035
-0.0045776,-0.0010681,-0.005226,-0.0018311,2.5018,4.9789,-0.00061035
-0.0047302,-0.0018311,-0.0042758,-0.0061035,2.4997,4.9792,0.00030518
-0.016479,-0.0028992,-0.0042758,-0.0036621,2.5009,4.9786,-0.00030518
-0.011902,-0.0019836,-0.0042758,-0.0027466,2.5009,4.9789,0.00061035
-0.011292,-0.00091553,-0.0038007,-0.0027466,2.5009,4.9789,0.00030518
-0.0097656,-0.0018311,-0.0033257,-0.0016785,2.5009,4.9789,0
-0.0065613,-0.005188,-0.0028506,-0.0024414,2.5021,4.9783,-0.00030518
-0.0019836,-0.0071716,-0.0042758,-0.0036621,2.5003,4.9796,0.00030518
0.0013733,-0.007782,-0.0042758,-0.002594,2.5015,4.978,0.00030518
0.0093079,-0.0080872,-0.0033257,-0.0065613,2.5003,4.9796,0.00030518
0.023193,-0.0080872,-0.0042758,-0.016479,2.5012,4.9792,-0.00030518
0.026093,-0.0080872,-0.0047509,-0.019531,2.5009,4.9796,0.00030518
0.013733,-0.0067139,-0.0033257,-0.012512,2.5021,4.9783,0.00061035
0.010834,-0.007019,-0.0047509,-0.0068665,2.5006,4.9792,-0.00061035
0.0057983,-0.0064087,-0.0047509,-0.0033569,2.5018,4.9789,-0.00030518
-0.0010681,-0.0048828,-0.0047509,-0.0067139,2.5006,4.9789,-0.00091553
-0.009613,-0.0022888,-0.0033257,-0.010681,2.5018,4.9796,-0.00030518
-0.016937,-0.00091553,-0.0042758,-0.009613,2.5018,4.9792,0.00030518
-0.02121,-0.0033569,-0.0042758,-0.00091553,2.5009,4.9783,-0.00030518
-0.014038,-0.0047302,-0.0042758,0.0059509,2.5021,4.9771,0.00061035
-0.00076294,-0.0032043,-0.0042758,0.00015259,2.5006,4.9774,-0.00030518
0.011139,-0.0024414,-0.0038007,-0.0065613,2.5018,4.9777,0.00030518
0.013885,-0.0016785,-0.0042758,-0.0082397,2.5012,4.9771,0.00030518
0.025482,-0.0021362,-0.0042758,-0.007782,2.5003,4.9762,-0.00030518
0.037079,-0.0016785,-0.005226,-0.0061035,2.5009,4.9777,0
0.037231,-0.0019836,-0.005226,-0.0042725,2.5018,4.9771,-0.00030518
0.025024,-0.0015259,-0.0047509,-0.0048828,2.5015,4.9771,0
0.015259,-0.00076294,-0.0042758,-0.004425,2.5021,4.9765,0.00030518
0.017242,-0.00076294,-0.0038007,-0.00045776,2.5018,4.9777,0.00061035
0.019989,-0.0015259,-0.0038007,0.0035095,2.5015,4.9768,0.00061035
0.02182,-0.002594,-0.0038007,0.005188,2.5015,4.978,0.00061035
0.015869,-0.0041199,-0.0038007,0.0013733,2.5021,4.978,0
0.0048828,-0.0053406,-0.0028506,-0.00045776,2.5012,4.9774,0.00030518
0.015869,-0.0033569,-0.0038007,0.0067139,2.5015,4.9777,0
0.015106,-0.0022888,-0.0047509,0.017395,2.5006,4.9786,0
-0.0010681,-0.0018311,-0.0047509,0.02533,2.5009,4.9771,-0.00030518
-0.0073242,-0.0021362,-0.0042758,0.027161,2.5015,4.9783,-0.00061035
0.0033569,-0.00030518,-0.0038007,0.02243,2.5018,4.9783,-0.00030518
0.007019,0.0012207,-0.0042758,0.021667,2.5012,4.9792,0
0.0021362,0.00045776,-0.005226,0.022125,2.5006,4.9789,0.00030518
-0.010071,-0.00045776,-0.0028506,0.018463,2.5009,4.9783,0.00061035
-0.014191,-0.00076294,-0.0033257,0.013428,2.5024,4.9789,-0.00030518
-0.010223,-0.00061035,-0.0047509,0.010071,2.5015,4.9792,0.00030518
0.0038147,-0.00076294,-0.0038007,0.0076294,2.5015,4.9792,-0.00061035
0.0018311,-0.0016785,-0.0028506,0.0059509,2.5009,4.9792,0.00030518
-0.014801,-0.0018311,-0.0038007,0.0079346,2.5009,4.9789,-0.00030518
-0.027161,-0.00091553,-0.0047509,0.011139,2.5012,4.9796,0
-0.02121,-0.0015259,-0.0033257,0.015259,2.5003,4.9792,-0.00030518
-0.0091553,-0.002594,-0.0047509,0.019073,2.5006,4.9789,0
-0.0080872,-0.00061035,-0.0038007,0.019989,2.5009,4.9789,0.00061035
-0.010681,-0.00091553,-0.0047509,0.02182,2.5012,4.9799,0.00030518
-0.015106,-0.0012207,-0.0038007,0.026398,2.5012,4.9789,-0.00030518
-0.021515,0.00030518,-0.0042758,0.028992,2.5009,4.9777,0.00030518
-0.010529,0.0013733,-0.0042758,0.024414,2.5018,4.9789,0.00030518
-0.0016785,-0.00030518,-0.0033257,0.02243,2.5024,4.9789,0.00030518
0.0015259,-0.0022888,-0.0033257,0.020905,2.5009,4.9805,0
0.031891,-0.0028992,-0.0047509,0.0177,2.5018,4.9792,0.00030518
0.042419,-0.0016785,-0.0042758,0.013123,2.5009,4.9783,0.00030518
0.0076294,-0.0018311,-0.0047509,0.0068665,2.5012,4.9792,0.00030518
-0.018158,-0.002594,-0.0042758,-0.0024414,2.5012,4.9789,0.00030518
-0.018921,-0.0021362,-0.0047509,-0.0045776,2.5009,4.9792,0
-0.02243,0.00015259,-0.0042758,-0.00045776,2.5015,4.9789,0
-0.029449,0.0015259,-0.0047509,0.0030518,2.5015,4.9796,-0.00061035
-0.0074768,0.0018311,-0.0047509,0.0065613,2.5009,4.9799,0.00030518
0.028687,0.0028992,-0.0042758,0.0090027,2.5006,4.9759,0.00030518
0.037231,0.0041199,-0.0042758,0.0038147,2.5006,4.9747,-0.00030518
0.0062561,0.0053406,-0.0042758,-0.004425,2.5006,4.9753,0.00030518
-0.0088501,0.0074768,-0.0042758,-0.0079346,2.5018,4.9738,0
-0.002594,0.007782,-0.005226,-0.0048828,2.5015,4.9734,0.00030518
0.0090027,0.0057983,-0.0042758,-0.0035095,2.5015,4.975,0.00030518
0.022125,0.0045776,-0.0042758,-0.010834,2.5009,4.975,-0.00030518
0.036163,0.0050354,-0.0042758,-0.02243,2.5024,4.9744,-0.00061035
0.022888,0.0048828,-0.0047509,-0.029297,2.5009,4.9738,-0.00030518
0.016632,0.0035095,-0.0042758,-0.027618,2.5009,4.9756,0.00030518
0.018616,0.0024414,-0.0047509,-0.016785,2.5018,4.9747,0
0.0088501,0.0027466,-0.0047509,-0.0061035,2.5015,4.9738,0
-0.0097656,0.0013733,-0.005226,0.0041199,2.5006,4.9728,0.00061035
-0.014038,-0.0012207,-0.0042758,0.0082397,2.5009,4.9713,0.00061035
-0.014191,-0.00030518,-0.0042758,0.0073242,2.5009,4.9744,0
-0.017853,0.0010681,-0.0047509,0.0062561,2.5021,4.9759,0
-0.020752,-0.00076294,-0.0042758,0.010681,2.5009,4.9759,0.00030518
-0.024414,-0.00030518,-0.0028506,0.018921,2.5018,4.9759,0
-0.036011,0.0010681,-0.0038007,0.018158,2.5009,4.9765,0.00030518
-0.027313,0.0027466,-0.005226,0.0085449,2.5012,4.9771,0
-0.018768,0.0039673,-0.0042758,0.00045776,2.5012,4.9771,0
-0.018463,0.0030518,-0.0047509,-0.0032043,2.5012,4.9771,0.00030518
-0.019989,0.0030518,-0.0042758,0,2.5006,4.9774,0.00030518
-0.014343,0.0015259,-0.0042758,0.0028992,2.5015,4.9774,0
-0.004425,0.0018311,-0.0047509,0.0024414,2.5018,4.9774,0
-0.0090027,0.0022888,-0.0042758,0.002594,2.5012,4.9777,0
-0.016479,0.0022888,-0.0042758,0.0041199,2.5012,4.9786,0.00030518
-0.019379,0.0019836,-0.0047509,0.0094604,2.5009,4.9774,-0.00061035
-0.018158,0.0016785,-0.0042758,0.012207,2.5015,4.9777,0.00030518
0.0035095,0.0013733,-0.0047509,0.0079346,2.5009,4.9783,0.00030518
0.0010681,0.0027466,-0.0042758,0.004425,2.5012,4.978,0.00061035
-0.019073,0.0048828,-0.0047509,0.005188,2.5018,4.9774,-0.00030518
-0.0085449,0.0062561,-0.0047509,0.002594,2.5021,4.9786,0.00030518
0.013428,0.0033569,-0.0047509,0.00061035,2.5006,4.9783,0.00061035
0.017853,0.00015259,-0.0042758,0.00015259,2.5024,4.9786,0
0.013123,0.0028992,-0.0047509,0.0030518,2.5015,4.9792,-0.00061035
0.0035095,0.007782,-0.0042758,0.0062561,2.5021,4.9789,0
-0.007782,0.0083923,-0.0042758,0.012207,2.5009,4.9792,-0.00061035
-0.019226,0.0064087,-0.0042758,0.014954,2.5015,4.9799,0
-0.0054932,0.002594,-0.005701,0.01358,2.5009,4.9789,-0.00061035
0.0035095,-0.0010681,-0.0047509,0.013123,2.5012,4.9789,0
-0.009613,-0.00061035,-0.005226,0.010071,2.5006,4.9783,-0.00061035
-0.017242,0.0021362,-0.0042758,0.0047302,2.5015,4.9789,-0.00061035
-0.011597,0.0038147,-0.0047509,0.0018311,2.5015,4.9783,0.00030518
-0.0064087,0.004425,-0.0047509,-0.0018311,2.5015,4.9792,0.00030518
0.0024414,0.0035095,-0.0038007,-0.0062561,2.5012,4.9786,0.00030518
-0.0010681,0.0010681,-0.0047509,-0.0062561,2.5015,4.9799,0.00030518
-0.0083923,-0.00015259,-0.0042758,0.0018311,2.5012,4.9799,-0.00030518
0.00015259,-0.00061035,-0.0047509,0.011444,2.5012,4.9786,-0.00030518
0.011597,-0.00045776,-0.005226,0.014038,2.5018,4.9786,-0.00061035
-0.0061035,0.00030518,-0.0038007,0.013428,2.5027,4.9783,0
-0.019836,0.00015259,-0.0038007,0.0079346,2.5021,4.9783,0.00030518
0.004425,-0.0013733,-0.0038007,-0.0013733,2.5006,4.9792,0
0.037079,0,-0.0038007,-0.0073242,2.5021,4.9783,-0.00030518
0.034943,0.0012207,-0.0042758,-0.0048828,2.5012,4.9789,0
0.020294,0.0016785,-0.0028506,0.0045776,2.5021,4.9792,0
0.0093079,0.0016785,-0.0028506,0.011139,2.5012,4.9774,-0.00030518
0.0080872,0.0015259,-0.0042758,0.013428,2.5021,4.9774,-0.00030518
0.011444,0.0016785,-0.0042758,0.010834,2.5012,4.9783,0
0.044098,0.0027466,-0.0028506,0.0038147,2.5012,4.9786,0
0.045471,0.0038147,-0.0038007,0.0045776,2.5009,4.9786,0.00030518
0.017853,0.0041199,-0.0047509,0.016785,2.5018,4.9789,0.00061035
0.0086975,0.0028992,-0.0038007,0.021515,2.5021,4.9792,0
0.025635,0.0041199,-0.0047509,0.018158,2.5009,4.9799,-0.00030518
0.025024,0.0059509,-0.0033257,0.014648,2.5003,4.9796,-0.00061035
0.0039673,0.004425,-0.0042758,0.0093079,2.5021,4.9789,-0.00030518
-0.0033569,0.0024414,-0.0042758,0.0067139,2.5009,4.978,0.00091553
-0.0061035,0.0032043,-0.0047509,0.0036621,2.5021,4.978,0.00030518
-0.011139,0.0027466,-0.0028506,0.0027466,2.5009,4.9765,0.00061035
-0.0028992,0.0030518,-0.0042758,0.005188,2.5018,4.9768,0
0.0056458,0.0050354,-0.0033257,0.005188,2.5015,4.9765,-0.00030518
-0.013733,0.0065613,-0.0042758,0.0090027,2.5012,4.9762,0.00030518
-0.025635,0.0065613,-0.0042758,0.016174,2.5006,4.9768,-0.00030518
-0.015259,0.0064087,-0.0047509,0.014954,2.5015,4.9762,-0.00061035
0,0.0064087,-0.0047509,0.010376,2.5012,4.9759,0.00030518
0.0042725,0.0079346,-0.0028506,0.0024414,2.5012,4.9765,0
0.0082397,0.0065613,-0.0042758,-0.0016785,2.5009,4.9774,-0.00091553
0.0016785,0.0050354,-0.0047509,0.0041199,2.5012,4.9771,-0.00030518
-0.010376,0.0019836,-0.0038007,0.009613,2.5015,4.9771,0.00091553
-0.0024414,0.0012207,-0.0033257,0.0056458,2.5009,4.9765,0.00061035
0.0018311,0.0024414,-0.0042758,-0.0028992,2.5021,4.9738,-0.00030518
-0.0030518,0.0045776,-0.0042758,-0.0038147,2.5003,4.9728,0.00061035
-0.0048828,0.0045776,-0.0047509,0.0022888,2.5009,4.9738,0
-0.01297,0.0024414,-0.0042758,0.0090027,2.5009,4.9719,-0.00030518
-0.0076294,0.0030518,-0.0038007,0.0059509,2.5012,4.9734,-0.00091553
0.0073242,0.0016785,-0.0033257,0.00030518,2.5009,4.9741,0
0.01358,0.00061035,-0.0042758,-0.0016785,2.5018,4.9756,0.00030518
0.015564,0.00061035,-0.0042758,0.0010681,2.5021,4.9756,0.00061035
0.0041199,-0.0015259,-0.005226,-0.002594,2.5009,4.9744,0.00061035
0.022125,-0.002594,-0.005226,-0.0080872,2.5015,4.9741,-0.00030518
0.014191,-0.0028992,-0.0038007,-0.0041199,2.5003,4.9756,-0.00030518
0.0059509,-0.0028992,-0.0042758,0.0032043,2.5018,4.9762,0.00030518
-0.0028992,-0.0027466,-0.0042758,-0.00045776,2.5027,4.9762,-0.00061035
-0.033722,-0.0039673,-0.0042758,-0.0067139,2.5021,4.9759,0
-0.032654,-0.0048828,-0.0047509,-0.0061035,2.5018,4.9783,-0.00030518
0.01297,-0.0053406,-0.0042758,-0.0012207,2.5012,4.9777,0.00030518
0.007019,-0.0068665,-0.0042758,0.0068665,2.5009,4.9786,0.00030518
-0.027618,-0.0041199,-0.0042758,0.016632,2.5015,4.9786,-0.00061035
-0.060425,-0.0039673,-0.0033257,0.019684,2.5012,4.9792,0.00030518
-0.028381,-0.0061035,-0.0033257,0.016479,2.5021,4.9792,-0.00061035
0.0086975,-0.0056458,-0.0047509,0.011749,2.5009,4.9792,0
0.016632,-0.0033569,-0.0042758,0.002594,2.5015,4.9783,-0.00030518
0.0177,-0.0041199,-0.0047509,-0.0067139,2.5006,4.9789,0.00030518
0.0091553,-0.0042725,-0.0047509,-0.010071,2.5015,4.9799,0
-0.0056458,-0.0024414,-0.0042758,-0.0053406,2.5018,4.9789,0
-0.014343,-0.0010681,-0.005226,0.00061035,2.5027,4.9789,0.00030518
-0.020752,-0.00061035,-0.0047509,-0.0019836,2.5018,4.9792,0.00030518
-0.012207,-0.00061035,-0.0042758,-0.0065613,2.5015,4.9789,0.00030518
-0.01297,0.00030518,-0.0033257,-0.0032043,2.5009,4.978,0.00030518
-0.0085449,0.00015259,-0.0047509,-0.0018311,2.5006,4.9796,0.00030518
-0.010223,0.0028992,-0.0042758,-0.0018311,2.5012,4.9786,0.00030518
-0.011292,0.0054932,-0.0047509,0.0085449,2.5021,4.9783,0
-0.0079346,0.0054932,-0.0042758,0.023651,2.5015,4.9789,0.00061035
0.00045776,0.0019836,-0.0042758,0.029144,2.5012,4.9789,0.00030518
-0.011139,0.0010681,-0.0038007,0.024414,2.5018,4.9789,0
-0.012054,0.0016785,-0.005226,0.011139,2.5009,4.9792,0.00030518
-0.020142,0.00061035,-0.005226,0.0019836,2.5006,4.9796,0.00030518
-0.010834,-0.0013733,-0.0033257,-0.0027466,2.5006,4.9789,-0.00030518
-0.013275,-0.0015259,-0.0047509,0.00015259,2.5015,4.9799,0
-0.020447,-0.0010681,-0.0038007,0.0041199,2.5024,4.9792,-0.00091553
-0.02182,-0.00091553,-0.0038007,0.0039673,2.5006,4.9783,0.00030518
-0.011902,-0.00091553,-0.0047509,0.0015259,2.5012,4.9792,0.00030518
-0.0048828,-0.00045776,-0.0038007,0.0010681,2.5012,4.9786,0.00030518
0.0050354,-0.00061035,-0.0038007,-0.0024414,2.5012,4.9789,-0.00030518
0.0057983,-0.0015259,-0.0038007,-0.0057983,2.5021,4.9783,0.00030518
-0.00076294,-0.0027466,-0.0047509,-0.0032043,2.5015,4.9783,0
-0.021362,-0.0027466,-0.0038007,0.0030518,2.5006,4.9789,0.00030518
-0.004425,-0.0041199,-0.0042758,0.0057983,2.5009,4.9792,-0.00091553
0.016785,-0.005188,-0.0042758,0.0048828,2.5009,4.9786,0
0.03067,-0.0032043,-0.0038007,0.0024414,2.5006,4.9792,0
0.019531,-0.00030518,-0.0042758,0.0027466,2.5009,4.9786,0.00030518
0.012207,0.0015259,-0.0042758,0.0057983,2.5012,4.9789,0
0.014191,0.0015259,-0.0047509,0.011292,2.5012,4.9792,-0.00030518
-0.0012207,0.00045776,-0.0047509,0.01358,2.5015,4.9786,0.00061035
-0.0041199,-0.00030518,-0.0042758,0.012512,2.5009,4.9777,0
-0.010376,0.00045776,-0.0047509,0.012207,2.5006,4.9777,-0.00030518
-0.02594,0.00030518,-0.0047509,0.01358,2.5024,4.9777,-0.00061035
-0.0019836,-0.00030518,-0.005226,0.014648,2.5012,4.9762,0
0.0071716,-0.00061035,-0.0042758,0.019226,2.5012,4.9765,-0.00061035
0.013733,0.00045776,-0.0038007,0.021515,2.5003,4.9765,0.00061035
0.031128,0.0038147,-0.0047509,0.016937,2.5015,4.9768,-0.00030518
0.01709,0.0071716,-0.0042758,0.014648,2.5009,4.9765,-0.00061035
-0.019684,0.0088501,-0.0047509,0.019531,2.5018,4.9759,0
-0.014801,0.0065613,-0.0047509,0.0177,2.5015,4.9762,0.00061035
-0.039978,0.0048828,-0.0042758,0.013275,2.5018,4.9762,-0.00030518
-0.073853,0.0053406,-0.0042758,0.010529,2.5006,4.9771,-0.00030518
-0.043335,0.0047302,-0.0047509,0.010376,2.5015,4.9774,-0.00030518
0.004425,0.0053406,-0.005226,0.012817,2.5003,4.9765,0
0.0035095,0.0053406,-0.0042758,0.014496,2.5015,4.9771,0
-0.020294,0.0033569,-0.0047509,0.0097656,2.5018,4.9774,-0.00061035
-0.016174,0.0028992,-0.0042758,0.0079346,2.5018,4.9777,-0.00061035
0.0039673,0.0030518,-0.0047509,0.0083923,2.5009,4.9771,0.00061035
0.016479,0.0030518,-0.0047509,0.0091553,2.5012,4.9783,0.00030518
0.018921,0.0028992,-0.0038007,0.010681,2.5006,4.9783,-0.00091553
0.0079346,0.0013733,-0.0042758,0.0091553,2.5015,4.9792,0.00061035
0.0065613,0.00091553,-0.005226,0.0039673,2.5018,4.9783,0.00091553
0.0090027,0.0010681,-0.0047509,0.0010681,2.5003,4.9792,0.00091553
-0.00076294,0.00030518,-0.0042758,0.00076294,2.5024,4.9789,0.00030518
-0.015869,-0.00015259,-0.0042758,-0.0030518,2.5015,4.9796,0.00061035
-0.0071716,-0.002594,-0.0042758,-0.012665,2.4884,4.9799,-0.00061035
0.0041199,-0.0047302,-0.0047509,-0.013123,2.5009,4.9759,-0.00030518
0.011749,-0.0054932,-0.0042758,-0.0036621,2.5015,4.9753,-0.00030518
0.011139,-0.0068665,-0.0042758,0.0094604,2.5009,4.9747,0
0.007782,-0.007782,-0.0038007,0.021362,2.5018,4.9747,0.00061035
-0.0065613,-0.0093079,-0.0038007,0.023346,2.5012,4.9744,0
-0.044556,-0.007782,-0.0038007,0.019989,2.5018,4.975,0
-0.047455,-0.0061035,-0.0047509,0.016479,2.5021,4.9756,0.00030518
-0.050964,-0.0076294,-0.0047509,0.024719,2.5006,4.975,0
-0.063629,-0.007782,-0.0047509,0.032043,2.5015,4.9738,0.00061035
-0.04837,-0.0059509,-0.0033257,0.032349,2.5015,4.9744,0.00061035
-0.025177,-0.0057983,-0.0042758,0.03006,2.5006,4.9759,0
0.0045776,-0.0064087,-0.0047509,0.029144,2.5015,4.9759,0.00030518
0.02121,-0.0056458,-0.005226,0.028687,2.5003,4.9759,0.00030518
0.013428,-0.0035095,-0.005226,0.031281,2.5015,4.9756,-0.00030518
0.0068665,-0.0016785,-0.0042758,0.032806,2.5015,4.9777,0.00061035
0.0013733,-0.00061035,-0.0042758,0.03418,2.5012,4.9786,0.00030518
-0.010529,-0.00091553,-0.0042758,0.036621,2.5012,4.9783,0
-0.02182,-0.0027466,-0.0047509,0.042114,2.5006,4.9786,0.00030518
-0.025177,-0.0047302,-0.0042758,0.041809,2.5021,4.9792,-0.00091553
-0.020294,-0.004425,-0.0038007,0.035706,2.5015,4.9792,0.00030518
-0.0094604,-0.0024414,-0.0042758,0.023041,2.5021,4.9783,-0.00030518
0.0022888,-0.0012207,-0.005226,0.016937,2.5024,4.9789,-0.00061035
0.0082397,0.0016785,-0.0042758,0.010223,2.5015,4.9796,0
0.018311,0.0057983,-0.0038007,-0.0021362,2.5003,4.9786,0
0.023041,0.0094604,-0.0042758,-0.007019,2.4988,4.9796,0.00030518
0.021362,0.0088501,-0.0047509,-0.0036621,2.5006,4.9789,-0.00030518
0.015869,0.0086975,-0.0033257,-0.0015259,2.5012,4.9789,-0.0012207
0.028839,0.011139,-0.005226,-0.0035095,2.5012,4.9786,0.00030518
0.03067,0.013428,-0.005226,-0.00076294,2.5015,4.9786,0
0.033264,0.011597,-0.0033257,0.0036621,2.5006,4.9783,-0.00061035
0.030975,0.0076294,-0.0042758,0.004425,2.5006,4.978,0
0.032654,0.0036621,-0.0047509,0.0047302,2.5012,4.978,0.00030518
0.02243,0.0018311,-0.0042758,0.0068665,2.5015,4.9774,0
0.011292,0.0028992,-0.0042758,0.010071,2.5015,4.9771,0.00030518
0.025635,0.0041199,-0.0042758,0.012817,2.5021,4.9768,0
0.033264,0.0039673,-0.0042758,0.01236,2.5006,4.9765,-0.00061035
0.019531,0.00030518,-0.0047509,0.012665,2.5015,4.9768,0.00030518
0.0039673,-0.0057983,-0.0042758,0.019684,2.5015,4.9765,0
-0.007782,-0.0059509,-0.005701,0.028076,2.5015,4.9771,0.00030518
-0.0042725,-0.005188,-0.0042758,0.033722,2.5015,4.9765,0
-0.0056458,-0.0067139,-0.0047509,0.035858,2.5021,4.9774,0.00030518
-0.0036621,-0.0048828,-0.005226,0.037384,2.5018,4.9768,-0.00061035
0.011444,-0.0024414,-0.0042758,0.036926,2.5006,4.9768,0
0.014954,0.0027466,-0.0038007,0.037231,2.5015,4.9774,0.00030518
0.0064087,0.0057983,-0.0042758,0.041046,2.5,4.9774,-0.00030518
0.0030518,0.0042725,-0.0042758,0.041046,2.5018,4.9771,-0.00061035
-0.0039673,0.002594,-0.0038007,0.032196,2.5015,4.9777,-0.00030518
-0.0010681,0.0030518,-0.005226,0.028687,2.5015,4.9774,0.00091553
-0.00030518,0.0028992,-0.005226,0.032654,2.5006,4.9783,0
0.0062561,0.0032043,-0.0042758,0.032349,2.5018,4.978,0
0.0067139,0.0059509,-0.0038007,0.032196,2.5009,4.9783,-0.00061035
0.0083923,0.0076294,-0.0042758,0.034485,2.5015,4.9783,0
0.007019,0.0048828,-0.0028506,0.033264,2.5015,4.9789,0
0.00076294,0.0013733,-0.0038007,0.025635,2.5009,4.9786,0.00030518
-0.0061035,0.0012207,-0.0038007,0.014954,2.5006,4.9789,0
-0.013428,0.0016785,-0.0047509,0.0082397,2.5006,4.9789,0
-0.010681,-0.00030518,-0.0033257,0.0035095,2.5009,4.9792,0.00030518
0.007782,-0.0021362,-0.0038007,0.00030518,2.5006,4.9789,0
0.011139,-0.0015259,-0.0047509,-0.0047302,2.5009,4.9792,0.00061035
0.019379,0.0010681,-0.005226,-0.010376,2.5024,4.9783,0
0.027008,0.0021362,-0.0042758,-0.012512,2.5012,4.9786,0
0.028687,0.0010681,-0.0038007,-0.015106,2.5006,4.9792,-0.00030518
0.025177,-0.0013733,-0.0047509,-0.0177,2.5009,4.9789,0.00061035
0.016937,-0.0039673,-0.0047509,-0.013275,2.5012,4.9786,0.00030518
0.0073242,-0.0053406,-0.0042758,-0.0053406,2.5021,4.9786,0
0.014038,-0.0030518,-0.0028506,-0.0036621,2.5018,4.9792,-0.00030518
0.022888,-0.0036621,-0.0042758,-0.0064087,2.5015,4.9789,-0.00030518
0.018005,-0.005188,-0.005226,-0.0094604,2.5015,4.9792,-0.00030518
0.024109,-0.0019836,-0.0042758,-0.012512,2.5009,4.9783,0.00061035
0.042572,0.0028992,-0.0047509,-0.018921,2.5012,4.9783,0
0.033264,0.0036621,-0.0047509,-0.025787,2.5012,4.9786,0.00061035
0.02243,-0.0010681,-0.0042758,-0.023651,2.5012,4.9792,0.00030518
0.021515,-0.0056458,-0.0047509,-0.018463,2.5009,4.9792,0.00030518
0.024414,-0.0035095,-0.0047509,-0.018768,2.5009,4.9789,0.00061035
0.03006,-0.00045776,-0.0038007,-0.02243,2.5012,4.9783,0.00030518
0.031738,-0.00045776,-0.0042758,-0.020142,2.5,4.9796,0.00030518
0.03006,-0.00045776,-0.0028506,-0.012054,2.5018,4.9786,-0.00030518
0.024109,0.0015259,-0.0038007,0.00076294,2.5015,4.9786,0.00030518
0.011139,0.0035095,-0.0047509,0.009613,2.5018,4.9792,0
0.01297,0.0030518,-0.005226,0.0093079,2.5018,4.9789,0
0.015564,0.00091553,-0.005226,0.0064087,2.5012,4.9756,0.00030518
0.0039673,0,-0.0042758,0.0059509,2.5012,4.975,0.00030518
-0.01236,-0.00061035,-0.0042758,0.013885,2.5021,4.9747,-0.00030518
-0.018311,0.0015259,-0.0042758,0.023804,2.4997,4.9747,0
-0.019531,0.0024414,-0.005701,0.024109,2.5012,4.975,0.00030518
-0.018616,0.0021362,-0.0042758,0.012207,2.5009,4.9756,0
-0.015564,0.0028992,-0.0047509,0.0019836,2.5009,4.9734,0.00030518
-0.019531,0.0053406,-0.0042758,0,2.5015,4.9738,0
-0.01358,0.0076294,-0.0047509,0.0024414,2.5018,4.9719,0.00030518
-0.0048828,0.0054932,-0.0042758,0.0033569,2.5015,4.9713,0
-0.012665,0.0027466,-0.0047509,0.0024414,2.5015,4.9716,-0.00061035
-0.013885,0.0016785,-0.0042758,-0.00061035,2.5015,4.971,0.00061035
-0.010529,0.0042725,-0.005226,-0.005188,2.5018,4.9716,0
-0.015717,0.0057983,-0.0042758,-0.0064087,2.5018,4.9713,0
-0.020905,0.0065613,-0.0028506,-0.012054,2.5009,4.975,0
-0.012512,0.0080872,-0.0047509,-0.021973,2.5015,4.9759,0.00030518
-0.0080872,0.0086975,-0.0047509,-0.033112,2.5012,4.9768,0.00030518
-0.0085449,0.0080872,-0.0047509,-0.039825,2.5018,4.9774,0.00030518
-0.014038,0.0059509,-0.0047509,-0.041351,2.5006,4.9774,0.00030518
-0.011292,0.0022888,-0.0047509,-0.037079,2.5009,4.9774,0.00030518
-0.014648,0,-0.0047509,-0.025177,2.5,4.9771,-0.00061035
-0.016327,0.0016785,-0.0038007,-0.015717,2.5018,4.9768,0
-0.016937,0.0032043,-0.005226,-0.016632,2.5015,4.9777,0.00030518
-0.016632,0.0018311,-0.0038007,-0.020142,2.5012,4.9777,0.00061035
-0.014496,0.0010681,-0.0038007,-0.018311,2.5012,4.9789,-0.00061035
-0.010529,0.0015259,-0.0042758,-0.014343,2.5021,4.9789,-0.00030518
-0.0067139,0.0028992,-0.005226,-0.010223,2.5012,4.9783,0.00030518
-0.0083923,0.0054932,-0.0038007,-0.0093079,2.5021,4.9792,-0.00030518
-0.010223,0.0062561,-0.0033257,-0.0071716,2.5006,4.9774,0
0.0013733,0.0056458,-0.0038007,-0.0079346,2.5018,4.9783,-0.00030518
0.0065613,0.0032043,-0.005226,-0.012665,2.5018,4.9783,-0.00030518
-0.00015259,0.0010681,-0.0038007,-0.020142,2.5015,4.9792,-0.00030518
-0.0033569,-0.0012207,-0.0042758,-0.021667,2.5006,4.9774,-0.00061035
-0.0036621,-0.0032043,-0.0047509,-0.015717,2.5009,4.9774,0
-0.011444,-0.0073242,-0.0047509,-0.0080872,2.5012,4.9777,0.00061035
-0.024109,-0.011902,-0.0047509,-0.00030518,2.5015,4.9796,0
-0.022583,-0.0091553,-0.0047509,0.0064087,2.5012,4.9789,0
-0.023346,-0.0062561,-0.0047509,0.0079346,2.5012,4.9789,0.00030518
-0.030518,-0.0076294,-0.0042758,-0.0039673,2.5009,4.9786,0
-0.016022,-0.010834,-0.0042758,-0.020142,2.5012,4.9789,0.00030518
-0.007782,-0.010376,-0.0033257,-0.026398,2.5012,4.9786,0.00030518
-0.011444,-0.0097656,-0.005226,-0.022583,2.5009,4.9792,0.00030518
-0.013733,-0.010529,-0.0038007,-0.017548,2.5021,4.9786,-0.00061035
-0.014191,-0.0061035,-0.0042758,-0.014343,2.5003,4.9799,-0.00030518
-0.011597,0.00061035,-0.005226,-0.0079346,2.5009,4.9789,-0.00061035
-0.0042725,0.0032043,-0.0042758,-0.0038147,2.5015,4.9786,0
0.0038147,0.0067139,-0.0047509,-0.007782,2.5003,4.9789,0.00030518
0.0083923,0.009613,-0.0042758,-0.01236,2.5003,4.9786,0
-0.0039673,0.011597,-0.0028506,-0.016937,2.5027,4.9786,0.00030518
-0.012207,0.011444,-0.0038007,-0.016022,2.5012,4.9792,0
-0.013275,0.0094604,-0.0042758,-0.013123,2.5009,4.9786,0.00030518
-0.0076294,0.0071716,-0.0042758,-0.010681,2.5018,4.9786,0.00091553
-0.0056458,0.0045776,-0.0047509,-0.015717,2.5009,4.9783,0
-0.007782,0.00030518,-0.0038007,-0.020905,2.5018,4.9786,0
-0.0045776,-0.0036621,-0.0047509,-0.024719,2.5012,4.9792,0.00061035
0.0032043,-0.005188,-0.0042758,-0.02243,2.5015,4.9786,-0.00030518
0.0032043,-0.004425,-0.0038007,-0.023193,2.5015,4.9786,0
-0.0022888,-0.0013733,-0.005226,-0.026855,2.5015,4.9796,0.00030518
-0.011444,0.0022888,-0.005701,-0.023651,2.5,4.9783,0
-0.0045776,0.0036621,-0.0042758,-0.019073,2.5006,4.9783,0.00061035
0.0010681,0.0042725,-0.0038007,-0.027771,2.5009,4.9789,0.00030518
0.0012207,0.0065613,-0.0042758,-0.037231,2.5006,4.9786,0.00030518
-0.0071716,0.0062561,-0.0047509,-0.029297,2.5009,4.9783,0
-0.015411,0.0048828,-0.0038007,-0.019073,2.5012,4.9768,0
-0.0082397,0.0041199,-0.0042758,-0.018768,2.5015,4.9765,0.00030518
0.00076294,0.0021362,-0.0047509,-0.028229,2.5009,4.9771,-0.00030518
0.0015259,-0.0021362,-0.0042758,-0.03418,2.5015,4.9762,0.00030518
-0.00030518,-0.0059509,-0.005701,-0.033722,2.5012,4.9762,0.00030518
-0.00015259,-0.0086975,-0.0042758,-0.033875,2.5012,4.9759,0
0.021362,-0.0088501,-0.0042758,-0.041046,2.5018,4.9762,-0.00030518
0.02594,-0.0093079,-0.0047509,-0.043793,2.5015,4.9768,-0.00061035
0.016479,-0.010223,-0.0042758,-0.0354,2.5015,4.9765,0.00030518
0.0082397,-0.012665,-0.0047509,-0.025482,2.5015,4.9768,0.00030518
0.0057983,-0.015869,-0.0042758,-0.02182,2.5006,4.9771,0
0.0082397,-0.017395,-0.0033257,-0.015411,2.5006,4.9777,-0.00061035
0.016937,-0.0177,-0.0042758,-0.0079346,2.5012,4.9777,0.00030518
0.022736,-0.013123,-0.005226,-0.0033569,2.5012,4.9777,0
0.014954,-0.0080872,-0.0047509,-0.0042725,2.5009,4.9774,0.00061035
0.0057983,-0.0021362,-0.0028506,-0.0030518,2.5015,4.9777,0.00030518
0.019989,0.0028992,-0.0042758,0.0065613,2.5009,4.9777,0.00061035
0.016785,0.0038147,-0.0038007,0.013885,2.5012,4.9753,-0.00030518
-0.0018311,0.0019836,-0.0047509,0.016479,2.5015,4.9744,0.00091553
-0.0093079,0.00091553,-0.0047509,0.019836,2.5015,4.9744,-0.00030518
-0.013885,-0.0012207,-0.0047509,0.027466,2.5015,4.9738,-0.00091553
-0.016022,-0.0041199,-0.0042758,0.030975,2.5021,4.9738,-0.00030518
-0.0088501,-0.0028992,-0.0042758,0.027771,2.5018,4.9744,-0.00030518
0.0048828,0.0010681,-0.0042758,0.021362,2.5018,4.9747,0.00030518
0.009613,0.0036621,-0.0042758,0.020447,2.5015,4.9747,0.00030518
0.0050354,0.005188,-0.0038007,0.018616,2.5015,4.9753,0.00030518
0.0041199,0.010071,-0.0042758,0.011444,2.5015,4.9747,0
-0.0030518,0.013885,-0.0047509,0.004425,2.5009,4.9759,0
-0.0042725,0.016479,-0.0047509,0.0073242,2.5015,4.9765,0.00030518
0.0061035,0.019073,-0.0047509,0.011139,2.5018,4.9762,-0.00030518
0.016174,0.02243,-0.0047509,0.010071,2.5015,4.9759,0.00030518
0.0028992,0.022278,-0.0042758,0.014801,2.5009,4.9783,0
-0.014496,0.024109,-0.0042758,0.018311,2.5009,4.978,0.00030518
-0.013123,0.025482,-0.005701,0.018616,2.5012,4.978,-0.00030518
-0.004425,0.025177,-0.0047509,0.022125,2.5009,4.9783,0
-0.0067139,0.023956,-0.0038007,0.022888,2.5018,4.9792,0
0.0059509,0.02182,-0.0042758,0.02243,2.5015,4.9796,0.00030518
0.0074768,0.019073,-0.0047509,0.02243,2.5021,4.9789,0
0.0022888,0.015717,-0.005226,0.024719,2.5012,4.9783,0
0.0036621,0.01236,-0.0042758,0.025482,2.5009,4.9796,0
0.0082397,0.007782,-0.0042758,0.023804,2.5012,4.9792,-0.00030518
0.016022,0.0027466,-0.0028506,0.021057,2.5018,4.9786,0.00061035
0.0083923,0.00015259,-0.0047509,0.023499,2.5009,4.9792,0
-0.0019836,-0.00076294,-0.005226,0.026245,2.5009,4.9786,0
-0.0015259,-0.0062561,-0.0042758,0.02533,2.5006,4.9792,0.00030518
-0.0019836,-0.012512,-0.0042758,0.02655,2.5009,4.978,0
0.0048828,-0.012512,-0.0038007,0.031586,2.5006,4.9783,-0.00030518
0.0013733,-0.01358,-0.005226,0.034637,2.5012,4.9792,0
-0.0086975,-0.016937,-0.005226,0.035858,2.5018,4.9789,0.00030518
-0.016174,-0.021667,-0.0042758,0.03418,2.5021,4.9796,0
-0.015259,-0.024414,-0.0042758,0.029907,2.5024,4.9786,0.00091553
-0.013885,-0.027161,-0.0047509,0.02533,2.5018,4.9789,-0.00061035
-0.0083923,-0.028381,-0.0042758,0.03006,2.5012,4.9786,0
-0.0018311,-0.024567,-0.0047509,0.037231,2.5009,4.9789,0.00030518
-0.0088501,-0.021515,-0.0042758,0.040741,2.5012,4.9799,0.00061035
-0.023193,-0.021515,-0.005226,0.042877,2.5009,4.9786,-0.00091553
-0.015106,-0.02121,-0.0042758,0.036011,2.5012,4.9777,0
-0.0054932,-0.019226,-0.005226,0.025635,2.5009,4.9777,0.00061035
-0.0024414,-0.019379,-0.0047509,0.025482,2.5012,4.9771,-0.00030518
-0.010071,-0.019836,-0.0042758,0.027771,2.5018,4.9768,-0.00030518
-0.012054,-0.018158,-0.0047509,0.028687,2.5018,4.9759,0.00030518
-0.0056458,-0.01358,-0.0038007,0.028534,2.5018,4.9765,-0.00030518
-0.0097656,-0.007782,-0.0042758,0.026703,2.5021,4.9759,-0.00061035
-0.014954,-0.0018311,-0.0042758,0.023193,2.5003,4.9768,-0.00091553
-0.010071,0.0047302,-0.0042758,0.019836,2.5024,4.9765,0
-0.011444,0.010376,-0.0042758,0.016174,2.5021,4.9774,0.00061035
0.0016785,0.013123,-0.0042758,0.014954,2.5015,4.9765,-0.00061035
0.011597,0.014954,-0.0047509,0.015869,2.5018,4.9771,0.00030518
0.0065613,0.016479,-0.005701,0.016327,2.5015,4.9768,0
0.0038147,0.017548,-0.0047509,0.01709,2.5,4.9774,0
0.0099182,0.019836,-0.0042758,0.018616,2.5015,4.9783,0
0.020294,0.022278,-0.0038007,0.020142,2.5015,4.9783,0.00030518
0.007019,0.023651,-0.0042758,0.018921,2.5021,4.9777,0
-0.014801,0.023804,-0.0033257,0.02182,2.5018,4.9786,-0.00030518
-0.025177,0.021515,-0.0042758,0.021515,2.5018,4.9792,0
-0.037079,0.019379,-0.005226,0.019836,2.5012,4.9786,0.00030518
-0.033417,0.018921,-0.0042758,0.018311,2.5015,4.9789,0.00030518
-0.023346,0.017853,-0.005226,0.021515,2.5012,4.9789,0
-0.010834,0.013428,-0.0042758,0.019684,2.5018,4.9789,0
-0.0099182,0.0056458,-0.005226,0.015106,2.5018,4.9792,-0.00030518
-0.016022,-0.0027466,-0.0038007,0.010986,2.5015,4.9783,0
-0.010834,-0.007019,-0.0047509,0.0076294,2.5018,4.9789,0
-0.0093079,-0.0033569,-0.005226,0.0039673,2.5012,4.9789,-0.00061035
-0.0045776,0.00045776,-0.0033257,-0.0030518,2.5009,4.9786,-0.00030518
0.0015259,0.00030518,-0.0042758,-0.0094604,2.5012,4.9786,0.00030518
-0.0056458,-0.0013733,-0.0042758,-0.0015259,2.5009,4.978,-0.00030518
-0.0035095,-0.0016785,-0.0047509,0.0067139,2.5015,4.9789,0.00030518
-0.0010681,-0.00091553,-0.0047509,0.0076294,2.5012,4.9783,0.00030518
-0.0086975,-0.0016785,-0.0047509,0.007782,2.5012,4.9792,0.00030518
-0.016174,-0.00045776,-0.0042758,0.01236,2.5015,4.9789,0
-0.017395,0.0021362,-0.0038007,0.017853,2.5009,4.9796,-0.00061035
-0.01709,0.0050354,-0.0042758,0.017242,2.5012,4.9786,0.00061035
-0.016785,0.0083923,-0.0047509,0.014191,2.5018,4.9789,0.00030518
-0.016937,0.0083923,-0.0042758,0.015717,2.5009,4.9796,0.00030518
-0.015259,0.0027466,-0.005226,0.017395,2.5015,4.9796,0.00091553
-0.011597,-0.0028992,-0.0047509,0.01709,2.5015,4.9789,0
0.0016785,-0.0071716,-0.0042758,0.014648,2.5012,4.978,-0.00030518
0.0027466,-0.013428,-0.0042758,0.012207,2.5015,4.975,0.00030518
0.0045776,-0.019073,-0.005226,0.0082397,2.5009,4.9744,-0.00030518
0.007782,-0.021057,-0.0047509,0.004425,2.5015,4.9741,-0.00061035
0.0057983,-0.018005,-0.0042758,0.0082397,2.5015,4.975,0
0.0010681,-0.016174,-0.0047509,0.014801,2.5009,4.975,0
-0.0042725,-0.012817,-0.005226,0.02243,2.5015,4.9744,0
-0.0057983,-0.0088501,-0.0047509,0.031891,2.5012,4.9741,0
-0.0050354,-0.0039673,-0.0047509,0.033722,2.5015,4.9747,0
-0.0076294,-0.0022888,-0.0047509,0.024872,2.5021,4.9744,-0.00030518
0.0068665,-0.0013733,-0.0033257,0.015869,2.5027,4.9759,0.00030518
0.0065613,-0.00091553,-0.0047509,0.014038,2.5015,4.9762,0.00030518
-0.0067139,0.0027466,-0.0042758,0.0097656,2.5012,4.9762,0.00030518
-0.009613,0.0059509,-0.0042758,0.0032043,2.5006,4.9753,0.00030518
-0.010071,0.004425,-0.0047509,0.0082397,2.5015,4.9762,-0.00030518
-0.0071716,0.0013733,-0.0042758,0.012207,2.5009,4.9765,0.00061035
0.0059509,0.0032043,-0.0038007,0.010834,2.5006,4.9768,0.00030518
0.010529,0.007782,-0.005226,0.012054,2.5015,4.9771,-0.00030518
0.0050354,0.013428,-0.005701,0.017395,2.5012,4.9765,0.00061035
-0.0019836,0.014343,-0.0042758,0.023346,2.5012,4.9768,0.00030518
-0.0050354,0.01236,-0.0042758,0.023193,2.5021,4.9759,0
-0.0024414,0.0074768,-0.0047509,0.019073,2.5012,4.9756,-0.00091553
-0.0041199,0.007019,-0.005226,0.017395,2.5015,4.9762,0.00030518
-0.0056458,0.0073242,-0.005226,0.015259,2.5009,4.9771,0.00061035
0.0083923,0.0057983,-0.0028506,0.007782,2.5009,4.9774,-0.00030518
0.027618,0.004425,-0.005701,0.0022888,2.5015,4.9765,0.00030518
0.015259,0.0064087,-0.0047509,0.0018311,2.5009,4.9774,0.00030518
0.0064087,0.0074768,-0.0042758,0.0056458,2.5015,4.9774,0
0.033875,0.0080872,-0.0033257,0.011139,2.5009,4.9774,-0.00091553
0.053558,0.0099182,-0.0042758,0.01236,2.5018,4.9768,0.00061035
0.033417,0.01358,-0.0047509,0.0064087,2.5012,4.9774,-0.00061035
0.004425,0.016022,-0.0047509,-0.00045776,2.5009,4.978,0.00030518
0.028229,0.012512,-0.0042758,-0.0057983,2.5009,4.9774,0
0.057983,0.0057983,-0.0042758,-0.0071716,2.5006,4.9789,-0.00030518
0.027466,-0.002594,-0.0042758,-0.0054932,2.5012,4.9786,0.00091553
0.016632,-0.010529,-0.0047509,0.0012207,2.5021,4.9792,0.00061035
0.034485,-0.014496,-0.0042758,0.0048828,2.5003,4.9792,0.00030518
0.027466,-0.015717,-0.005226,0.0032043,2.5018,4.9789,0.00030518
0.010681,-0.015411,-0.0042758,0.0032043,2.5009,4.9786,0
0.018768,-0.014191,-0.0047509,0.0073242,2.5012,4.9792,0
0.059052,-0.01236,-0.0038007,0.011749,2.5021,4.9792,0.00030518
0.069122,-0.0071716,-0.0042758,0.010376,2.5027,4.9805,0.00091553
0.051575,0.00045776,-0.0038007,0.0016785,2.5009,4.9799,-0.00030518
0.043945,0.0074768,-0.0047509,-0.0016785,2.5009,4.9789,0
0.051575,0.010681,-0.0042758,0.0035095,2.5003,4.9792,0.00030518
0.058289,0.011749,-0.0042758,0.0091553,2.5012,4.9792,-0.00030518
0.063019,0.0091553,-0.0042758,0.014801,2.5006,4.9796,0.00030518
0.040283,0.0039673,-0.0047509,0.017853,2.5018,4.9792,0
-0.02533,-0.00061035,-0.0047509,0.019684,2.5015,4.9792,0.00030518
-0.05249,-0.00045776,-0.0042758,0.024414,2.5012,4.9786,-0.00061035
-0.034943,0.0012207,-0.005226,0.027313,2.5015,4.9786,-0.00030518
-0.046387,0.00030518,-0.0038007,0.026398,2.5009,4.9796,-0.00030518
-0.045624,-0.0027466,-0.0038007,0.022583,2.5012,4.9786,0.00030518
-0.041504,-0.0071716,-0.0042758,0.017853,2.5018,4.9789,0.00061035
-0.036011,-0.009613,-0.0042758,0.0177,2.5009,4.9796,-0.00061035
-0.019073,-0.011749,-0.0042758,0.015259,2.5009,4.9786,-0.00030518
-0.0177,-0.012512,-0.0042758,0.0033569,2.5021,4.9789,-0.00030518
-0.027313,-0.013275,-0.0033257,-0.00061035,2.5009,4.9789,0
-0.039673,-0.012817,-0.0042758,0.0024414,2.5012,4.9783,0.00061035
-0.045776,-0.0085449,-0.0042758,0.0057983,2.5009,4.9796,-0.00030518
-0.013428,-0.0033569,-0.0033257,0.007019,2.5012,4.9786,-0.00030518
-0.0022888,-0.0033569,-0.0042758,0.0033569,2.5012,4.9792,0
-0.031586,-0.0071716,-0.0047509,-0.0019836,2.5012,4.9796,0
-0.048523,-0.012054,-0.005226,-0.00061035,2.5009,4.9789,0
-0.036316,-0.013733,-0.0033257,0.0039673,2.5015,4.9792,-0.00030518
-0.023499,-0.010986,-0.0033257,0.0028992,2.5006,4.9792,0
-0.02182,-0.0053406,-0.0047509,-0.0041199,2.5018,4.9783,0.0012207
-0.012665,0.00076294,-0.0042758,-0.0080872,2.5015,4.9796,0
-0.011902,0.0036621,-0.0042758,-0.005188,2.5006,4.9789,0
-0.019684,0.0042725,-0.0047509,-0.0018311,2.5015,4.978,0.00030518
-0.0091553,0.004425,-0.0047509,-0.0015259,2.5018,4.9783,0
-0.0088501,0.004425,-0.0038007,-0.0067139,2.5009,4.9783,-0.00030518
-0.0086975,0.0054932,-0.0047509,-0.015869,2.5009,4.978,0.00030518
-0.01297,0.0041199,-0.005226,-0.027161,2.5015,4.9774,0.00030518
-0.016785,-0.0035095,-0.0038007,-0.032349,2.5012,4.9762,0.00030518
-0.012054,-0.0065613,-0.0042758,-0.032501,2.5012,4.9777,-0.00030518
-0.0042725,-0.0062561,-0.0033257,-0.029297,2.5009,4.9765,0
-0.022583,-0.0065613,-0.0038007,-0.028076,2.5009,4.9759,0.00091553
-0.033722,-0.005188,-0.0047509,-0.026855,2.5012,4.9768,0
-0.020142,-0.0012207,-0.0042758,-0.024719,2.5015,4.9768,-0.00030518
-0.00045776,0.0010681,-0.0042758,-0.026093,2.5027,4.9762,-0.00061035
0.013275,0.00045776,-0.0033257,-0.033417,2.5015,4.9713,0
0.00091553,0.0016785,-0.0042758,-0.037384,2.5018,4.9719,-0.00030518
-0.020752,0.0061035,-0.0038007,-0.036316,2.5009,4.9722,0.00030518
-0.0079346,0.011597,-0.0042758,-0.034332,2.5015,4.9719,0.00030518
0.0042725,0.013275,-0.0028506,-0.026855,2.5024,4.9716,0.00061035
-0.0038147,0.009613,-0.0038007,-0.014038,2.5018,4.9725,0.00030518
-0.011139,0.0042725,-0.0033257,0.0012207,2.5009,4.9741,-0.00030518
-0.0097656,-0.0053406,-0.0033257,0.014038,2.5009,4.9731,-0.00061035
-0.004425,-0.013428,-0.0047509,0.018768,2.5015,4.9741,-0.00061035
-0.0019836,-0.014954,-0.0042758,0.014191,2.5,4.975,-0.00061035
-0.0065613,-0.011139,-0.0047509,0.010223,2.5027,4.9762,0.00030518
-0.0086975,-0.0053406,-0.0038007,0.0068665,2.5021,4.9762,-0.00030518
-0.0071716,0.0050354,-0.0047509,0.00061035,2.5012,4.9762,0.00030518
-0.0032043,0.013275,-0.0047509,0,2.5006,4.9765,0
0.0015259,0.014038,-0.0033257,0.0053406,2.5018,4.9777,0.00030518
0.0076294,0.013733,-0.005226,0.0097656,2.5015,4.9771,-0.00030518
0.007019,0.01297,-0.0033257,0.011749,2.5015,4.9774,0
-0.010376,0.010834,-0.005226,0.015564,2.5012,4.9783,-0.00091553
-0.033875,0.010834,-0.0033257,0.019379,2.5012,4.9789,0.00030518
-0.034637,0.010223,-0.0038007,0.019989,2.5015,4.9789,0
-0.02594,0.011444,-0.0042758,0.021667,2.5,4.9789,-0.00030518
-0.027618,0.01236,-0.0042758,0.027161,2.5009,4.9789,0.00030518
-0.020142,0.009613,-0.0042758,0.034637,2.5006,4.9799,0.00030518
-0.027466,0.0086975,-0.0042758,0.043945,2.5021,4.9786,-0.0018311
-0.037384,0.01236,-0.005226,0.04837,2.5015,4.9805,0.00030518
-0.047302,0.014343,-0.0042758,0.044403,2.5015,4.9792,-0.00030518
-0.072937,0.014038,-0.005226,0.038605,2.5006,4.9796,-0.00061035
-0.054779,0.012817,-0.0042758,0.040283,2.5024,4.9789,0
-0.054626,0.013123,-0.0038007,0.047302,2.5012,4.9783,0
-0.056458,0.010223,-0.0047509,0.052185,2.5015,4.9786,0.00030518
-0.063934,0.0041199,-0.0047509,0.056458,2.5018,4.9792,-0.00030518
-0.083923,-0.0018311,-0.0047509,0.060425,2.5015,4.9796,0
-0.1004,-0.0057983,-0.0042758,0.058289,2.5018,4.9786,0
-0.065308,-0.0067139,-0.0038007,0.054321,2.5003,4.9786,0.00061035
-0.052948,-0.0013733,-0.0047509,0.05661,2.5018,4.9796,-0.00061035
-0.045624,0.0047302,-0.0047509,0.069733,2.5018,4.9786,0
-0.039825,0.0059509,-0.0047509,0.083313,2.5018,4.978,0.00030518
-0.043793,0.002594,-0.0042758,0.10483,2.5015,4.9799,-0.00030518
-0.054169,-0.00091553,-0.0042758,0.12268,2.5015,4.9783,-0.00061035
-0.043488,-0.0062561,-0.0038007,0.13428,2.5003,4.9792,0.00030518
-0.040131,-0.0057983,-0.0042758,0.14572,2.5012,4.9789,0.00061035
-0.064697,-0.0030518,-0.0042758,0.15732,2.5006,4.9796,0.00091553
-0.080109,-0.0030518,-0.0038007,0.16785,2.5012,4.9796,0.00061035
-0.088654,-0.0027466,-0.0047509,0.17838,2.5009,4.9789,0.00091553
-0.085144,0.0010681,-0.0047509,0.1889,2.5006,4.9789,-0.00030518
-0.078735,0.0022888,-0.0042758,0.19623,2.5012,4.9789,0
-0.0737,-0.00015259,-0.0042758,0.20264,2.5015,4.9777,0.00061035
-0.093842,-0.0068665,-0.005226,0.21393,2.5009,4.9783,0.00030518
-0.12527,-0.01709,-0.0042758,0.22766,2.5015,4.9765,0
-0.12177,-0.023499,-0.0042758,0.23865,2.5018,4.9762,-0.00030518
-0.12909,-0.022736,-0.005226,0.24826,2.5009,4.9765,0
-0.14557,-0.018463,-0.0038007,0.26047,2.5012,4.9765,0.00030518
-0.15167,-0.017395,-0.0038007,0.27344,2.5009,4.9768,0.00061035
-0.15442,-0.019836,-0.0042758,0.28214,2.5006,4.9762,-0.00030518
-0.15137,-0.019836,-0.005226,0.2916,2.5021,4.9765,0.00030518
-0.15198,-0.01297,-0.0042758,0.30487,2.5012,4.9765,-0.00030518
-0.16357,-0.0015259,-0.0047509,0.32272,2.5012,4.9771,0.00061035
-0.17349,0.010834,-0.0042758,0.34225,2.5009,4.9768,-0.00030518
-0.17349,0.018463,-0.0042758,0.35614,2.5012,4.9774,0
-0.15289,0.017548,-0.0042758,0.36911,2.5012,4.9771,0
-0.13397,0.012817,-0.0047509,0.38467,2.5015,4.978,0
-0.13138,0.0090027,-0.005226,0.40039,2.5012,4.9777,0.00030518
-0.14694,0.0083923,-0.0042758,0.40924,2.5018,4.9783,0
-0.14542,0.0074768,-0.0047509,0.40543,2.5,4.9771,0
-0.11124,0.007019,-0.0038007,0.40085,2.5012,4.9792,0.00030518
-0.082855,0.0079346,-0.0042758,0.40588,2.5003,4.9783,0.00030518
-0.068207,0.0041199,-0.005226,0.40894,2.5021,4.978,-0.00061035
-0.063019,-0.0015259,-0.0042758,0.40283,2.5009,4.9789,-0.00030518
-0.045013,-0.0036621,-0.0047509,0.38971,2.5018,4.9783,0.00030518
-0.010986,-0.00030518,-0.0042758,0.36865,2.5015,4.9792,0.00091553
0.0099182,0.0042725,-0.0042758,0.34622,2.5015,4.9792,0
0.020905,0.005188,-0.005226,0.32089,2.5009,4.9783,0.00030518
0.032043,0.0036621,-0.0047509,0.28641,2.5015,4.9789,-0.00030518
0.044556,-0.0035095,-0.0042758,0.24734,2.5015,4.9789,0
0.057373,-0.0088501,-0.0038007,0.20996,2.5015,4.9789,0
0.067139,-0.0047302,-0.0038007,0.17502,2.5021,4.9792,0
0.087738,0.0035095,-0.0038007,0.13,2.5009,4.9802,0.00061035
0.12161,0.012817,-0.0033257,0.078278,2.5012,4.9796,0
0.14511,0.014191,-0.0038007,0.033875,2.5015,4.9783,0
0.18219,0.0047302,-0.005226,-0.00076294,2.5015,4.9789,0.00030518
0.20569,-0.0090027,-0.0042758,-0.03067,2.5012,4.9771,-0.00061035
0.22278,-0.014648,-0.005226,-0.059814,2.5018,4.9741,-0.00030518
0.25162,-0.013123,-0.0042758,-0.093689,2.4997,4.975,0
0.28778,-0.0065613,-0.0042758,-0.13,2.5006,4.975,0
0.30533,-0.00091553,-0.005226,-0.16815,2.5009,4.975,0.00061035
0.32074,-0.0018311,-0.0042758,-0.20676,2.5012,4.975,-0.00030518
0.34073,-0.0068665,-0.0047509,-0.24216,2.5027,4.9744,0
0.37796,-0.010834,-0.0028506,-0.2713,2.5027,4.9753,0.00030518
0.40421,-0.0079346,-0.0047509,-0.2977,2.5003,4.9741,0.00061035
0.42435,0.00091553,-0.0047509,-0.32516,2.5012,4.9753,-0.00030518
0.43961,0.0074768,-0.0047509,-0.35934,2.5006,4.9762,0
0.44785,0.010529,-0.0047509,-0.3978,2.5012,4.9765,-0.00061035
0.45715,0.010529,-0.0047509,-0.43549,2.5018,4.9762,0
0.47668,0.0062561,-0.0042758,-0.46844,2.5006,4.9771,0.00030518
0.48355,0.005188,-0.0042758,-0.49484,2.5009,4.9777,0
0.48019,0.0093079,-0.0042758,-0.51193,2.5009,4.9789,-0.00030518
0.46707,0.012817,-0.0047509,-0.52216,2.5009,4.9777,0.00030518
0.4599,0.013123,-0.0047509,-0.53833,2.5006,4.9799,0
0.4541,0.013275,-0.005226,-0.56747,2.5021,4.9796,-0.00030518
0.45212,0.012817,-0.0042758,-0.59341,2.5018,4.978,0
0.44357,0.0086975,-0.0042758,-0.60394,2.5012,4.9796,-0.00030518
0.43121,0.0016785,-0.0042758,-0.61417,2.5018,4.9783,0
0.41306,-0.0045776,-0.0042758,-0.62668,2.5006,4.9786,0.00030518
0.39825,-0.010681,-0.0042758,-0.63095,2.5009,4.9786,-0.00030518
0.37613,-0.013428,-0.0033257,-0.6308,2.5006,4.9771,0.00030518
0.35049,-0.011902,-0.0038007,-0.64255,2.5012,4.9771,0
0.32761,-0.0097656,-0.005226,-0.66147,2.5024,4.9765,0.00030518
0.29877,-0.005188,-0.0042758,-0.67184,2.5006,4.9768,-0.00030518
0.26215,-0.0015259,-0.0047509,-0.67368,2.5015,4.9765,0.00061035
0.23849,0.00030518,-0.0047509,-0.66849,2.5003,4.9762,0
0.20767,0.0047302,-0.0042758,-0.65872,2.5006,4.9768,0
0.17914,0.012512,-0.005226,-0.65659,2.5012,4.9765,0.00030518
0.15793,0.020599,-0.0042758,-0.65948,2.5018,4.9771,-0.00061035
0.1506,0.024109,-0.0047509,-0.66116,2.5006,4.9768,0.00030518
0.13336,0.020752,-0.0042758,-0.6517,2.5018,4.9786,0.00030518
0.12192,0.012054,-0.0042758,-0.6395,2.5009,4.9777,0.00030518
0.11475,0.0038147,-0.0042758,-0.63339,2.5012,4.9786,0
0.10666,0.0024414,-0.0038007,-0.62454,2.5015,4.9786,0.00030518
0.091858,0.0035095,-0.0042758,-0.5986,2.5018,4.9786,-0.00030518
0.080414,0.0039673,-0.0033257,-0.5722,2.5015,4.9774,0.00030518
0.039215,0.00091553,-0.0047509,-0.55069,2.5021,4.9786,0.00030518
-0.00061035,-0.0019836,-0.0042758,-0.53055,2.5018,4.9796,-0.00030518
-0.0074768,-0.0041199,-0.0042758,-0.50491,2.5009,4.9792,0
0.0057983,-0.0030518,-0.0028506,-0.47226,2.5009,4.9796,0.00091553
0.0062561,0.007782,-0.0033257,-0.43793,2.5009,4.9796,0.00030518
-0.010986,0.017395,-0.0038007,-0.40268,2.5015,4.9789,0.00091553
-0.042572,0.021057,-0.0047509,-0.36362,2.5009,4.9783,0.00030518
-0.0914,0.025177,-0.0023755,-0.32623,2.5012,4.9792,0
-0.10101,0.027771,-0.0042758,-0.28976,2.5009,4.9783,0.00030518
-0.098267,0.027618,-0.0038007,-0.25101,2.5012,4.9777,0
-0.13367,0.022125,-0.0042758,-0.21759,2.5021,4.9792,-0.00061035
-0.13351,0.012207,-0.0038007,-0.19913,2.5021,4.9789,0
-0.10208,-0.0030518,-0.0042758,-0.18326,2.5009,4.9789,-0.00030518
-0.099945,-0.020447,-0.0047509,-0.15549,2.5027,4.9796,0.00091553
-0.13397,-0.029144,-0.0047509,-0.12085,2.5009,4.9789,0
-0.1709,-0.025787,-0.0047509,-0.091095,2.5012,4.9792,0
-0.16449,-0.018158,-0.005226,-0.06958,2.5012,4.9789,0.00030518
-0.14282,-0.010681,-0.0038007,-0.054016,2.5009,4.9789,-0.00030518
-0.16907,-0.0054932,-0.0047509,-0.030975,2.5003,4.9783,0.00030518
-0.19196,-0.0021362,-0.0042758,-0.0035095,2.5012,4.9789,0.00061035
-0.18463,-0.0019836,-0.0042758,0.016022,2.5009,4.9796,0.00061035
-0.16922,-0.0093079,-0.0042758,0.027771,2.5021,4.9792,-0.00030518
-0.17456,-0.022736,-0.0047509,0.052338,2.5018,4.9805,0.00030518
-0.18509,-0.026093,-0.0042758,0.086365,2.5021,4.9783,0.00030518
-0.20081,-0.0093079,-0.0038007,0.10605,2.5009,4.9802,-0.00030518
-0.22171,0.0068665,-0.0042758,0.11703,2.5018,4.9799,-0.00030518
-0.22202,0.0094604,-0.0033257,0.13519,2.5015,4.9789,0.00030518
-0.21423,0.0079346,-0.0042758,0.15228,2.5021,4.9796,-0.00061035
-0.20706,0.004425,-0.0047509,0.16403,2.5012,4.9783,-0.00030518
-0.19455,-0.0042725,-0.0038007,0.17059,2.5021,4.9783,0
-0.20355,-0.018005,-0.0042758,0.18066,2.5012,4.9783,0
-0.22705,-0.032196,-0.005226,0.19363,2.5009,4.9774,0.00030518
-0.21591,-0.037994,-0.0047509,0.20569,2.5015,4.9786,-0.00061035
-0.20889,-0.031128,-0.0042758,0.21255,2.5015,4.9792,0.00030518
-0.20538,-0.02594,-0.0042758,0.21667,2.5012,4.9789,-0.00061035
-0.21851,-0.029297,-0.0047509,0.22141,2.5012,4.9792,0
-0.23163,-0.023041,-0.0047509,0.22705,2.5012,4.9786,0.00030518
-0.22446,0.00015259,-0.0038007,0.22919,2.5012,4.9796,0
-0.21973,0.0177,-0.0038007,0.22827,2.5018,4.978,0.00061035
-0.21118,0.019684,-0.0033257,0.22949,2.5015,4.978,0
-0.20508,0.019836,-0.0047509,0.24094,2.5015,4.9722,0
-0.21072,0.029297,-0.0047509,0.25543,2.5015,4.971,0.00030518
-0.20905,0.037689,-0.0023755,0.26474,2.5021,4.971,0
-0.20142,0.036011,-0.0038007,0.27252,2.5006,4.9695,-0.00030518
-0.17761,0.028992,-0.0042758,0.27191,2.5012,4.9695,-0.00030518
-0.19867,0.024109,-0.0042758,0.26276,2.5003,4.9698,0.00030518
-0.22873,0.026245,-0.0038007,0.25818,2.5009,4.9698,0
-0.2327,0.029907,-0.0047509,0.25818,2.5003,4.971,-0.00061035
-0.22095,0.021973,-0.005226,0.25452,2.5021,4.971,0.00030518
-0.20752,0.0071716,-0.005226,0.25284,2.5015,4.9725,0.00061035
-0.21591,-0.0028992,-0.0042758,0.25635,2.5006,4.9731,0.00030518
-0.22766,-0.0038147,-0.0047509,0.26352,2.5003,4.9741,-0.00030518
-0.23193,0.0016785,-0.005226,0.2684,2.5009,4.9731,0.00030518
-0.23331,-0.00015259,-0.0042758,0.27267,2.5018,4.9747,0
-0.23346,-0.010681,-0.0047509,0.27924,2.5021,4.9765,0
-0.23254,-0.01358,-0.0038007,0.28503,2.5021,4.9765,-0.00030518
-0.22125,-0.0082397,-0.0042758,0.29221,2.5012,4.9786,0.00061035
-0.21912,0.002594,-0.0033257,0.29633,2.5015,4.9783,-0.00061035
-0.22919,0.016174,-0.0047509,0.29495,2.5012,4.9789,0.00030518
-0.2272,0.024261,-0.0047509,0.29602,2.5012,4.9783,-0.00091553
-0.22827,0.021515,-0.0042758,0.29541,2.5003,4.9792,0.00030518
-0.22568,0.015564,-0.0042758,0.29404,2.5012,4.9796,-0.00061035
-0.2179,0.013885,-0.0047509,0.2916,2.5012,4.9796,-0.00030518
-0.2124,0.012512,-0.0038007,0.28915,2.5009,4.9792,0
-0.21912,0.011597,-0.0047509,0.28488,2.5012,4.9796,0.00030518
-0.22491,0.0097656,-0.0038007,0.28107,2.5015,4.9783,0.00030518
-0.22141,0.0073242,-0.0033257,0.27908,2.5009,4.9789,0
-0.21469,0.00091553,-0.0047509,0.27878,2.5006,4.9792,0
-0.21332,-0.0062561,-0.005226,0.27863,2.5015,4.9777,0.00061035
-0.19775,-0.0062561,-0.0038007,0.2771,2.5021,4.9786,0.00030518
-0.18448,-0.0062561,-0.0042758,0.27573,2.5015,4.9792,-0.00030518
-0.18234,-0.0177,-0.0047509,0.26886,2.5009,4.9786,0
-0.18234,-0.033569,-0.0042758,0.26245,2.5012,4.9796,0
-0.18478,-0.033569,-0.0038007,0.26154,2.5015,4.9786,0
-0.18799,-0.018768,-0.0042758,0.27115,2.5012,4.9796,-0.00091553
-0.19058,-0.0050354,-0.0047509,0.27344,2.5012,4.9789,-0.00030518
-0.19119,0.00061035,-0.0033257,0.26566,2.5012,4.9786,-0.0012207
-0.18417,0.0038147,-0.0047509,0.25833,2.5009,4.9792,0.00030518
-0.17365,0.0016785,-0.0028506,0.2565,2.5012,4.9792,-0.00030518
-0.15533,-0.0030518,-0.0047509,0.25467,2.5012,4.9799,0.00061035
-0.14801,-0.002594,-0.0047509,0.2504,2.5015,4.9792,-0.00030518
-0.1503,-0.0036621,-0.0047509,0.2449,2.5006,4.9789,-0.00061035
-0.1535,-0.014191,-0.0038007,0.24231,2.5012,4.9799,-0.00030518
-0.15274,-0.023956,-0.0042758,0.23926,2.5021,4.9792,0.00061035
-0.14297,-0.025787,-0.0038007,0.23071,2.5021,4.9792,0.00030518
-0.12283,-0.023193,-0.0042758,0.22202,2.5015,4.9789,0.00061035
-0.10788,-0.019836,-0.0047509,0.21057,2.5021,4.9796,0
-0.094757,-0.01358,-0.0028506,0.1973,2.5015,4.9792,0
-0.086975,-0.002594,-0.0047509,0.18326,2.5018,4.9783,-0.00030518
-0.07309,0.010376,-0.0047509,0.17426,2.5006,4.9783,-0.00061035
-0.059662,0.020599,-0.0038007,0.16953,2.5018,4.9792,0
-0.044556,0.018463,-0.0028506,0.16403,2.5012,4.9792,0
-0.042877,0.0065613,-0.0028506,0.15518,2.5024,4.9792,-0.00030518
-0.045624,-0.00091553,-0.005701,0.1506,2.5012,4.9786,-0.00061035
-0.040741,-0.0039673,-0.0042758,0.14526,2.5012,4.9783,0.00030518
-0.032806,-0.012207,-0.0033257,0.13092,2.5009,4.978,0.00061035
-0.019836,-0.026245,-0.0042758,0.11185,2.5018,4.9768,-0.00030518
-0.0086975,-0.033569,-0.0042758,0.099182,2.5015,4.9762,0
-0.0091553,-0.031891,-0.0042758,0.098724,2.5021,4.9765,-0.00061035
-0.00015259,-0.021973,-0.0038007,0.10025,2.5012,4.9771,0.00061035
0.0042725,-0.0038147,-0.0038007,0.097046,2.5018,4.9768,0.00030518
0.0061035,0.020599,-0.0038007,0.086365,2.5015,4.9762,0.00030518
0.013123,0.039368,-0.0042758,0.074921,2.5012,4.9756,0.00061035
0.029755,0.044098,-0.0033257,0.067749,2.5012,4.9759,-0.00030518
0.040283,0.050507,-0.0038007,0.063782,2.5003,4.9768,0.00030518
0.041046,0.059204,-0.0042758,0.059814,2.5018,4.9774,0.00030518
0.045624,0.05249,-0.0038007,0.050659,2.5003,4.9774,-0.00030518
0.050354,0.026093,-0.0033257,0.046997,2.5012,4.9777,-0.00061035
0.048676,-0.0048828,-0.0047509,0.054321,2.5015,4.9771,0
0.063171,-0.024567,-0.0042758,0.050659,2.5009,4.9783,-0.00030518
0.072327,-0.031433,-0.0047509,0.038147,2.5009,4.9783,0
0.070343,-0.033569,-0.0047509,0.032043,2.5015,4.9774,0
0.075684,-0.034485,-0.0042758,0.031128,2.5027,4.9774,0
0.088348,-0.031738,-0.0042758,0.024567,2.5015,4.9777,0.00030518
0.094604,-0.021515,-0.005226,0.017395,2.5021,4.9792,0
0.0914,-0.012817,-0.0033257,0.012512,2.5015,4.9792,0
0.0914,-0.0065613,-0.0038007,0.0090027,2.5018,4.9792,0.00030518
0.09613,0.0032043,-0.0042758,0.0018311,2.5018,4.9792,0.00030518
0.097351,0.010986,-0.0042758,-0.0071716,2.5012,4.9792,0.00030518
0.10956,0.011139,-0.0042758,-0.012054,2.5012,4.9786,0
0.11063,0.0041199,-0.0047509,-0.011139,2.5003,4.9765,0
0.10559,-0.0047302,-0.0033257,-0.018463,2.5009,4.9762,-0.00061035
0.1062,-0.0091553,-0.0047509,-0.029144,2.5027,4.9741,0.00030518
0.11215,-0.01297,-0.0038007,-0.032654,2.5003,4.9744,-0.00030518
0.1149,-0.019073,-0.0047509,-0.027466,2.5006,4.9747,0
0.1178,-0.024719,-0.0042758,-0.020905,2.5024,4.9744,0
0.12344,-0.021515,-0.0038007,-0.019836,2.5012,4.9756,0.00030518
0.12695,-0.0090027,-0.0033257,-0.026855,2.5021,4.975,0
0.12329,0.0015259,-0.0033257,-0.032959,2.5015,4.9747,0.00061035
0.12955,0.0012207,-0.0038007,-0.037537,2.5012,4.9747,0.00030518
0.14038,-0.0085449,-0.0033257,-0.03952,2.5012,4.9765,-0.00061035
0.15762,-0.023499,-0.0042758,-0.039673,2.5015,4.9759,0
0.14542,-0.03006,-0.0028506,-0.037689,2.5012,4.9762,0.00030518
0.12711,-0.023804,-0.0047509,-0.036621,2.5021,4.9762,0
0.12558,-0.014038,-0.0038007,-0.039063,2.5009,4.9783,0.00061035
0.12375,-0.0042725,-0.0042758,-0.042114,2.5006,4.9783,0.00030518
0.11795,-0.0059509,-0.0042758,-0.037079,2.5027,4.9789,-0.00030518
0.1207,-0.015717,-0.0047509,-0.030975,2.5006,4.9789,0
0.12634,-0.0177,-0.0042758,-0.030518,2.5015,4.9783,0.00030518
0.1355,-0.012512,-0.0047509,-0.033417,2.5012,4.9783,0.00030518
0.12329,-0.0091553,-0.0038007,-0.0354,2.5015,4.9783,-0.00061035
0.1091,-0.0059509,-0.0038007,-0.032806,2.5012,4.9783,-0.00030518
0.10727,0.0042725,-0.0042758,-0.035553,2.5018,4.9783,0.00030518
0.10696,0.018463,-0.0033257,-0.042725,2.5006,4.9805,-0.00030518
0.10605,0.024414,-0.0038007,-0.046387,2.5012,4.9789,0
0.11353,0.016479,-0.0042758,-0.048828,2.5006,4.9789,-0.00030518
0.11627,0.0048828,-0.0038007,-0.052643,2.5003,4.9796,-0.00091553
0.11261,-0.0041199,-0.0028506,-0.054321,2.5012,4.9789,0.00030518
0.10483,-0.0038147,-0.0042758,-0.057068,2.5006,4.9777,-0.00030518
0.1181,0.00061035,-0.0042758,-0.063629,2.5009,4.9783,0.00030518
0.11749,0.0065613,-0.0047509,-0.06897,2.5027,4.978,0
0.10086,0.011749,-0.0042758,-0.067291,2.5003,4.9792,-0.00061035
0.097198,0.01358,-0.0038007,-0.062256,2.5018,4.9789,-0.00030518
0.10468,0.014954,-0.0028506,-0.050964,2.5006,4.9792,0
0.10605,0.017242,-0.0042758,-0.041046,2.5012,4.9783,0.00030518
0.10376,0.019684,-0.0047509,-0.041199,2.5021,4.9786,0
0.09552,0.018921,-0.0033257,-0.044556,2.5012,4.9765,-0.00030518
0.091095,0.019379,-0.0042758,-0.041809,2.5018,4.9771,0
0.084534,0.018616,-0.0038007,-0.040894,2.5012,4.9762,0.00061035
0.088654,0.011292,-0.0033257,-0.04425,2.5012,4.9756,0.00091553
0.094604,0.0036621,-0.0038007,-0.049591,2.5015,4.9771,0.00061035
0.093536,0.0015259,-0.0038007,-0.052338,2.5015,4.9768,0.00030518
0.08728,0.0082397,-0.0047509,-0.057526,2.5018,4.9774,0.00030518
0.079193,0.0177,-0.0038007,-0.062256,2.5003,4.9768,-0.00061035
0.061493,0.015869,-0.0023755,-0.061798,2.5009,4.9768,0.00061035
0.066376,0.0076294,-0.0023755,-0.059662,2.5015,4.9768,0.00030518
0.070953,0.0030518,-0.0033257,-0.056,2.5009,4.9771,-0.00061035
0.058136,0.0030518,-0.0038007,-0.052338,2.5021,4.978,0.00061035
0.04425,0.0036621,-0.0042758,-0.054016,2.5018,4.9771,0.00030518
0.061951,0.0019836,-0.0038007,-0.05188,2.5021,4.9777,0.00091553
0.069885,-0.0042725,-0.0038007,-0.054932,2.5012,4.9783,-0.00030518
0.064087,-0.0068665,-0.0047509,-0.061798,2.5006,4.9774,0.00030518
0.063629,-0.0015259,-0.0028506,-0.061798,2.5009,4.978,0.00030518
0.062408,0.002594,-0.0038007,-0.055389,2.5009,4.9789,0.00061035
0.056763,0.0027466,-0.0047509,-0.053253,2.5021,4.9789,0.00030518
0.053253,0.007782,-0.0042758,-0.054474,2.5015,4.9786,0
0.054474,0.018005,-0.0047509,-0.046997,2.5012,4.9802,-0.00061035
0.048981,0.02243,-0.005701,-0.036621,2.5003,4.9789,0
0.039673,0.023041,-0.0038007,-0.030365,2.5012,4.9789,0.00030518
0.047607,0.023804,-0.0047509,-0.03006,2.5012,4.9789,0
0.053101,0.026245,-0.0038007,-0.039673,2.5018,4.9789,0
0.062561,0.027924,-0.0047509,-0.044556,2.5012,4.9783,-0.00061035
0.065918,0.026398,-0.0042758,-0.035553,2.5018,4.978,-0.00030518
0.052948,0.024261,-0.0028506,-0.021057,2.5003,4.9789,0
0.049896,0.021667,-0.0047509,-0.019531,2.5015,4.9789,0
0.044708,0.01297,-0.0038007,-0.025177,2.5015,4.9796,0.00030518
0.03418,0.0036621,-0.0042758,-0.025635,2.5015,4.9796,-0.00091553
0.029602,0.0013733,-0.0047509,-0.022278,2.5024,4.9789,0.00091553
0.024567,0.0012207,-0.0033257,-0.020599,2.5018,4.9783,-0.00030518
0.022583,0.0016785,-0.0047509,-0.019989,2.5006,4.9783,0.00061035
0.024109,0.0038147,-0.0047509,-0.018616,2.5015,4.9789,0.00030518
0.023193,0.0047302,-0.0042758,-0.018158,2.5012,4.9786,0.00030518
0.018158,0.004425,-0.0042758,-0.019073,2.5006,4.9792,0.00030518
0.027771,0,-0.0033257,-0.026093,2.5018,4.9792,0.00091553
0.036774,-0.010986,-0.005226,-0.037537,2.5015,4.9789,0.00030518
0.035553,-0.022583,-0.0042758,-0.046387,2.5009,4.9792,0
0.030365,-0.032043,-0.0033257,-0.050201,2.5015,4.9789,0.00030518
0.026703,-0.039673,-0.0042758,-0.050201,2.5009,4.9799,0.00030518
0.0088501,-0.041351,-0.0047509,-0.048065,2.5018,4.9792,0
0.019989,-0.032501,-0.0042758,-0.045471,2.5015,4.9789,0
0.023956,-0.023041,-0.0047509,-0.042572,2.5015,4.9759,0.00030518
0.012054,-0.016327,-0.0042758,-0.03891,2.5015,4.9744,-0.00030518
0.0010681,-0.011139,-0.0042758,-0.037384,2.5018,4.9747,0
0.012512,-0.0065613,-0.0042758,-0.040131,2.5009,4.9744,0
0.026093,-0.0080872,-0.0038007,-0.041962,2.5018,4.9741,-0.00030518
0.021515,-0.0093079,-0.0047509,-0.03479,2.5006,4.9744,-0.00030518
0.0067139,-0.0050354,-0.0047509,-0.024872,2.5015,4.9747,0.00030518
-0.0047302,0.002594,-0.0042758,-0.020905,2.5015,4.9747,0.00091553
-0.015869,0.0062561,-0.0042758,-0.027466,2.5006,4.9741,-0.00061035
-0.0015259,-0.0010681,-0.0047509,-0.034332,2.5018,4.9747,0
0.0094604,0.00091553,-0.0042758,-0.035553,2.5015,4.9753,0
0.015411,0.020447,-0.0047509,-0.029907,2.5015,4.9747,0.00061035
0.022736,0.038757,-0.0042758,-0.022888,2.5018,4.9728,0.00030518
0.020752,0.040588,-0.0042758,-0.015869,2.5018,4.9725,0.00030518
0.012207,0.030823,-0.005226,-0.012817,2.5009,4.9759,0
0.0041199,0.018005,-0.0038007,-0.015869,2.5018,4.9762,0
0.0035095,0.0064087,-0.0042758,-0.016174,2.5012,4.9768,0.00030518
0.005188,-0.0036621,-0.0042758,-0.011444,2.5012,4.9765,0.00091553
-0.0021362,-0.0091553,-0.0047509,-0.004425,2.5018,4.9768,-0.00030518
0.0082397,-0.0042725,-0.0042758,-0.0041199,2.5009,4.9768,0.00030518
0.007019,-0.0012207,-0.0047509,-0.0090027,2.5009,4.9771,0
-0.0045776,-0.0048828,-0.0047509,-0.0071716,2.5018,4.9768,-0.00061035
-0.0053406,-0.004425,-0.0042758,0.0010681,2.5009,4.9774,-0.00030518
-0.0030518,0.0016785,-0.0038007,0.0027466,2.5012,4.9777,-0.00030518
-0.016937,0.0065613,-0.0042758,0.0064087,2.5012,4.9774,0.00030518
-0.015106,0.0088501,-0.005226,0.011597,2.5015,4.9774,0
-0.0064087,0.0080872,-0.0047509,0.014648,2.5006,4.9783,0
-0.00045776,0.0024414,-0.005226,0.012054,2.5018,4.9777,-0.00030518
0.0047302,-0.005188,-0.0042758,0.0045776,2.5015,4.978,0.00030518
0.015411,-0.011597,-0.0033257,-0.0048828,2.5015,4.9789,0.00030518
-0.0021362,-0.012512,-0.005226,-0.011292,2.5003,4.9789,0.00030518
-0.015411,-0.0099182,-0.0042758,-0.010529,2.5018,4.9792,0
-0.01236,-0.0059509,-0.0033257,-0.0056458,2.5015,4.9789,-0.00061035
-0.0088501,-0.00061035,-0.0042758,-0.0030518,2.5003,4.9796,0.00030518
-0.0097656,0.0053406,-0.0042758,-0.0015259,2.5009,4.9792,-0.00030518
-0.015259,0.009613,-0.0042758,-0.0030518,2.5012,4.9786,0.00030518
-0.016937,0.010223,-0.0038007,0.0021362,2.5021,4.9786,0
-0.010986,0.0062561,-0.0047509,0.007782,2.5009,4.9796,0
-0.010071,0.0061035,-0.005226,0.007019,2.5021,4.9789,0.00030518
-0.005188,0.010529,-0.005701,0.0027466,2.5012,4.9786,0.00030518
-0.005188,0.012207,-0.0028506,0.0013733,2.5009,4.9796,-0.00030518
-0.0035095,0.0094604,-0.0047509,0,2.5009,4.9802,-0.00030518
-0.004425,0.0062561,-0.0042758,-0.0013733,2.5015,4.9789,0
-0.0061035,0.0041199,-0.0047509,0.0021362,2.5003,4.9792,0.00061035
-0.0071716,0.0032043,-0.0047509,0.0036621,2.5012,4.9786,0.00091553
-0.0065613,-0.0013733,-0.0042758,0.0030518,2.5009,4.9789,-0.00030518
-0.0039673,-0.0065613,-0.0047509,0.0056458,2.5009,4.9796,-0.00091553
-0.0065613,-0.0097656,-0.005226,0.0079346,2.5009,4.9796,0.00061035
-0.011597,-0.011292,-0.0047509,0.0082397,2.5015,4.9777,0
-0.0059509,-0.012665,-0.0047509,0.0045776,2.5018,4.9786,0
-0.010223,-0.012054,-0.0042758,0.0050354,2.5021,4.9796,0.00030518
-0.015717,-0.0085449,-0.0038007,0.011597,2.5018,4.9783,0.00030518
-0.013275,-0.0073242,-0.0047509,0.016174,2.5003,4.9792,0
-0.0091553,-0.0054932,-0.0038007,0.016327,2.5015,4.9796,-0.00061035
-0.010834,-0.0027466,-0.005226,0.013275,2.5009,4.9796,0
-0.015259,0,-0.0042758,0.0099182,2.5012,4.9792,-0.00030518
-0.016174,0.0010681,-0.0047509,0.0074768,2.5015,4.9786,0.00030518
-0.016785,0.00045776,-0.0042758,0.0047302,2.5015,4.9796,0
-0.023041,-0.0013733,-0.0042758,0.0036621,2.5009,4.9796,0
-0.016479,-0.002594,-0.0042758,0.0085449,2.5015,4.9783,0.00030518
-0.015106,-0.0010681,-0.0047509,0.010834,2.5006,4.9792,0.00030518
-0.024261,0.0033569,-0.0038007,0.010834,2.5018,4.9789,0.00030518
-0.019836,0.007019,-0.0038007,0.0065613,2.5018,4.9786,0
-0.004425,0.0090027,-0.0047509,0.0062561,2.5024,4.9792,0
0.0065613,0.007019,-0.0033257,0.010223,2.5009,4.9792,-0.00061035
-0.014954,0.0083923,-0.0028506,0.0076294,2.5012,4.9796,-0.00061035
-0.03067,0.010834,-0.0042758,0.0045776,2.5009,4.978,0.00030518
-0.032501,0.0080872,-0.0042758,0.0057983,2.5018,4.9774,-0.00061035
-0.035095,0.0062561,-0.0038007,0.0061035,2.5012,4.9768,0.00061035
-0.027466,0.0088501,-0.0042758,0.0041199,2.5018,4.978,0.00061035
-0.020294,0.0097656,-0.0047509,0,2.5021,4.9765,0.00030518
-0.020599,0.011597,-0.0047509,0.0010681,2.5009,4.9768,0.00030518
-0.019836,0.010834,-0.0042758,0.0027466,2.5015,4.9762,0.00030518
-0.019073,0.007782,-0.0042758,0.00076294,2.5015,4.9762,-0.00061035
-0.019989,0.0027466,-0.0042758,0,2.5003,4.9765,0.00030518
-0.023193,-0.0033569,-0.0042758,0.0015259,2.5012,4.9768,0
-0.018616,-0.011749,-0.0047509,0.007019,2.5015,4.9774,0.00030518
-0.022278,-0.021057,-0.005226,0.011597,2.5006,4.9771,0.00061035
-0.031281,-0.025024,-0.0042758,0.0090027,2.5012,4.9771,-0.00030518
-0.01358,-0.020905,-0.0042758,0.0032043,2.5012,4.9777,0
-0.0032043,-0.012054,-0.0038007,0.0036621,2.5021,4.9734,0
-0.021667,-0.0093079,-0.005701,0.0064087,2.5018,4.9728,-0.00030518
-0.039978,-0.0086975,-0.0042758,0.009613,2.5012,4.9734,0
-0.032806,-0.010529,-0.005226,0.0086975,2.5015,4.9728,0.0012207
-0.02182,-0.014648,-0.005701,0.0056458,2.5021,4.9741,0.00030518
-0.010071,-0.016022,-0.0042758,0.00045776,2.5009,4.9756,0
-0.0010681,-0.0097656,-0.0038007,-0.0073242,2.5009,4.9741,0.00030518
0.00045776,0.00030518,-0.0038007,-0.012207,2.5,4.9747,0
0.0013733,0.0061035,-0.0047509,-0.0094604,2.5024,4.9738,-0.00030518
0.010071,0.007019,-0.0042758,-0.0050354,2.5018,4.975,0.00030518
0.005188,0.0068665,-0.0047509,-0.0033569,2.5009,4.9756,0.00030518
-0.0032043,0.0036621,-0.0047509,-0.0038147,2.5003,4.9762,-0.00030518
-0.0039673,-0.0030518,-0.0033257,-0.0057983,2.5012,4.9747,0
0.00076294,-0.011597,-0.0042758,-0.0028992,2.5,4.9759,-0.00061035
-0.0042725,-0.01297,-0.0038007,0.0061035,2.5018,4.978,0.00030518
-0.0097656,-0.007019,-0.0047509,0.016327,2.5018,4.9783,-0.00030518
-0.0177,-0.00076294,-0.0038007,0.018005,2.5018,4.9783,0.00061035
-0.052795,0.0015259,-0.0038007,0.011292,2.5015,4.9786,0.00030518
-0.029907,0.0042725,-0.0042758,0.0016785,2.5015,4.9796,0
0.022125,0.0083923,-0.0042758,-0.0010681,2.5009,4.9786,0.00030518
0.027771,0.0086975,-0.005701,0.0032043,2.5018,4.9786,0.00030518
-0.0045776,0.0080872,-0.0047509,0.010376,2.5021,4.9789,-0.00030518
-0.021515,0.010223,-0.0047509,0.010834,2.5018,4.9799,0
-0.028381,0.012665,-0.0038007,0.007019,2.5015,4.9786,0
-0.019379,0.014648,-0.0038007,0.0039673,2.5003,4.9789,0
-0.015259,0.014801,-0.0047509,0.0074768,2.5006,4.9792,0
-0.0073242,0.0097656,-0.0042758,0.0091553,2.5015,4.9783,0.00061035
-0.0015259,0,-0.005226,0.0048828,2.5018,4.9786,0.00030518
0.0033569,-0.0083923,-0.0042758,0.0012207,2.5018,4.978,-0.00061035
0.0083923,-0.0099182,-0.0038007,0.0019836,2.5009,4.9789,0
-0.0065613,-0.010071,-0.0047509,0.007782,2.5015,4.9789,0.00030518
-0.023346,-0.011292,-0.0047509,0.014648,2.5009,4.9789,0.00030518
-0.021973,-0.0090027,-0.0047509,0.012512,2.5015,4.9796,-0.00030518
-0.0073242,-0.00076294,-0.0038007,0.0068665,2.5012,4.9792,0.00061035
0.0057983,0.0074768,-0.0047509,0.0057983,2.5021,4.9799,0
0.009613,0.012054,-0.005226,0.010071,2.5012,4.9799,0.00030518
0.0016785,0.014954,-0.0042758,0.014191,2.5018,4.9792,0.00061035
-0.0054932,0.016174,-0.0047509,0.01358,2.5009,4.9792,0
-0.009613,0.014191,-0.0042758,0.014954,2.5006,4.9796,0.00030518
0.0010681,0.013275,-0.005226,0.014038,2.5012,4.9792,-0.00061035
0.0068665,0.012817,-0.005226,0.010986,2.5012,4.9792,-0.00061035
0.0086975,0.010834,-0.0042758,0.010834,2.5006,4.9792,-0.00061035
0.0048828,0.0062561,-0.0042758,0.018158,2.5009,4.978,0.00030518
-0.0039673,-0.0030518,-0.005226,0.030975,2.5021,4.9774,0
-0.00061035,-0.010986,-0.0038007,0.037231,2.5012,4.9768,-0.00030518
0.0061035,-0.01236,-0.0042758,0.025177,2.5003,4.9768,0
-0.0032043,-0.010986,-0.0038007,0.0061035,2.5012,4.9768,-0.00030518
-0.018768,-0.0094604,-0.0042758,-0.00091553,2.5021,4.9774,-0.00061035
-0.035095,-0.0059509,-0.0047509,0.005188,2.5009,4.9765,0
-0.033417,-0.0028992,-0.0047509,0.0091553,2.5021,4.9765,-0.00030518
-0.025024,-0.0027466,-0.0047509,0.0073242,2.5009,4.9765,0.00061035
-0.016785,-0.0059509,-0.0033257,0.0054932,2.5018,4.9768,0
-0.01358,-0.0032043,-0.005701,0.011902,2.5003,4.978,-0.00030518
-0.0177,0.0018311,-0.0042758,0.018463,2.5012,4.9774,0.00030518
-0.022583,0.002594,-0.0042758,0.014191,2.5006,4.9777,0
-0.022888,0.0010681,-0.0047509,0.0068665,2.5012,4.9768,0
-0.014648,-0.002594,-0.0047509,0.0019836,2.5018,4.9774,0.00030518
-0.0057983,-0.0093079,-0.0047509,0.0038147,2.5003,4.9774,-0.00061035
-0.010376,-0.013733,-0.0047509,0.0085449,2.5021,4.9774,-0.00030518
-0.0028992,-0.010223,-0.0042758,0.0080872,2.5006,4.978,0.00061035
0.0053406,-0.0022888,-0.0042758,0.004425,2.5015,4.9777,0.00061035
0.0015259,0.0036621,-0.0033257,0.011749,2.5012,4.978,-0.00061035
-0.010223,0.0071716,-0.0047509,0.019989,2.5009,4.978,-0.00030518
-0.035553,0.0094604,-0.0047509,0.014343,2.5018,4.9786,0.00030518
-0.04303,0.014801,-0.0047509,0.0059509,2.5027,4.9789,0
-0.012817,0.019226,-0.0042758,0.0035095,2.5006,4.9786,0.00030518
-0.0093079,0.019989,-0.0042758,0.0093079,2.5012,4.9792,0
-0.018311,0.018005,-0.0047509,0.014038,2.5003,4.9789,0
-0.020599,0.015564,-0.0042758,0.014801,2.5015,4.9786,-0.00061035
-0.014496,0.012207,-0.0047509,0.015564,2.5012,4.9786,0.00030518
-0.0082397,0.007782,-0.0047509,0.015106,2.5024,4.9786,0.00061035
-0.010529,0.0036621,-0.0047509,0.014954,2.5003,4.9789,-0.00030518
-0.013123,-0.00015259,-0.005226,0.018158,2.5018,4.9796,0
-0.0064087,-0.0068665,-0.0047509,0.021362,2.5012,4.9789,-0.00061035
-0.0027466,-0.0091553,-0.0047509,0.018463,2.5015,4.9789,0
-0.0080872,-0.0085449,-0.005226,0.014954,2.5012,4.9789,0
-0.0061035,-0.0080872,-0.0042758,0.010223,2.5009,4.9796,0.00030518
0.00076294,-0.0068665,-0.0042758,0.011444,2.5021,4.9786,0.00030518
-0.0053406,-0.011444,-0.005226,0.018005,2.5015,4.9786,0
-0.0097656,-0.018311,-0.0047509,0.022736,2.5009,4.9792,-0.00030518
-0.016174,-0.018616,-0.0047509,0.025787,2.5015,4.9756,0
-0.020599,-0.01297,-0.0042758,0.031891,2.5015,4.9747,0.00091553
-0.025635,-0.0065613,-0.0038007,0.03479,2.5006,4.9741,0
-0.033112,-0.0027466,-0.0042758,0.026093,2.5009,4.9744,0
-0.021057,0.0021362,-0.005226,0.018463,2.5012,4.9744,-0.00030518
-0.011597,0.010223,-0.0042758,0.018005,2.5021,4.9744,0.00061035
-0.011902,0.015259,-0.0042758,0.015106,2.5009,4.9747,0
-0.0054932,0.016327,-0.0047509,0.0059509,2.5006,4.9747,0
-0.0053406,0.017853,-0.0047509,-0.0021362,2.5012,4.9741,0
0.0045776,0.019989,-0.0047509,-0.0054932,2.5012,4.9753,0.00030518
0.0065613,0.016785,-0.0047509,-0.007782,2.5012,4.9753,0.00030518
-0.0016785,0.0099182,-0.0042758,-0.010986,2.5024,4.9756,0
-0.018921,0.0061035,-0.0042758,-0.013123,2.5015,4.9765,0
-0.03006,0.0086975,-0.0047509,-0.016479,2.5015,4.975,0
-0.0086975,0.012207,-0.0038007,-0.018005,2.5009,4.9768,-0.00030518
-0.0024414,0.011139,-0.0047509,-0.011139,2.5018,4.9786,0.00030518
-0.011292,0.0062561,-0.0047509,0.00061035,2.5018,4.978,0
-0.014343,-0.0015259,-0.005226,0.0086975,2.5015,4.9786,0.00061035
-0.010986,-0.012512,-0.0047509,0.009613,2.5009,4.9783,0.00030518
0.0050354,-0.013885,-0.0042758,0.0012207,2.5015,4.9796,0.00030518
0.0062561,-0.0093079,-0.005226,-0.011749,2.5009,4.9783,0.00030518
-0.0079346,-0.005188,-0.0042758,-0.010834,2.5018,4.978,0.00030518
-0.02243,-0.0036621,-0.0042758,-0.0035095,2.5003,4.9783,0.00061035
-0.0071716,-0.0030518,-0.0047509,-0.0054932,2.5015,4.978,0.0012207
0.0093079,-0.0018311,-0.0042758,-0.013428,2.5021,4.9771,0
0.0091553,0.002594,-0.0042758,-0.015106,2.5015,4.9762,0.00030518
0.0028992,0.0068665,-0.0042758,-0.0074768,2.5003,4.9762,-0.00030518
-0.00076294,0.0079346,-0.0042758,-0.0048828,2.5015,4.9759,0.00030518
-0.0032043,0.0048828,-0.0038007,-0.0071716,2.5006,4.9762,0.00030518
0.019073,0.0013733,-0.0033257,-0.011292,2.5018,4.9762,-0.00030518
0.016785,-0.00015259,-0.0047509,-0.014038,2.5009,4.9771,-0.00091553
-0.0036621,-0.00061035,-0.005226,-0.015411,2.5009,4.9759,0.00030518
-0.011292,0.0013733,-0.005226,-0.014648,2.5006,4.9768,-0.00061035
-0.013275,0.0022888,-0.0033257,-0.011902,2.5009,4.9762,0.00030518
-0.01709,-0.0021362,-0.0038007,-0.010986,2.5009,4.9771,-0.00030518
-0.0015259,-0.0067139,-0.005226,-0.0094604,2.5009,4.9777,-0.00061035
0.0039673,-0.0091553,-0.0038007,-0.0053406,2.5021,4.9783,0
-0.00015259,-0.010376,-0.0042758,-0.0016785,2.5012,4.9774,0
-0.013123,-0.0080872,-0.0042758,0.0036621,2.5012,4.9774,0.00030518
-0.011902,-0.0038147,-0.0042758,0.010681,2.5012,4.9771,0.00030518
-0.017853,-0.0047302,-0.005226,0.013123,2.5021,4.978,0
-0.017853,-0.0088501,-0.0042758,0.011749,2.5015,4.9786,0
-0.004425,-0.012054,-0.0038007,0.0073242,2.5021,4.9792,0
0.0074768,-0.012817,-0.0042758,0.0079346,2.5,4.9789,-0.00030518
0.010681,-0.014954,-0.005226,0.014801,2.5009,4.9786,0.00061035
0.012054,-0.015717,-0.0038007,0.016632,2.5012,4.9783,0
0.021362,-0.012207,-0.0038007,0.0076294,2.5012,4.9796,0
0.028229,-0.0056458,-0.005226,0.0039673,2.5012,4.9796,0.00061035
0.018158,-0.0022888,-0.0033257,0.0074768,2.5021,4.978,0.00030518
0.018311,-0.005188,-0.0038007,0.012817,2.5015,4.9789,-0.00030518
0.010223,-0.0061035,-0.0042758,0.018921,2.5015,4.9783,0.00030518
-0.0071716,-0.0073242,-0.0042758,0.020905,2.5006,4.9792,0.00030518
0.00045776,-0.0064087,-0.0033257,0.020294,2.5015,4.9777,0.00061035
0.0053406,-0.0068665,-0.0042758,0.023651,2.5015,4.9789,0.00061035
0.0035095,-0.0067139,-0.0047509,0.03006,2.5021,4.9786,0
0.0013733,-0.004425,-0.0038007,0.028687,2.5018,4.9786,0
0.0099182,0.0012207,-0.005226,0.02182,2.5003,4.9796,0
0.012054,0.0065613,-0.005226,0.01709,2.5015,4.9796,-0.00030518
0.0032043,0.0076294,-0.0042758,0.017242,2.5012,4.9786,0.00030518
0.0068665,0.010529,-0.0047509,0.012054,2.5006,4.9789,-0.00061035
0.0032043,0.015564,-0.0038007,0.0027466,2.5015,4.9789,0.00030518
0.0039673,0.017548,-0.0042758,0.0024414,2.5018,4.9789,0.00030518
0.0093079,0.018005,-0.0047509,0.0076294,2.5006,4.9796,-0.00030518
-0.0059509,0.018921,-0.0038007,0.0059509,2.5006,4.9789,-0.00030518
-0.014954,0.016479,-0.0038007,-0.00061035,2.5006,4.9792,0.00030518
-0.010529,0.014801,-0.0038007,-0.00061035,2.5021,4.9789,0
-0.01358,0.015411,-0.0047509,0.0036621,2.5012,4.9792,0.00030518
-0.0013733,0.013123,-0.0047509,0.0061035,2.5015,4.9789,-0.00030518
0.019989,0.0053406,-0.0042758,0.0071716,2.5018,4.9783,-0.00030518
0.0059509,-0.0027466,-0.0033257,0.010071,2.5009,4.9777,0.00061035
0.0038147,-0.0090027,-0.0047509,0.010376,2.5015,4.9786,0
-0.0010681,-0.014343,-0.0042758,0.0071716,2.5015,4.9789,0.00030518
-0.021057,-0.01709,-0.0042758,0.0090027,2.5009,4.9792,-0.00091553
0.0035095,-0.015564,-0.0042758,0.015259,2.5021,4.9796,-0.0012207
0.0059509,-0.013428,-0.0042758,0.014801,2.5018,4.9796,0
0.0016785,-0.013275,-0.0042758,0.014191,2.5006,4.9789,0.00061035
-0.0045776,-0.010834,-0.0042758,0.011139,2.5018,4.9792,0.00030518
-0.020599,-0.0039673,-0.0042758,0.011597,2.5015,4.9799,0
-0.015411,0.00045776,-0.005226,0.014801,2.5018,4.9783,0.00091553
-0.0068665,-0.0038147,-0.0047509,0.014954,2.5015,4.9777,0
-0.0074768,-0.013428,-0.0038007,0.016632,2.5018,4.9728,-0.00030518
-0.0019836,-0.019836,-0.0038007,0.020599,2.5015,4.9707,-0.00061035
0.027313,-0.018921,-0.0047509,0.019073,2.5018,4.9695,0
0.0015259,-0.01297,-0.0047509,0.014191,2.5009,4.9698,0.00030518
-0.026245,-0.0057983,-0.0042758,0.010834,2.5009,4.9692,0.00091553
-0.014496,0.0028992,-0.0042758,0.010376,2.5012,4.971,-0.00030518
-0.0028992,0.010223,-0.005226,0.007782,2.5009,4.9704,0
-0.0083923,0.014648,-0.0047509,0.0048828,2.5012,4.9707,0.00030518
-0.017242,0.016327,-0.0038007,0.0088501,2.5015,4.9716,-0.00091553
0.0035095,0.017395,-0.0038007,0.010681,2.5006,4.9725,-0.00061035
0.015717,0.017853,-0.0042758,0.0093079,2.5009,4.9738,0.00030518
0.007782,0.015869,-0.0038007,0.0068665,2.5015,4.9731,0.00061035
-0.00045776,0.0099182,-0.0033257,0.0045776,2.5021,4.9738,0.00061035
-0.0065613,0.0064087,-0.0033257,0.010223,2.5021,4.9734,-0.00030518
-0.012512,0.0050354,-0.0038007,0.018768,2.5015,4.9759,-0.00030518
-0.0079346,0.0033569,-0.0042758,0.017853,2.5009,4.9765,-0.00030518
0.0033569,0.0010681,-0.0047509,0.0093079,2.5006,4.9777,0.00030518
0.0082397,-0.00015259,-0.0047509,0.0062561,2.5009,4.9796,0
0.00015259,-0.00061035,-0.0047509,0.0094604,2.5027,4.9786,0.00030518
0.0045776,-0.0028992,-0.0038007,0.013123,2.5006,4.9783,-0.00061035
0.0091553,-0.0062561,-0.0042758,0.017242,2.5012,4.9792,0.00030518
0.0028992,-0.0065613,-0.0047509,0.018463,2.5009,4.9786,-0.00030518
-0.013275,-0.004425,-0.005226,0.018616,2.5015,4.9792,0.00030518
-0.015259,-0.0018311,-0.0047509,0.015106,2.5006,4.9792,0
-0.0059509,0.00030518,-0.0047509,0.012207,2.5015,4.9796,0.00061035
-0.0038147,-0.0018311,-0.005226,0.015869,2.5018,4.9792,0
-0.0057983,-0.004425,-0.0042758,0.024567,2.5015,4.9796,0.00030518
-0.012665,-0.0019836,-0.0042758,0.029297,2.5015,4.9786,-0.00030518
-0.010376,0.0019836,-0.0047509,0.028381,2.5009,4.978,0.00061035
0.010376,0.0038147,-0.0042758,0.022583,2.5018,4.9786,-0.00030518
0.014801,0.0042725,-0.0047509,0.019836,2.5021,4.9783,-0.00030518
0.011902,0.0042725,-0.0042758,0.01709,2.5021,4.9796,-0.00061035
0.010986,0.0041199,-0.0047509,0.01297,2.5012,4.9789,0.00030518
0.014343,0.00076294,-0.0047509,0.0080872,2.5018,4.9786,-0.00030518
0.022736,-0.0019836,-0.0047509,0.004425,2.5012,4.9789,-0.00061035
0.044403,-0.0041199,-0.0038007,0.0074768,2.5009,4.9799,-0.00030518
0.030975,-0.002594,-0.0047509,0.0093079,2.5012,4.9789,0
0.0065613,-0.0010681,-0.0042758,0.0062561,2.5021,4.9799,0.00061035
-0.0047302,0.0013733,-0.0042758,0.0042725,2.5021,4.9789,-0.00091553
0.005188,0.0047302,-0.0042758,0.0071716,2.5009,4.9789,0.00030518
0.010223,0.0042725,-0.0042758,0.010376,2.5006,4.9789,0.00030518
-0.0013733,0.0013733,-0.0042758,0.010529,2.5009,4.9783,0.00061035
-0.011749,-0.0024414,-0.0033257,0.0048828,2.5015,4.978,0
-0.0091553,-0.0050354,-0.0047509,0.00076294,2.5012,4.9796,-0.00030518
-0.0061035,-0.004425,-0.0033257,-0.00030518,2.5015,4.9792,-0.00061035
-0.0033569,-0.0021362,-0.0047509,-0.0010681,2.5015,4.9792,0
0.0045776,0.0035095,-0.0047509,-0.0022888,2.5006,4.9796,0
0.0032043,0.0090027,-0.0038007,-0.0036621,2.5015,4.9789,0.00030518
0.00030518,0.007782,-0.0038007,-0.0076294,2.5015,4.9789,-0.00061035
0.0076294,0.0016785,-0.0047509,-0.0071716,2.5012,4.9786,0.00030518
0.0093079,-0.0019836,-0.0047509,-0.0015259,2.5018,4.9786,0.00030518
0.0054932,-0.00091553,-0.0042758,-0.0016785,2.5027,4.9783,-0.00030518
0.0048828,0.0033569,-0.0042758,-0.0082397,2.5009,4.9786,0
0.0071716,0.0035095,-0.0038007,-0.016632,2.5003,4.9789,0.00091553
0.0088501,-0.00091553,-0.0042758,-0.021057,2.5018,4.9783,-0.00061035
0.0090027,-0.0054932,-0.0042758,-0.020294,2.5012,4.9783,-0.00061035
0.01297,-0.0076294,-0.0047509,-0.016632,2.5024,4.9765,-0.00061035
0.011749,-0.0056458,-0.0042758,-0.012207,2.5015,4.9771,0.00030518
-0.00045776,-0.00030518,-0.0042758,-0.0097656,2.5006,4.9765,-0.00061035
0.004425,0.0067139,-0.0033257,-0.011597,2.5006,4.9765,0
0.015411,0.0094604,-0.0038007,-0.010681,2.5009,4.9762,-0.00030518
0.0079346,0.0082397,-0.0038007,-0.010681,2.5012,4.9765,-0.00030518
0.0028992,0.0068665,-0.0042758,-0.010376,2.5012,4.9765,-0.00061035
0.0035095,0.0045776,-0.0033257,-0.0076294,2.5021,4.9771,-0.00030518
0.0028992,0.0010681,-0.0042758,-0.002594,2.5009,4.9768,0.00061035
0.00061035,-0.0047302,-0.0047509,-0.0064087,2.5003,4.9768,-0.00061035
-0.0021362,-0.0094604,-0.0047509,-0.0042725,2.5018,4.9777,0.00030518
-0.00076294,-0.0059509,-0.005226,0.0074768,2.5012,4.9777,0.00061035
-0.0053406,0.0048828,-0.0042758,0.020752,2.5018,4.9771,0.00030518
0.0047302,0.014191,-0.0042758,0.026398,2.5018,4.9774,0.00030518
0.0033569,0.01358,-0.0047509,0.015564,2.5024,4.9783,0.00030518
0.00076294,0.0047302,-0.0033257,0.0021362,2.5012,4.9768,0.00030518
0.0054932,-0.0080872,-0.0047509,0.0018311,2.5012,4.9777,0
0.0093079,-0.014801,-0.0047509,0.0065613,2.5009,4.9792,0.0012207
0.0022888,-0.009613,-0.0042758,0.0090027,2.5015,4.9783,0.00030518
-0.0062561,-0.00030518,-0.0047509,0.012054,2.5015,4.9789,0
-0.0041199,0.0074768,-0.0038007,0.02121,2.5009,4.9792,0.00030518
-0.0013733,0.012054,-0.0038007,0.031128,2.5009,4.9792,0.00030518
-0.00015259,0.014954,-0.0047509,0.032043,2.5012,4.9786,0
0.012817,0.016174,-0.0042758,0.024261,2.5018,4.9786,-0.00061035
0.010223,0.015106,-0.0042758,0.021667,2.5012,4.9759,0.00061035
0.002594,0.011292,-0.0047509,0.021362,2.5018,4.9756,0
-0.0041199,0.0030518,-0.0042758,0.020905,2.5015,4.975,-0.00030518
-0.011139,-0.0018311,-0.0047509,0.016937,2.5012,4.9753,0.00061035
-0.011139,0.002594,-0.005226,0.010223,2.5012,4.9741,-0.00061035
-0.004425,0.007782,-0.0042758,0.0065613,2.5009,4.975,0
0.0018311,0.0019836,-0.0047509,0.010529,2.5018,4.9744,-0.00030518
0,-0.012512,-0.0042758,0.015259,2.5018,4.975,0
-0.016785,-0.023346,-0.0033257,0.013123,2.5015,4.9747,0.00030518
-0.018158,-0.02243,-0.0038007,0.010529,2.5018,4.975,-0.00030518
-0.014343,-0.0177,-0.0047509,0.010376,2.5003,4.9753,0
-0.009613,-0.011139,-0.0038007,0.015106,2.5018,4.9759,-0.00061035
-0.016937,-0.0045776,-0.0047509,0.020142,2.5018,4.9762,-0.00030518
-0.032959,-0.004425,-0.0042758,0.014801,2.5015,4.9765,0
-0.046234,-0.0059509,-0.0042758,0.0033569,2.5021,4.9777,0.00030518
-0.023956,-0.0013733,-0.0042758,0.00076294,2.5021,4.978,0
-0.0021362,0.0041199,-0.0038007,0.0056458,2.5006,4.9789,-0.00091553
-0.009613,0.00015259,-0.005226,0.016479,2.5015,4.9789,0
-0.026093,-0.0083923,-0.0042758,0.028229,2.5009,4.9792,0.00030518
-0.010071,-0.012512,-0.0047509,0.030212,2.5012,4.978,0
-0.0042725,-0.0097656,-0.0042758,0.0177,2.5015,4.9783,0
-0.002594,-0.0054932,-0.0047509,0.0039673,2.5012,4.9786,0.00030518
-0.0039673,-0.0012207,-0.005226,-0.0062561,2.5003,4.9796,0
-0.0065613,0.0067139,-0.0042758,-0.0094604,2.5018,4.9783,-0.00091553
-0.007782,0.012512,-0.0028506,-0.0076294,2.5006,4.978,-0.00061035
-0.0038147,0.014954,-0.005226,-0.00061035,2.5009,4.9796,0.00030518
0.0012207,0.015106,-0.0047509,0.0065613,2.5015,4.9777,-0.00030518
0.0036621,0.013428,-0.0047509,0.011292,2.5018,4.9774,0
-0.004425,0.0094604,-0.0047509,0.010681,2.5012,4.9774,0.00030518
0.00015259,0.0062561,-0.0042758,0.014038,2.5006,4.9783,-0.00030518
-0.0015259,0.0079346,-0.0047509,0.019989,2.5006,4.9777,0.00030518
-0.007782,0.0094604,-0.0047509,0.023346,2.5018,4.9777,0.00061035
-0.0065613,0.007019,-0.0038007,0.024719,2.5015,4.9762,0
0.00045776,0.0045776,-0.0047509,0.020294,2.5021,4.9771,0.00061035
0.040894,0.0022888,-0.005226,0.015717,2.5009,4.9771,-0.00030518
0.070801,-0.00091553,-0.005226,0.018311,2.5015,4.9768,-0.00030518
0.039825,-0.0013733,-0.0033257,0.022736,2.5003,4.9765,-0.00030518
-0.0088501,0.0013733,-0.005226,0.021057,2.5009,4.9768,0.00061035
-0.019379,0.0045776,-0.0042758,0.018921,2.5015,4.9771,0.00061035
-0.0038147,0.0074768,-0.0061761,0.015717,2.5012,4.9774,-0.00030518
-0.0079346,0.010986,-0.0042758,0.012512,2.5015,4.9774,0
-0.0071716,0.01709,-0.0038007,0.010681,2.5006,4.9774,-0.00030518
-0.0041199,0.021362,-0.0042758,0.011902,2.5012,4.9774,0.00091553
-0.011139,0.023499,-0.0042758,0.016327,2.5009,4.9774,0.00030518
-0.010834,0.023804,-0.005226,0.015869,2.5015,4.9774,-0.00061035
-0.0088501,0.018311,-0.005226,0.0085449,2.5015,4.9771,-0.00061035
-0.0012207,0.0099182,-0.0047509,-0.0021362,2.5018,4.9783,0
0.016632,-0.0012207,-0.0047509,-0.012665,2.5018,4.9774,-0.00061035
0.0177,-0.013123,-0.0042758,-0.016479,2.5015,4.9783,-0.00030518
0.017853,-0.016632,-0.0047509,-0.014038,2.5003,4.9783,0.00030518
0.012054,-0.01358,-0.005226,-0.011597,2.5018,4.9783,-0.00030518
0.0073242,-0.013733,-0.0042758,-0.011444,2.5012,4.9792,0
0.0071716,-0.014648,-0.0042758,-0.014343,2.5015,4.9786,0.00091553
0.0076294,-0.01297,-0.0042758,-0.0099182,2.5018,4.9789,-0.00030518
-0.00091553,-0.010986,-0.005226,-0.002594,2.5003,4.9792,0.00030518
-0.0062561,-0.0091553,-0.0028506,0.0045776,2.5012,4.9789,0.00030518
-0.0071716,-0.0062561,-0.0042758,0.011902,2.5018,4.9783,0.00030518
-0.021515,-0.0050354,-0.0042758,0.017395,2.5015,4.9792,0
-0.026703,-0.0030518,-0.005226,0.019531,2.5021,4.9789,-0.00091553
-0.0079346,0.0032043,-0.0047509,0.018158,2.5018,4.9796,-0.00030518
-0.012054,0.0088501,-0.0042758,0.018616,2.5003,4.9789,0.00061035
-0.011292,0.0053406,-0.005226,0.017548,2.5015,4.9789,0.00030518
-0.013885,-0.0035095,-0.0042758,0.0083923,2.5009,4.9799,0.00061035
-0.017242,-0.014801,-0.0047509,-0.004425,2.5012,4.9796,-0.00061035
-0.017395,-0.022125,-0.0047509,-0.0045776,2.5012,4.9792,0
-0.016785,-0.023804,-0.0042758,0.0047302,2.5021,4.9792,-0.00091553
-0.014191,-0.017242,-0.0042758,0.0061035,2.5015,4.9789,0
-0.0086975,-0.0088501,-0.0042758,0.0010681,2.5012,4.9799,0
-0.005188,-0.0062561,-0.0047509,-0.0057983,2.5006,4.9774,0
0.010223,-0.0085449,-0.0042758,-0.011139,2.5021,4.9796,0.00030518
0.010529,-0.0090027,-0.0042758,-0.0053406,2.5003,4.9796,0.00061035
0.0012207,-0.0064087,-0.0038007,0.0028992,2.5021,4.9796,0
-0.004425,-0.0015259,-0.0047509,0.00015259,2.5024,4.9786,0
0.0027466,-0.00015259,-0.0047509,-0.0088501,2.5003,4.9783,0.00030518
0.0073242,-0.0041199,-0.0047509,-0.015717,2.5009,4.9799,0
0.010681,-0.0093079,-0.005701,-0.020905,2.5009,4.9796,0
0.0074768,-0.011749,-0.005226,-0.023804,2.5009,4.9799,-0.00061035
-0.0067139,-0.0082397,-0.0042758,-0.022278,2.5012,4.9789,0.00030518
-0.0033569,0.0012207,-0.0038007,-0.015259,2.5018,4.9783,-0.00091553
0.0082397,0.01297,-0.0038007,-0.0071716,2.5006,4.9783,0
0.007019,0.023041,-0.0042758,-0.0067139,2.5015,4.9765,0.00030518
-0.00015259,0.025635,-0.0038007,-0.01236,2.5009,4.975,0.00030518
0.0071716,0.023651,-0.0038007,-0.018616,2.5015,4.9741,0.00030518
0.019836,0.019226,-0.0047509,-0.023193,2.5015,4.9747,0
0.025482,0.010223,-0.0047509,-0.024109,2.5024,4.9744,0
0.02594,0.0059509,-0.0042758,-0.024261,2.5006,4.975,0.00030518
0.026855,0.0076294,-0.0038007,-0.027618,2.5021,4.9741,0
0.02655,0.010071,-0.0042758,-0.028229,2.5012,4.9741,0.00030518
0.017548,0.013733,-0.0042758,-0.029907,2.5015,4.9713,0.00030518
0.030212,0.013275,-0.0042758,-0.0354,2.5021,4.971,0
0.032196,0.0019836,-0.0042758,-0.03067,2.5018,4.9719,0
0.018921,-0.0028992,-0.0042758,-0.020752,2.5021,4.9719,0.00030518
0.0090027,0.0038147,-0.005701,-0.016632,2.5018,4.9713,-0.00030518
-0.00061035,0.0061035,-0.0042758,-0.014343,2.5018,4.9713,0
-0.014038,0.00045776,-0.0047509,-0.0064087,2.5009,4.9747,-0.00030518
-0.027924,-0.0038147,-0.005226,-0.0012207,2.5012,4.9753,-0.00061035
-0.027771,0.0012207,-0.0047509,-0.0039673,2.5009,4.9762,-0.00030518
-0.017853,0.014191,-0.0038007,-0.0094604,2.5012,4.9774,0
-0.026855,0.022888,-0.005226,-0.017853,2.5006,4.9771,0
-0.012207,0.02594,-0.0042758,-0.02655,2.5012,4.9765,0.00030518
0.007019,0.020599,-0.0042758,-0.03418,2.5018,4.9771,-0.00061035
0.007782,0.0047302,-0.0042758,-0.038452,2.5009,4.9774,0.00030518
0.0073242,-0.020752,-0.0047509,-0.039673,2.5018,4.9774,-0.00061035
0.0057983,-0.033264,-0.0042758,-0.0383,2.5012,4.9771,0.00061035
0.0035095,-0.024261,-0.0038007,-0.03067,2.5015,4.9783,0
0.0015259,-0.0079346,-0.0038007,-0.022125,2.5015,4.9792,0.00030518
0.0022888,0.0054932,-0.0042758,-0.020905,2.5018,4.9783,-0.00061035
0.0015259,0.013733,-0.0047509,-0.023499,2.5012,4.9786,-0.00030518
-0.0015259,0.01297,-0.005226,-0.025024,2.5015,4.978,0.00030518
0.0097656,0.0090027,-0.0033257,-0.027161,2.5012,4.9783,0
0.012207,0.0094604,-0.0038007,-0.023041,2.5009,4.978,0.00030518
0.011444,0.0076294,-0.0047509,-0.019226,2.5003,4.9774,0.00030518
0.020142,0.0018311,-0.0047509,-0.0177,2.5015,4.9777,0.00030518
0.023041,-0.0032043,-0.0038007,-0.017395,2.5015,4.9792,-0.00091553
0.0094604,-0.0062561,-0.0042758,-0.015259,2.5018,4.9786,-0.00030518
0.0010681,-0.0068665,-0.0042758,-0.01236,2.5015,4.9786,0.00061035
0.012054,-0.007019,-0.0047509,-0.011139,2.5015,4.9786,-0.00030518
0.019989,-0.0065613,-0.0042758,-0.010223,2.5012,4.9789,0.00030518
0.018921,-0.0057983,-0.005701,-0.009613,2.5009,4.9792,0
0.031738,-0.0042725,-0.005226,-0.012817,2.5015,4.9789,0
0.0383,-0.0032043,-0.0042758,-0.013275,2.5024,4.9796,0.00030518
0.038757,-0.0041199,-0.0038007,-0.014038,2.5015,4.9789,0.00030518
0.033875,-0.0065613,-0.005226,-0.012054,2.5015,4.9792,0.00061035
0.029297,-0.0076294,-0.0038007,-0.013275,2.5012,4.9796,-0.00061035
0.02594,-0.0079346,-0.0042758,-0.016174,2.5009,4.9789,0.00030518
0.018005,-0.0068665,-0.0047509,-0.016937,2.5015,4.9792,0.00061035
0.015106,-0.0068665,-0.0042758,-0.014648,2.5006,4.9789,0
0.0177,-0.0062561,-0.0042758,-0.015259,2.5009,4.9792,0.00061035
0.0083923,-0.0036621,-0.005226,-0.018463,2.5009,4.9789,0.00030518
-0.0028992,-0.0036621,-0.0033257,-0.017242,2.5024,4.9786,0
-0.010529,-0.0059509,-0.0047509,-0.011292,2.5009,4.9783,0.00061035
0.0083923,-0.005188,-0.0047509,-0.0083923,2.5006,4.9796,-0.00061035
0.01358,0,-0.0042758,-0.0056458,2.5009,4.9792,0
0.0013733,0.0030518,-0.0042758,-0.0012207,2.5006,4.9789,0
0.0010681,0.005188,-0.0042758,0.0041199,2.5012,4.9786,-0.00030518
0.011902,0.0042725,-0.005226,-0.00091553,2.5018,4.9789,0.00030518
0.016174,0.0039673,-0.005701,-0.0094604,2.5003,4.9796,-0.00030518
0.014648,0.0042725,-0.0033257,-0.017242,2.5012,4.9792,0.00091553
0.0091553,0.0027466,-0.0042758,-0.019531,2.5021,4.9789,0.00030518
0.017242,0.0042725,-0.0047509,-0.018768,2.5006,4.9796,0
0.014191,0.0057983,-0.0038007,-0.018311,2.5024,4.9792,0.00061035
0.0090027,0.0041199,-0.005226,-0.021362,2.5009,4.9783,-0.00030518
0.010376,0.0022888,-0.0042758,-0.029907,2.5018,4.978,0.00030518
0.010529,0.00061035,-0.0047509,-0.036316,2.5018,4.978,0
0.0090027,-0.0016785,-0.0028506,-0.028381,2.5015,4.9768,-0.0012207
0.0033569,-0.0039673,-0.0038007,-0.016785,2.5009,4.9765,0.00030518
0.0050354,-0.0086975,-0.0028506,-0.012665,2.5018,4.9768,-0.00030518
0.018005,-0.010986,-0.0047509,-0.015259,2.5024,4.9765,0.00030518
0.016174,-0.010834,-0.005226,-0.017242,2.5006,4.9774,0.00030518
0.015411,-0.010681,-0.0038007,-0.016785,2.5015,4.9765,0.00061035
0.010681,-0.0056458,-0.0047509,-0.011139,2.5009,4.9771,0.00061035
0.010834,0.0012207,-0.0042758,-0.010376,2.5006,4.9762,0.00030518
0.0086975,0.0067139,-0.0047509,-0.020142,2.5018,4.9759,-0.00061035
0.0059509,0.010071,-0.0033257,-0.022888,2.5015,4.9777,0
0.0021362,0.010376,-0.005226,-0.010223,2.5021,4.9774,0.00030518
0.0028992,0.0099182,-0.005701,-0.0032043,2.5012,4.9777,0.00030518
0.010071,0.015869,-0.0042758,-0.0091553,2.5009,4.9786,0.00061035
0.020599,0.025482,-0.0047509,-0.014496,2.5003,4.9777,-0.00030518
0.013275,0.023346,-0.0042758,-0.013123,2.5018,4.9786,0.00030518
0.013123,0.0093079,-0.005226,-0.0067139,2.5015,4.9774,0.00061035
0.0064087,-0.0083923,-0.0047509,-0.007019,2.5018,4.9741,0
0.012054,-0.026093,-0.0042758,-0.015259,2.5015,4.9747,0.00030518
0.024567,-0.032806,-0.0047509,-0.015869,2.5009,4.9738,-0.00030518
0.016022,-0.028839,-0.0047509,-0.0093079,2.5012,4.9747,0.00030518
0.00045776,-0.020752,-0.0042758,-0.0042725,2.5015,4.9744,-0.00030518
-0.0038147,-0.010681,-0.0042758,0.0021362,2.5006,4.9747,0
-0.010986,0.00091553,-0.005226,0.0079346,2.5015,4.9753,-0.00030518
-0.023041,0.0062561,-0.0033257,0.012054,2.5015,4.9747,0.00030518
-0.03067,0.0067139,-0.0033257,0.015259,2.5009,4.9741,-0.00061035
-0.01358,0.0085449,-0.0033257,0.023346,2.5015,4.975,-0.00030518
-0.0074768,0.0090027,-0.005226,0.029144,2.5012,4.9756,0
-0.0088501,0.0083923,-0.0042758,0.026245,2.5009,4.9759,0
-0.013428,0.0090027,-0.0042758,0.016632,2.5012,4.9774,0.00061035
-0.018463,0.0088501,-0.0042758,0.011139,2.5018,4.9762,0
-0.021973,0.0059509,-0.0042758,0.011139,2.5015,4.9774,0
-0.023346,0.0036621,-0.0042758,0.010834,2.5018,4.978,-0.00030518
-0.033112,0.005188,-0.0042758,0.0074768,2.5009,4.9792,0
-0.027771,0.0076294,-0.0033257,0.010223,2.5015,4.9789,-0.00061035
-0.032196,0.0068665,-0.0047509,0.022888,2.5015,4.9783,0
-0.04364,0.0057983,-0.0038007,0.03952,2.5009,4.9792,0.00030518
-0.039063,0.0065613,-0.0042758,0.042877,2.5009,4.9792,-0.00061035
-0.039825,0.0022888,-0.0042758,0.033264,2.5015,4.9789,0
-0.033417,-0.0016785,-0.005226,0.022278,2.5009,4.9796,0.00030518
-0.02243,0.00061035,-0.0038007,0.020447,2.5006,4.9789,0.00030518
-0.015717,0.0012207,-0.0047509,0.026245,2.5018,4.9789,0
-0.024872,-0.0035095,-0.0033257,0.031128,2.5015,4.9789,0.00030518
-0.010834,-0.0071716,-0.0033257,0.03067,2.5009,4.9792,0.00030518
-0.0038147,-0.0053406,-0.0042758,0.024567,2.5021,4.9789,0.00030518
-0.018158,-0.0038147,-0.0047509,0.02121,2.5006,4.9783,0.00061035
-0.027466,-0.0033569,-0.0042758,0.022583,2.5006,4.9786,0.00030518
-0.030823,-0.0065613,-0.0047509,0.025177,2.5009,4.9783,0.00030518
-0.018005,-0.010681,-0.0042758,0.024261,2.5021,4.9786,0.00030518
0.022888,-0.012512,-0.0038007,0.023651,2.5003,4.9792,-0.00030518
0.068359,-0.0071716,-0.005226,0.019073,2.5012,4.9792,0
0.050812,-0.00061035,-0.0047509,0.010529,2.5018,4.9796,0.00030518
0.0071716,0.0047302,-0.0028506,0.0057983,2.5018,4.9789,0
-0.011749,0.0099182,-0.005226,0.010681,2.5009,4.9799,0.00061035
-0.0033569,0.011139,-0.0042758,0.013885,2.5015,4.9792,-0.00030518
-0.0035095,0.0074768,-0.0042758,0.0177,2.5027,4.9789,0
0.0022888,0.010681,-0.0042758,0.018768,2.5006,4.9792,0
0.007019,0.019379,-0.005226,0.012054,2.5021,4.9777,-0.00061035
0.0097656,0.024719,-0.0042758,0.0064087,2.5024,4.9777,0.00061035
0.0035095,0.03418,-0.0042758,0.011902,2.5006,4.9771,-0.00030518
-0.0086975,0.043488,-0.0038007,0.020142,2.5018,4.9768,0
-0.0056458,0.039063,-0.0042758,0.022736,2.5018,4.9771,0.00091553
0.00061035,0.021667,-0.0042758,0.020294,2.5015,4.9765,0
0.0091553,0.00015259,-0.0047509,0.018311,2.5012,4.9768,0
-0.0016785,-0.02121,-0.0047509,0.018768,2.4991,4.9771,0.00061035
-0.013733,-0.032196,-0.0042758,0.021057,2.5009,4.9765,0.00030518
-0.016632,-0.027008,-0.0042758,0.023041,2.5018,4.9771,0
-0.022278,-0.014648,-0.005701,0.023041,2.5018,4.9771,0.00030518
-0.016479,-0.0094604,-0.0042758,0.018158,2.5006,4.9771,0.00061035
-0.007019,-0.0088501,-0.0047509,0.014648,2.5012,4.9774,0
-0.0045776,-0.0059509,-0.0047509,0.026855,2.5006,4.9765,0
-0.017548,-0.0027466,-0.0047509,0.039825,2.5021,4.9771,0
-0.018768,0.00015259,-0.0042758,0.03891,2.5015,4.9777,0
-0.018768,0.0038147,-0.0047509,0.038452,2.5009,4.978,0
-0.019836,0.0056458,-0.0042758,0.044708,2.5021,4.9771,0.00030518
-0.028992,0.0053406,-0.0038007,0.048828,2.5015,4.9786,0.00030518
-0.02594,0.0013733,-0.0042758,0.049438,2.5006,4.9783,-0.00030518
-0.018158,-0.0035095,-0.0042758,0.045013,2.5021,4.9786,0
-0.016174,-0.0064087,-0.0042758,0.039673,2.5018,4.9786,-0.00091553
-0.019379,-0.004425,-0.0038007,0.039978,2.5018,4.9802,0
-0.041504,-0.0027466,-0.005226,0.040741,2.5012,4.9786,-0.00030518
-0.04715,-0.0042725,-0.0047509,0.041351,2.5015,4.9792,0.00061035
-0.032806,-0.0062561,-0.0042758,0.044708,2.5015,4.9799,-0.00030518
-0.028076,-0.005188,-0.0047509,0.048065,2.5009,4.9792,0.00030518
-0.040741,-0.0012207,-0.0033257,0.044708,2.5015,4.9792,0
-0.040131,0.00091553,-0.0042758,0.039215,2.5015,4.9777,-0.00091553
-0.019989,0.0021362,-0.0042758,0.036011,2.5015,4.9783,0.00030518
-0.019531,0.0018311,-0.0042758,0.039368,2.5012,4.9792,0.00030518
-0.027771,0.0039673,-0.0042758,0.041046,2.5009,4.9792,-0.00030518
-0.017853,0.0047302,-0.005226,0.036163,2.5024,4.9792,-0.00030518
-0.010376,0.0054932,-0.0028506,0.029602,2.5021,4.9799,0.00061035
-0.011444,0.0053406,-0.0042758,0.028076,2.5009,4.9789,0
-0.015106,0.0056458,-0.0042758,0.031281,2.5021,4.9783,0.00030518
-0.0086975,0.0085449,-0.0042758,0.031281,2.5018,4.9796,0.00030518
-0.002594,0.013123,-0.0028506,0.027008,2.5021,4.9789,0.00061035
0.011139,0.016785,-0.005701,0.020294,2.5003,4.9792,0
0.011292,0.014343,-0.005226,0.017242,2.5018,4.9792,0.00030518
0.012207,-0.0021362,-0.0038007,0.016479,2.5006,4.9756,0.00030518
0.0059509,-0.021057,-0.0042758,0.015106,2.5021,4.9744,0.00030518
0.0019836,-0.023193,-0.005226,0.016022,2.5021,4.9741,0
0.004425,-0.011902,-0.0047509,0.018311,2.5012,4.9744,0.00061035
0.00091553,-0.0021362,-0.0042758,0.02121,2.5009,4.9744,0.00030518
-0.0016785,-0.004425,-0.005226,0.024261,2.5012,4.9756,0
-0.010681,-0.0099182,-0.0042758,0.022125,2.5003,4.9747,-0.00091553
-0.014648,-0.012207,-0.0047509,0.014496,2.5009,4.975,0.00030518
-0.010223,-0.0094604,-0.005226,0.0085449,2.5012,4.9738,0.00030518
-0.0019836,-0.0030518,-0.0038007,0.012665,2.5015,4.9756,-0.00030518
-0.0018311,0.0030518,-0.0038007,0.021973,2.5009,4.9759,0
-0.0094604,0.0057983,-0.0047509,0.02533,2.5006,4.9753,0.00030518
0.0010681,0.004425,-0.0028506,0.023956,2.5009,4.9756,0.00030518
0.02182,-0.0013733,-0.0042758,0.018921,2.5012,4.9768,0
-0.013428,-0.0079346,-0.0042758,0.016174,2.5015,4.9774,0.00061035
-0.046082,-0.0086975,-0.0042758,0.016327,2.5015,4.9762,0.00030518
-0.067749,-0.0030518,-0.0042758,0.020142,2.5018,4.9774,0
-0.094604,0.0027466,-0.005226,0.024567,2.5018,4.9777,0
-0.074768,0.010681,-0.0047509,0.026093,2.5018,4.9771,-0.00030518
-0.065765,0.014038,-0.0047509,0.024872,2.5018,4.9759,0.00030518
-0.036621,0.0083923,-0.005226,0.018921,2.5021,4.9759,-0.00030518
-0.0012207,0.00015259,-0.0042758,0.013275,2.5006,4.9759,0
0.041199,-0.0010681,-0.005226,0.015869,2.5012,4.9768,-0.00030518
0.028229,0.007782,-0.0042758,0.022888,2.5015,4.9759,0.00030518
-0.027618,0.022278,-0.0038007,0.024414,2.5012,4.9762,0
-0.045319,0.0354,-0.0047509,0.018311,2.5015,4.9756,0.00030518
-0.027924,0.041656,-0.0042758,0.017548,2.5015,4.9771,0
0.0068665,0.035553,-0.0028506,0.023346,2.5021,4.9768,-0.00030518
0.02182,0.020447,-0.0047509,0.02594,2.5009,4.9768,0.00030518
0.019226,0.00045776,-0.0038007,0.018463,2.5012,4.9768,0.00091553
0.014954,-0.016327,-0.005226,0.0082397,2.5003,4.9777,0.00030518
-0.0061035,-0.03067,-0.0042758,0.0053406,2.5018,4.9771,0
-0.0027466,-0.039978,-0.0038007,0.0076294,2.5021,4.9777,0.00030518
0.027618,-0.031738,-0.0047509,0.0094604,2.5012,4.9774,-0.00030518
0.028076,-0.0088501,-0.005701,0.014648,2.5018,4.9783,-0.00061035
0.0057983,0.0062561,-0.0033257,0.017853,2.5006,4.9786,0.00030518
-0.0085449,0.0064087,-0.0047509,0.018158,2.5012,4.9783,0
-0.0059509,0.0018311,-0.005701,0.014038,2.5015,4.9789,0
0.014648,0.0041199,-0.005226,0.0041199,2.5015,4.9789,0.00061035
0.043335,0.0099182,-0.0047509,-0.002594,2.5012,4.9786,0.00030518
0.052948,0.01236,-0.0038007,-0.0019836,2.5015,4.9789,0.00030518
0.029297,0.010834,-0.0042758,0.012817,2.5015,4.9786,0
0.002594,0.009613,-0.0042758,0.026245,2.5012,4.9783,0
-0.0022888,0.0068665,-0.0042758,0.025482,2.5018,4.9792,0
0.0048828,0.0038147,-0.0047509,0.021362,2.5015,4.9792,0.00030518
0.019836,0.0019836,-0.005226,0.011597,2.5018,4.9783,0
0.022278,-0.002594,-0.0038007,0.0057983,2.5012,4.9792,-0.00061035
0.0022888,-0.0088501,-0.0042758,0.010376,2.5006,4.9792,0
-0.0013733,-0.01297,-0.0047509,0.016785,2.5018,4.978,-0.00030518
-0.0080872,-0.015106,-0.0038007,0.014954,2.5006,4.9792,0
-0.0090027,-0.012054,-0.0042758,0.0076294,2.5015,4.9789,-0.00061035
0.002594,-0.0068665,-0.005226,0.0053406,2.5018,4.9792,-0.00030518
0.042267,-0.0039673,-0.0042758,0.0057983,2.5006,4.9783,0
0.066071,-0.0054932,-0.0042758,0.0071716,2.5012,4.9799,0.00030518
0.048523,-0.0073242,-0.005701,0.0018311,2.5003,4.9786,0.00030518
0.0076294,-0.010071,-0.0042758,-0.0045776,2.5006,4.9792,0.00030518
-0.033264,-0.010223,-0.005226,-0.0061035,2.5018,4.9792,0
-0.048065,-0.0050354,-0.0042758,-0.010223,2.5009,4.9792,-0.00030518
-0.035706,-0.0013733,-0.0047509,-0.02121,2.5012,4.9789,-0.00061035
-0.0032043,-0.0019836,-0.0042758,-0.03006,2.5018,4.9792,0.00030518
0.021973,-0.00045776,-0.0047509,-0.028534,2.5018,4.9796,0
0.016327,0.0010681,-0.0042758,-0.018768,2.5018,4.9792,0.00030518
-0.0013733,0.0013733,-0.0047509,-0.016632,2.5006,4.9796,0.00030518
-0.031433,0.00076294,-0.0042758,-0.019684,2.5006,4.9789,0.00030518
-0.039063,-0.0013733,-0.0042758,-0.0177,2.5009,4.9789,0.00030518
-0.027008,-0.0016785,-0.0042758,-0.011292,2.5021,4.9792,-0.00061035
-0.0047302,0.00015259,-0.0042758,-0.0086975,2.5006,4.9792,0
0.011597,0.0059509,-0.0047509,-0.0071716,2.5009,4.9783,0.00030518
0.0093079,0.013733,-0.0042758,-0.0030518,2.5012,4.9774,0
0.0048828,0.016785,-0.0047509,-0.0015259,2.5012,4.9786,0
-0.012512,0.014496,-0.0047509,-0.0015259,2.5012,4.9792,0.00030518
-0.02121,0.0021362,-0.005226,-0.00091553,2.5015,4.978,0.00030518
-0.011902,-0.013275,-0.0042758,0.0010681,2.5015,4.9786,0
0.0039673,-0.011902,-0.0047509,0.002594,2.5015,4.9786,0
0.0035095,0.0012207,-0.0042758,-0.00076294,2.5012,4.9792,-0.00030518
-0.0036621,0.0091553,-0.005226,-0.0068665,2.5015,4.9799,-0.00061035
-0.0093079,0.014343,-0.005226,-0.0010681,2.5024,4.9783,-0.00061035
-0.0177,0.03067,-0.0042758,0.0083923,2.5015,4.9789,0
-0.023193,0.051117,-0.0047509,0.016479,2.5018,4.9789,-0.00030518
-0.007782,0.053253,-0.005226,0.02121,2.5006,4.9783,-0.00061035
-0.0079346,0.026703,-0.0042758,0.016327,2.5018,4.9756,0.00030518
-0.0047302,-0.010071,-0.0038007,0.0016785,2.5003,4.975,0
0.011597,-0.035553,-0.0047509,-0.011597,2.5015,4.9744,0.00030518
0.0068665,-0.042725,-0.0042758,-0.0074768,2.5018,4.9744,0.00061035
-0.016632,-0.039215,-0.0047509,0.0099182,2.5018,4.9734,0
-0.032806,-0.031586,-0.0038007,0.017395,2.5003,4.9731,0
-0.031738,-0.02182,-0.0042758,0.020294,2.5021,4.9713,-0.00061035
-0.018158,-0.010834,-0.0047509,0.027466,2.5012,4.971,-0.00030518
0.004425,-0.00030518,-0.0042758,0.027313,2.5015,4.9707,0.00030518
-0.0010681,0.0074768,-0.0042758,0.012054,2.5012,4.9701,-0.00030518
-0.033569,0.0073242,-0.0042758,0.00076294,2.5024,4.971,0.00030518
-0.036316,-0.0013733,-0.0038007,0.0030518,2.5006,4.971,0.00061035
-0.027618,-0.016479,-0.0042758,0.0099182,2.5018,4.9713,-0.00030518
-0.017242,-0.024109,-0.0047509,0.011902,2.5003,4.9716,0.00030518
-0.0033569,-0.0177,-0.0042758,0.013275,2.5015,4.9744,0
0.002594,-0.0080872,-0.0047509,0.012207,2.5012,4.9768,-0.00030518
-0.0032043,-0.0062561,-0.005226,0.0086975,2.5012,4.9768,0
-0.013885,-0.0071716,-0.0047509,-0.00045776,2.5012,4.9777,0.00061035
-0.023193,-0.0067139,-0.0042758,-0.0038147,2.5079,4.9768,-0.00061035
-0.016022,-0.0035095,-0.0042758,-0.00091553,2.5015,4.9777,0.00030518
-0.007782,0.007782,-0.0042758,0.0056458,2.5006,4.978,-0.00030518
0.0012207,0.0177,-0.0047509,0.010223,2.5012,4.9771,0.00030518
-0.0016785,0.0177,-0.0042758,0.011902,2.5015,4.9774,0
-0.0021362,0.016174,-0.0042758,0.015869,2.5015,4.9789,0.00030518
0.019684,0.014343,-0.0047509,0.012665,2.5006,4.9789,-0.00061035
0.042419,0.007782,-0.0047509,0.0068665,2.5015,4.9792,0
0.007782,0.0033569,-0.0047509,0.0039673,2.5012,4.9792,-0.00061035
-0.03479,0.0064087,-0.0047509,0.0065613,2.5012,4.9783,-0.00030518
-0.040741,0.011139,-0.0042758,0.0028992,2.5015,4.978,0.00030518
-0.010376,0.0090027,-0.0042758,-0.01709,2.5021,4.9786,0.00061035
0.0088501,-0.0021362,-0.0047509,-0.026398,2.5006,4.9796,-0.00030518
0.013275,-0.015259,-0.0033257,-0.011139,2.5015,4.9783,0
0.013733,-0.0177,-0.0047509,0.0015259,2.5009,4.9786,0.00061035
0.014954,-0.012665,-0.0047509,0.00076294,2.5018,4.9802,0.00030518
0.0094604,-0.0042725,-0.0038007,-0.0030518,2.5009,4.9786,0
0.002594,0.0016785,-0.0033257,-0.0054932,2.5009,4.9786,0
0.0057983,0.0027466,-0.005226,-0.0094604,2.5015,4.9792,0
0.0091553,0.0010681,-0.0038007,-0.014496,2.5012,4.9783,0
0.0039673,-0.0013733,-0.0042758,-0.011749,2.5009,4.9783,0
0.0019836,0.00076294,-0.005226,0.0012207,2.5012,4.9805,-0.00030518
-0.0035095,0.00076294,-0.0042758,0.010376,2.5015,4.9789,-0.00030518
-0.0065613,-0.0024414,-0.005226,0.01358,2.5009,4.978,0.00061035
0.0054932,-0.0064087,-0.005226,0.013428,2.5009,4.9789,0
0.052185,-0.0053406,-0.0047509,0.0073242,2.5,4.9786,-0.00030518
0.076904,0.00076294,-0.0042758,-0.004425,2.5015,4.9789,0
0.040588,0.0067139,-0.0047509,-0.015717,2.5018,4.9789,0
0.0097656,0.0099182,-0.0047509,-0.014343,2.5009,4.9805,0.00030518
0.0019836,0.01236,-0.0042758,-0.0030518,2.5021,4.9783,-0.00030518
-0.0054932,0.01358,-0.005226,0.0061035,2.5,4.9786,0.00061035
0.0016785,0.016327,-0.0047509,0.0045776,2.5015,4.9786,0
0.0018311,0.023193,-0.0038007,-0.0015259,2.5015,4.9789,0
0.0059509,0.033112,-0.0042758,-0.002594,2.5006,4.9783,-0.00030518
0.014496,0.041199,-0.005226,-0.00030518,2.5015,4.9783,0.00030518
0.014191,0.042725,-0.005226,0.005188,2.5021,4.9792,0.00030518
0.0036621,0.042877,-0.0047509,0.011139,2.5021,4.9783,0.00030518
-0.0059509,0.029602,-0.0047509,0.011902,2.5009,4.978,0
-0.0086975,0.0033569,-0.0047509,0.01236,2.5012,4.9786,0.00030518
-0.0094604,-0.016479,-0.0038007,0.014191,2.5015,4.9796,0.00030518
-0.015564,-0.024872,-0.0047509,0.020142,2.5015,4.9789,-0.00061035
-0.0097656,-0.023651,-0.0042758,0.029449,2.5012,4.978,-0.00030518
-0.0083923,-0.020294,-0.0028506,0.033112,2.5018,4.9786,-0.00061035
-0.0076294,-0.020294,-0.005226,0.02655,2.5009,4.9786,0
-0.0074768,-0.019989,-0.0047509,0.025635,2.5015,4.9774,0.00030518
-0.0076294,-0.020599,-0.0047509,0.032806,2.5009,4.9762,0
0.00015259,-0.026703,-0.0042758,0.028992,2.5009,4.9765,0
0.0047302,-0.031433,-0.0038007,0.019989,2.5012,4.9762,-0.00030518
-0.0068665,-0.026703,-0.0038007,0.020142,2.5018,4.9768,0
-0.019836,-0.016327,-0.0042758,0.02533,2.5015,4.9765,-0.00030518
-0.023804,-0.0085449,-0.0042758,0.024872,2.5015,4.9771,-0.00061035
-0.0094604,-0.0061035,-0.0047509,0.02533,2.5006,4.9768,-0.00030518
-0.0071716,-0.0054932,-0.005226,0.029602,2.5015,4.9771,0.00030518
-0.010071,-0.0042725,-0.0047509,0.033417,2.5012,4.9771,0.00030518
-0.011292,-0.0032043,-0.0033257,0.029755,2.5018,4.9771,0.00030518
-0.0090027,-0.00076294,-0.0047509,0.021667,2.5009,4.9768,0.00030518
-0.0080872,0.0019836,-0.0038007,0.011902,2.5006,4.9777,0.00061035
-0.0032043,0.0059509,-0.0033257,0.0019836,2.5015,4.978,0.00030518
-0.0033569,0.011902,-0.0038007,-0.00015259,2.5006,4.978,0.00030518
-0.0041199,0.014496,-0.0047509,0.0010681,2.5012,4.9771,0
-0.0013733,0.010681,-0.0038007,0.0015259,2.5015,4.9786,0
0.0038147,0.0067139,-0.0047509,0.00076294,2.5024,4.9783,0
-0.0028992,0.0038147,-0.0042758,0.0030518,2.5012,4.9765,-0.00091553
0.00076294,-0.00045776,-0.0042758,0.0010681,2.5009,4.9759,-0.00061035
0.016327,-0.0059509,-0.0042758,-0.0047302,2.5012,4.9741,-0.00030518
0.027313,-0.0085449,-0.0042758,-0.010681,2.5012,4.9753,-0.0012207
0.028992,-0.0071716,-0.0042758,-0.011444,2.5009,4.9741,0
0.03479,-0.0080872,-0.0033257,-0.0062561,2.5015,4.9747,0.00030518
0.04303,-0.010986,-0.005226,0.0021362,2.5012,4.9759,0.00030518
0.02243,-0.011292,-0.0042758,0.0027466,2.5018,4.975,-0.00091553
0.0048828,-0.0073242,-0.0042758,-0.0033569,2.5021,4.975,0
0.016785,-0.0027466,-0.0042758,-0.0045776,2.5015,4.975,0.00030518
0.021057,0.00015259,-0.0038007,-0.00076294,2.5015,4.975,0.00030518
0.01236,0.00030518,-0.0042758,0.00076294,2.5024,4.9756,0
0.00076294,-0.0015259,-0.0042758,-0.00061035,2.5015,4.9765,0.00030518
-0.00030518,0.0019836,-0.0042758,0.0035095,2.5018,4.9762,-0.00061035
0.0015259,0.0068665,-0.0042758,0.010529,2.5021,4.9783,0.00061035
0.0018311,0.015717,-0.0042758,0.01358,2.5009,4.9783,-0.00030518
-0.0022888,0.028687,-0.0042758,0.016327,2.5021,4.9783,-0.00061035
-0.0024414,0.037689,-0.0042758,0.019379,2.5015,4.978,0.00030518
0.0064087,0.033875,-0.005226,0.016937,2.5021,4.9792,0
0.0093079,0.018921,-0.0047509,0.012817,2.5012,4.9796,-0.00030518
-0.0057983,-0.0028992,-0.005226,0.0054932,2.5003,4.9786,-0.00061035
-0.005188,-0.021973,-0.0047509,-0.0047302,2.5006,4.9786,0.00030518
0.0022888,-0.020447,-0.0047509,-0.0090027,2.5015,4.9783,0.00030518
-0.00091553,-0.0064087,-0.0038007,-0.0080872,2.5018,4.9792,-0.00030518
-0.00076294,0.0030518,-0.0042758,-0.0045776,2.5021,4.9786,0.00030518
-0.0015259,0.0028992,-0.0042758,-0.0022888,2.5009,4.9796,-0.00030518
-0.00061035,-0.0042725,-0.0038007,-0.0041199,2.5012,4.9789,0.00091553
-0.0030518,-0.0021362,-0.0042758,-0.0047302,2.5015,4.9792,-0.00030518
-0.0085449,0.011444,-0.005226,-0.0021362,2.5006,4.9777,0
-0.0022888,0.016632,-0.0042758,-0.0018311,2.5012,4.9789,-0.00061035
-0.0080872,0.0068665,-0.0033257,0.0021362,2.5015,4.9789,0.00030518
-0.015564,-0.010834,-0.0042758,0.0057983,2.5018,4.9789,0
-0.013733,-0.029907,-0.0047509,0.0085449,2.5003,4.9789,0.00030518
-0.00015259,-0.030823,-0.005226,0.010986,2.5009,4.9796,0.00061035
0.0085449,-0.01297,-0.0038007,0.012207,2.5006,4.9789,0
0.0036621,0.0059509,-0.005226,0.0059509,2.5018,4.9792,-0.00030518
-0.007019,0.012207,-0.0042758,-0.0041199,2.5006,4.9783,0
-0.013885,0.0074768,-0.0047509,-0.010834,2.5006,4.9774,0
-0.014038,0.00076294,-0.0047509,-0.0090027,2.5015,4.9771,0
0.005188,-0.0035095,-0.0042758,-0.004425,2.5009,4.9771,-0.00030518
0.014496,-0.0053406,-0.005226,0.0041199,2.5018,4.9765,0
0.0053406,-0.0068665,-0.0042758,0.012054,2.5018,4.9774,0.00030518
-0.0024414,-0.0086975,-0.0038007,0.011139,2.5015,4.9771,0
0.0030518,-0.010223,-0.0042758,0.0018311,2.5021,4.9768,0.00061035
0.012207,-0.0071716,-0.0042758,-0.0045776,2.5018,4.9768,-0.00030518
0.019836,-0.00076294,-0.005226,-0.0097656,2.5009,4.9765,0
0.021515,0.0079346,-0.0047509,-0.012054,2.5009,4.9768,0.00061035
0.0068665,0.012817,-0.005701,-0.012665,2.5006,4.9777,0.00030518
-0.0099182,0.013885,-0.0038007,-0.010986,2.5021,4.9771,-0.00061035
0.00045776,0.01297,-0.0047509,-0.010681,2.5012,4.978,0
0.010529,0.0073242,-0.0033257,-0.0076294,2.5018,4.9774,0.00030518
0.010681,0.0033569,-0.0038007,0.0054932,2.5015,4.9771,-0.00030518
0.0079346,0.007782,-0.0047509,0.013275,2.5018,4.9777,-0.00061035
0.0099182,0.018158,-0.0047509,0.0057983,2.5003,4.9768,-0.0012207
0.0062561,0.027008,-0.0033257,-0.0019836,2.5018,4.9786,0.00061035
0.00045776,0.028076,-0.0047509,0.002594,2.5012,4.9783,0.00061035
-0.0010681,0.023346,-0.0042758,0.013428,2.5012,4.9786,0
0.0010681,0.011902,-0.0047509,0.014648,2.5012,4.9789,-0.00061035
-0.0039673,-0.0015259,-0.0047509,0.010223,2.5009,4.9792,0
0.0012207,-0.018768,-0.0038007,0.010071,2.5018,4.9789,0.00030518
-0.0059509,-0.03418,-0.0042758,0.014038,2.5021,4.9789,-0.00061035
-0.014648,-0.039673,-0.0042758,0.015106,2.5015,4.978,0
-0.014496,-0.034332,-0.0047509,0.010223,2.5009,4.9789,0
-0.0079346,-0.026703,-0.0042758,0.00061035,2.5018,4.978,0.00030518
-0.0064087,-0.02243,-0.0042758,-0.0061035,2.5006,4.9789,0
-0.013123,-0.016022,-0.0047509,-0.0039673,2.5015,4.9783,0.00030518
-0.025024,-0.0093079,-0.0042758,0.0010681,2.5012,4.9783,-0.00061035
-0.023651,-0.0053406,-0.0028506,0.0021362,2.5021,4.9792,-0.00030518
-0.017548,-0.0010681,-0.0038007,0.0032043,2.5018,4.9783,0
-0.010681,0.0021362,-0.005226,0.0094604,2.5012,4.9774,-0.00061035
-0.016632,0.0048828,-0.0042758,0.014191,2.5006,4.9777,0.00030518
-0.017548,0.0088501,-0.0042758,0.0076294,2.5021,4.9796,0
-0.010834,0.0097656,-0.0033257,-0.0012207,2.5009,4.9783,0.00030518
-0.014496,0.011749,-0.0047509,-0.0042725,2.5021,4.9783,0.00061035
-0.0177,0.01358,-0.0042758,-0.0042725,2.5018,4.9792,0
-0.010986,0.01297,-0.0047509,-0.005188,2.5015,4.9786,0.00061035
-0.0035095,0.0076294,-0.0047509,-0.0067139,2.5006,4.9792,0
0.0030518,-0.00030518,-0.0038007,-0.0071716,2.5009,4.9796,-0.00030518
-0.00015259,-0.0080872,-0.0047509,-0.0091553,2.5009,4.9789,0.00030518
0.0085449,-0.022125,-0.0042758,-0.0094604,2.5027,4.978,0
0.011292,-0.043182,-0.005226,-0.0061035,2.5015,4.9762,0.00030518
0.014648,-0.053711,-0.0023755,-0.0013733,2.5012,4.9753,0
0.019073,-0.044403,-0.0042758,-0.0024414,2.5024,4.9741,-0.00030518
0.016022,-0.023193,-0.0038007,-0.0062561,2.5012,4.9744,-0.00030518
0.010834,-0.0013733,-0.0038007,-0.005188,2.5012,4.9744,0
0.011749,0.016022,-0.0047509,-0.00061035,2.5009,4.9744,0
0.015717,0.028687,-0.0047509,0.0012207,2.5012,4.9747,-0.00030518
0.014038,0.034637,-0.0047509,-0.0042725,2.5012,4.9744,0.00030518
-0.0027466,0.033875,-0.005226,-0.0068665,2.5009,4.9747,0.00030518
-0.0042725,0.029755,-0.0038007,-0.0062561,2.5015,4.9747,-0.00030518
0.0177,0.02594,-0.0042758,-0.0035095,2.5015,4.9756,-0.00061035
0.019379,0.021057,-0.005226,0.00061035,2.5009,4.9759,0.00061035
0.014496,0.016632,-0.0038007,0.0062561,2.5018,4.9753,0.00061035
0.0090027,0.012054,-0.0038007,0.015869,2.5012,4.9747,-0.00030518
-0.0016785,0.0062561,-0.0047509,0.022125,2.5009,4.9756,0.00030518
-0.0038147,0.0028992,-0.0042758,0.018921,2.5012,4.9765,0.00030518
0.0053406,0.0016785,-0.0042758,0.016632,2.5009,4.9756,0.00061035
0.004425,0.0065613,-0.0042758,0.018768,2.5012,4.9762,0.00030518
-0.0021362,0.012512,-0.0038007,0.014648,2.5018,4.9768,0.00091553
0.0076294,0.014648,-0.0047509,0.0079346,2.5006,4.9765,0.00061035
0.015869,0.015564,-0.0047509,0.0053406,2.5018,4.9771,-0.00061035
0.013885,0.017548,-0.0047509,0.007782,2.5015,4.9765,-0.00030518
0.009613,0.018616,-0.0042758,0.0083923,2.5,4.9771,0
0.0061035,0.020142,-0.0038007,0.0085449,2.5015,4.9762,0
-0.0022888,0.019226,-0.0042758,0.012817,2.5012,4.9768,0.00030518
-0.0038147,0.010376,-0.0047509,0.018311,2.5012,4.9774,0
0.00091553,0.00045776,-0.0042758,0.019684,2.5015,4.9774,-0.00030518
0.0047302,-0.0010681,-0.0042758,0.021515,2.5021,4.9768,0.00030518
0.0038147,0.011139,-0.0038007,0.015564,2.5015,4.9774,0
0.0094604,0.028229,-0.0042758,0.004425,2.5021,4.9777,0.00030518
0.0042725,0.041656,-0.005226,-0.0015259,2.5003,4.9789,0.00030518
-0.0056458,0.045471,-0.0042758,0.0019836,2.5015,4.9786,-0.00061035
-0.0097656,0.033722,-0.0042758,0.0050354,2.5024,4.9789,0
-0.0039673,0.0042725,-0.0047509,-0.00091553,2.5006,4.9792,-0.00061035
0.010681,-0.022888,-0.0042758,-0.0036621,2.5009,4.9796,0.00030518
0.0091553,-0.032043,-0.0038007,-0.00061035,2.5012,4.9792,0.00030518
-0.0032043,-0.016785,-0.0042758,-0.00015259,2.5003,4.9789,-0.00030518
-0.0019836,0.0071716,-0.0047509,0.0015259,2.5012,4.9792,0
0.0028992,0.017242,-0.005226,0.0038147,2.5006,4.9786,0.00030518
0.0018311,0.017548,-0.0042758,-0.00091553,2.5015,4.9786,0
-0.010834,0.010986,-0.0042758,-0.0071716,2.5006,4.9792,0.00030518
0.0073242,0.0033569,-0.0042758,-0.0086975,2.5018,4.9786,0.00030518
0.026398,0.0048828,-0.005226,-0.0010681,2.5009,4.9792,0.00030518
0.0068665,0.011292,-0.0042758,0.0056458,2.5018,4.9792,0.00030518
-0.0039673,0.011749,-0.0028506,0.0064087,2.5006,4.9789,-0.00030518
-0.007782,0.0024414,-0.0042758,0.0042725,2.5015,4.9789,0.00061035
-0.015106,-0.011597,-0.0042758,-0.0027466,2.5024,4.9792,-0.00030518
-0.0013733,-0.027618,-0.0042758,-0.0068665,2.5006,4.9792,0
0.0039673,-0.039368,-0.0038007,-0.0022888,2.5021,4.9774,0.00030518
0.0024414,-0.03479,-0.0042758,-0.0013733,2.5012,4.9786,0.00030518
0.0050354,-0.016327,-0.0042758,-0.0076294,2.5015,4.9786,0.00030518
0.0091553,-0.00061035,-0.0047509,-0.0091553,2.5018,4.9783,0
0.0033569,0.005188,-0.0042758,0.0021362,2.5006,4.9792,0.00030518
0.025177,0.0042725,-0.005226,0.021515,2.5024,4.9789,0
0.062103,-0.0030518,-0.0042758,0.027924,2.5009,4.9786,-0.00030518
0.069733,-0.012054,-0.005226,0.013428,2.5009,4.9796,0.00030518
0.033112,-0.019989,-0.0042758,-0.0027466,2.5012,4.9792,0
-0.018005,-0.028687,-0.0047509,-0.0050354,2.5021,4.9796,0
-0.045929,-0.031586,-0.0042758,0.0074768,2.5012,4.9789,-0.00030518
-0.033264,-0.022736,-0.0042758,0.023193,2.5018,4.9786,-0.00091553
-0.010834,-0.0022888,-0.0042758,0.029144,2.5015,4.9789,0.00061035
0.0010681,0.012817,-0.0033257,0.025024,2.5012,4.9789,0
0.010071,0.016785,-0.0038007,0.016174,2.5018,4.9792,-0.00061035
0.014038,0.013733,-0.0033257,0.012207,2.5021,4.9792,0.00061035
-0.0036621,0.007019,-0.0038007,0.016479,2.5015,4.9783,0
-0.023041,-0.0015259,-0.0038007,0.018921,2.5018,4.9786,0.00061035
-0.016937,-0.010071,-0.0047509,0.014191,2.5009,4.9789,0.00030518
0.010071,-0.013275,-0.0033257,0.0093079,2.5012,4.9789,0.00061035
0.026398,-0.015564,-0.0038007,0.0062561,2.5009,4.9786,0
0.031433,-0.015869,-0.0038007,0.0022888,2.5012,4.9777,0.00030518
0.013123,-0.019073,-0.0047509,0.0024414,2.5018,4.9765,0.00030518
-0.013885,-0.036316,-0.0038007,0.0074768,2.5009,4.9774,-0.00030518
-0.014954,-0.052185,-0.0042758,0.012817,2.5012,4.9768,-0.00030518
0.0030518,-0.04715,-0.0042758,0.0093079,2.5015,4.9768,0.00061035
0.012054,-0.026855,-0.0047509,0,2.5015,4.9777,0.00091553
0.01709,-0.0048828,-0.0038007,-0.00091553,2.5018,4.9768,-0.00061035
0.014954,0.010834,-0.0038007,0.0053406,2.5018,4.9777,0.00030518
0.0036621,0.0177,-0.005226,0.009613,2.5015,4.9774,0
-0.011902,0.016479,-0.0042758,0.0088501,2.5015,4.9768,0
-0.00045776,0.023804,-0.0047509,0.0024414,2.5003,4.9771,0.00030518
0.016479,0.032349,-0.0042758,-0.0012207,2.5006,4.9731,0.00061035
0.015717,0.031128,-0.0047509,0.00061035,2.5006,4.9728,0.00061035
0.00091553,0.027618,-0.0047509,0.0028992,2.5003,4.9725,0
-0.0047302,0.027618,-0.0047509,0.0012207,2.5021,4.9719,0.00030518
-0.0094604,0.018311,-0.0047509,-0.0030518,2.5018,4.9719,0
-0.014343,0.00061035,-0.0047509,-0.0032043,2.5003,4.9728,0.00030518
-0.0071716,-0.0074768,-0.0042758,0.007019,2.5015,4.9744,0
-0.0038147,-0.010834,-0.0047509,0.015411,2.5015,4.9747,0.00030518
-0.0048828,-0.01358,-0.0042758,0.011749,2.5009,4.9744,-0.00030518
0.0035095,-0.012512,-0.0042758,0.0062561,2.5012,4.9753,0
0.0028992,-0.011902,-0.0047509,0.002594,2.5009,4.9759,0
-0.0042725,-0.0094604,-0.005226,-0.00091553,2.5015,4.9762,0
-0.017242,-0.0018311,-0.0042758,-0.00076294,2.5012,4.9771,0
-0.019836,0.0074768,-0.0042758,0.00076294,2.5015,4.9756,0
-0.020905,0.020599,-0.0047509,0.0022888,2.5015,4.9774,0.00030518
-0.028534,0.034332,-0.005701,0.0073242,2.5015,4.9789,0.00030518
-0.036316,0.04364,-0.0038007,0.011902,2.5012,4.9789,-0.00030518
-0.050812,0.042572,-0.0038007,0.013123,2.5009,4.9789,0
-0.057678,0.029602,-0.0047509,0.0079346,2.5006,4.9792,-0.00030518
-0.035858,0.0045776,-0.0047509,0.0012207,2.5009,4.9786,0.00030518
-0.023041,-0.021057,-0.0038007,0.0016785,2.5,4.9789,-0.00030518
-0.026398,-0.036469,-0.005226,0.0068665,2.5009,4.9792,0
-0.027924,-0.031891,-0.0038007,0.012207,2.5015,4.9796,-0.00030518
-0.037537,-0.014038,-0.0047509,0.011444,2.5027,4.9792,0.00030518
-0.037842,0.0016785,-0.0042758,0.0086975,2.5003,4.9796,0.00030518
-0.029297,-0.0045776,-0.005226,0.0083923,2.5006,4.9796,0.00061035
-0.025024,-0.018768,-0.005226,0.01358,2.5015,4.9792,-0.00061035
-0.01709,-0.023651,-0.0038007,0.014954,2.5018,4.9786,0.00030518
-0.0038147,-0.024567,-0.0042758,0.011292,2.5015,4.9783,0
0.022736,-0.023804,-0.0042758,0.0057983,2.5012,4.9783,0.00030518
0.037537,-0.022736,-0.005701,0.0010681,2.5009,4.9789,0
0.0073242,-0.023193,-0.005226,-0.0019836,2.5012,4.9789,-0.00061035
-0.009613,-0.015717,-0.0047509,-0.002594,2.5006,4.9786,0.00061035
0.0076294,0.0038147,-0.0042758,-0.0024414,2.5012,4.9796,0
0.028992,0.019531,-0.0042758,0.0016785,2.5012,4.9792,-0.00030518
0.027161,0.026398,-0.005226,0.010223,2.5015,4.9799,-0.00061035
0.0019836,0.026245,-0.0042758,0.016174,2.5015,4.9789,-0.00061035
-0.015869,0.013275,-0.0047509,0.014191,2.5018,4.9792,0.00030518
-0.016327,-0.007782,-0.0042758,0.0062561,2.5003,4.9796,-0.00030518
0.00045776,-0.020752,-0.0038007,-0.005188,2.5018,4.9792,0
0.0012207,-0.015411,-0.0047509,-0.0094604,2.5018,4.9796,0.00030518
-0.016174,-0.0050354,-0.0042758,-0.0041199,2.5012,4.9792,0.00030518
-0.0383,0.0027466,-0.005226,-0.00091553,2.5012,4.9789,0
-0.027924,0.0067139,-0.0042758,-0.0032043,2.5006,4.9796,0
-0.012817,0.010071,-0.0042758,-0.0022888,2.5009,4.9777,-0.00030518
-0.010986,0.013733,-0.005226,0.009613,2.5009,4.9774,0.00030518
0.0041199,0.017853,-0.0047509,0.014954,2.5003,4.9774,0.00030518
0.018005,0.019836,-0.0047509,0.005188,2.5009,4.9771,-0.00061035
0.012207,0.017395,-0.0038007,0,2.5015,4.9768,0.0012207
0.012512,0.0065613,-0.0038007,0.0030518,2.5009,4.9771,0
0.010529,-0.0053406,-0.0042758,-0.00030518,2.5012,4.9771,0.00030518
0.016022,-0.011292,-0.005226,-0.0085449,2.5006,4.9771,0.00091553
0.028534,-0.0071716,-0.0042758,-0.013123,2.5021,4.9768,0.00061035
0.038757,0.0054932,-0.0047509,-0.0099182,2.5009,4.9759,0
0.035095,0.015411,-0.0038007,-0.00045776,2.5015,4.9774,0.00030518
0.023499,0.016174,-0.005226,0.0036621,2.5012,4.9774,0.00030518
0.019989,0.0067139,-0.0038007,0.00091553,2.5006,4.9771,0.00030518
0.019836,-0.0090027,-0.005226,-0.0033569,2.5003,4.9774,0
0.011292,-0.018005,-0.0038007,-0.0039673,2.5009,4.9774,0
0.00076294,-0.010986,-0.0038007,0.0030518,2.5006,4.9771,0.00030518
-0.020294,0.0012207,-0.0042758,0.015259,2.5018,4.9777,0.00030518
-0.026093,0.0027466,-0.0047509,0.018616,2.5006,4.9777,-0.00030518
-0.020294,-0.0028992,-0.0042758,0.010376,2.5012,4.9771,0.00030518
-0.00030518,-0.004425,-0.0042758,0.0015259,2.5003,4.978,-0.00061035
0.01297,-0.0013733,-0.0047509,0.0010681,2.5015,4.9786,0.00030518
0.010681,0.0032043,-0.0042758,0.011749,2.5015,4.9789,0
0.023346,0.0079346,-0.0042758,0.027466,2.5021,4.9789,-0.00030518
0.023346,0.015411,-0.0038007,0.028076,2.5018,4.9786,-0.00030518
-0.015411,0.018921,-0.0047509,0.018921,2.5021,4.978,0
-0.015411,0.015869,-0.0033257,0.014801,2.5006,4.9796,0
0.0039673,0.0080872,-0.005226,0.018158,2.5006,4.9789,0.00061035
0.0019836,0.0065613,-0.0042758,0.016327,2.5012,4.9796,0.00030518
-0.0062561,0.011444,-0.0047509,0.011139,2.5015,4.9799,0.00030518
0.010529,0.015259,-0.0042758,0.007782,2.5018,4.9796,0.00030518
0.014343,0.011749,-0.0042758,0.010834,2.5015,4.9792,0
-0.00045776,0.0022888,-0.0038007,0.0094604,2.5012,4.9802,0.00030518
-0.010223,-0.007019,-0.0028506,-0.0013733,2.5003,4.9796,0.00030518
-0.012207,-0.0047302,-0.0047509,-0.0024414,2.5009,4.9792,0.00030518
-0.015564,0.0039673,-0.0042758,0.0079346,2.5015,4.9786,-0.00030518
-0.0045776,0.013275,-0.0042758,0.011292,2.5015,4.9792,0.00061035
0.0057983,0.019226,-0.0042758,0.0062561,2.5015,4.9762,-0.00030518
0.0079346,0.016632,-0.0047509,-0.00030518,2.5009,4.975,0.00030518
0.0082397,0.010681,-0.0042758,-0.0056458,2.5015,4.9747,0
0.011292,0.012054,-0.0047509,-0.0064087,2.5015,4.9741,0.00030518
0.010681,0.018616,-0.0042758,-0.00091553,2.5006,4.9747,-0.00030518
0.0039673,0.02182,-0.0042758,0.0019836,2.5015,4.9744,-0.00030518
0.013275,0.01236,-0.005701,-0.0012207,2.5006,4.975,0.00030518
0.027313,-0.0047302,-0.0047509,-0.0062561,2.5009,4.9747,0.00030518
0.0083923,-0.021973,-0.0042758,-0.010223,2.5015,4.9734,0.00030518
0.0057983,-0.031433,-0.0033257,-0.015564,2.5009,4.9747,0
0.0067139,-0.03006,-0.0038007,-0.018921,2.5012,4.9759,0.00091553
0.00030518,-0.020905,-0.0042758,-0.019379,2.5018,4.9759,-0.00030518
0.0085449,-0.0091553,-0.0047509,-0.016937,2.5009,4.9762,0.00061035
0.052948,-0.0024414,-0.005226,-0.01709,2.5009,4.975,0.00091553
0.046539,0.00045776,-0.0042758,-0.015411,2.5015,4.978,0.00030518
-0.011444,0.002594,-0.0042758,-0.0099182,2.5009,4.9789,-0.00061035
-0.043488,-0.0016785,-0.0042758,0.0032043,2.5012,4.9796,0
-0.045013,-0.005188,-0.0042758,0.0099182,2.5012,4.9796,0
-0.034332,-0.0033569,-0.0042758,0.0068665,2.5018,4.9789,-0.00030518
0.0059509,-0.0012207,-0.0042758,0.0050354,2.5009,4.9796,0.00030518
0.00015259,-0.0028992,-0.0047509,0.0030518,2.5009,4.978,0.00030518
-0.015411,-0.0059509,-0.0038007,0.0032043,2.5009,4.9777,0
0.00015259,-0.0050354,-0.0042758,0.00015259,2.5021,4.9771,0.00030518
0.0086975,-0.002594,-0.0042758,-0.0032043,2.5009,4.9762,0
-0.0013733,0.0022888,-0.005226,-0.0027466,2.5021,4.9768,-0.00030518
-0.009613,0.0080872,-0.0042758,0.00045776,2.5021,4.9762,0
-0.014343,0.0064087,-0.0042758,0.0019836,2.5015,4.9774,0
-0.011139,-0.00030518,-0.0047509,-0.0013733,2.5006,4.9765,-0.00061035
-0.00015259,-0.0053406,-0.0047509,0.0039673,2.5015,4.9762,-0.00061035
0.0053406,-0.0067139,-0.0033257,0.0080872,2.5003,4.9762,0.00030518
0.0013733,-0.00015259,-0.0047509,0.004425,2.5021,4.9771,-0.00030518
-0.0086975,0.0076294,-0.0042758,0.0012207,2.5015,4.9774,0
-0.023346,0.0073242,-0.0038007,0.002594,2.5018,4.9774,-0.00061035
-0.023346,0.0038147,-0.005226,0.0018311,2.5006,4.9774,0.00030518
-0.018158,0.0033569,-0.0047509,0.0012207,2.5015,4.9783,-0.00030518
-0.0099182,0.0018311,-0.005701,0.0073242,2.5003,4.9771,-0.00030518
-0.00061035,-0.0036621,-0.0047509,0.01709,2.5015,4.9777,-0.00061035
-0.011444,-0.0082397,-0.005226,0.022278,2.5015,4.9777,0
-0.021057,-0.0090027,-0.005701,0.021515,2.5015,4.9789,0.00030518
-0.010376,-0.0071716,-0.0042758,0.018005,2.5006,4.9786,0.00091553
-0.015259,-0.0071716,-0.0042758,0.015564,2.5003,4.9799,-0.00030518
-0.01297,-0.0041199,-0.005701,0.015106,2.5012,4.9792,-0.00091553
-0.015717,-0.00091553,-0.0047509,0.019836,2.5012,4.9789,0.00030518
-0.036316,0.00015259,-0.0038007,0.022583,2.5009,4.9789,0
-0.046997,-0.0012207,-0.0042758,0.017853,2.5018,4.9789,0.00030518
-0.033569,-0.0039673,-0.0033257,0.015106,2.5009,4.9786,0.00030518
-0.015869,-0.0015259,-0.0042758,0.014801,2.5021,4.9792,0.00061035
-0.020599,0.0032043,-0.0047509,0.0083923,2.5015,4.9799,0.00030518
-0.017853,0.0083923,-0.0047509,-0.0027466,2.5009,4.9777,0.00030518
0.0035095,0.011139,-0.0047509,-0.0076294,2.5015,4.978,-0.00061035
0.0027466,0.010681,-0.005226,-0.0061035,2.5018,4.9786,0
-0.0083923,0.0061035,-0.0038007,-0.002594,2.5,4.9783,0
0.004425,0.00045776,-0.005701,-0.0018311,2.5012,4.9783,-0.00061035
0.017853,-0.0059509,-0.0042758,0.0012207,2.5018,4.9789,0
0.016937,-0.0085449,-0.005701,0,2.5009,4.9789,0
0.0018311,-0.0080872,-0.0033257,-0.0033569,2.5012,4.9786,0
-0.0061035,-0.0022888,-0.0047509,-0.0019836,2.5009,4.9789,0
-0.00061035,0.0094604,-0.0042758,0.0027466,2.5024,4.9786,0
0.0091553,0.025024,-0.0038007,0.0021362,2.5018,4.9796,0.00030518
0.0085449,0.031128,-0.0047509,-0.0015259,2.5012,4.9796,-0.00061035
-0.011749,0.027161,-0.0042758,-0.0038147,2.5015,4.9792,0
-0.023499,0.013428,-0.0038007,-0.0010681,2.5021,4.9789,-0.00030518
-0.020294,-0.0082397,-0.0047509,0.0033569,2.5012,4.9792,0
-0.015717,-0.027313,-0.0042758,0.0015259,2.5018,4.9786,0
-0.013428,-0.027161,-0.0038007,-0.0062561,2.5,4.9789,-0.00030518
-0.0076294,-0.024719,-0.0042758,-0.0080872,2.5012,4.9789,-0.00030518
-0.0065613,-0.031586,-0.0047509,-0.0030518,2.5012,4.9786,-0.00061035
-0.014954,-0.03067,-0.0042758,0.0021362,2.5009,4.9783,0.00061035
-0.015259,-0.017853,-0.005226,0.0041199,2.5009,4.978,0
0.0090027,-0.0015259,-0.0047509,0.0079346,2.5012,4.9786,-0.00030518
0.009613,0.010834,-0.0042758,0.012207,2.5012,4.9777,0
-0.0067139,0.015259,-0.0042758,0.014343,2.5021,4.9786,0.00030518
-0.017242,0.015411,-0.0042758,0.018616,2.5009,4.9774,0.00030518
-0.021667,0.018005,-0.0042758,0.022736,2.5006,4.9786,0.00030518
-0.018158,0.020599,-0.0038007,0.019989,2.5012,4.9789,0
-0.01297,0.025177,-0.0038007,0.015717,2.5018,4.9789,0
-0.01297,0.03006,-0.0042758,0.011597,2.5009,4.9786,0.00030518
-0.010834,0.028381,-0.0047509,0.011139,2.5018,4.9796,-0.00030518
-0.0090027,0.019226,-0.0042758,0.010986,2.5009,4.9786,0.00030518
0.0013733,0.0097656,-0.0047509,0.0073242,2.5012,4.9796,0.00061035
0.0059509,0.010986,-0.0042758,0.0015259,2.5012,4.9756,0.00030518
0.017548,0.013428,-0.0047509,0.0057983,2.5018,4.9756,0.00030518
0.017242,0.0036621,-0.0047509,0.01358,2.5009,4.9756,0.00030518
0.011292,-0.0061035,-0.0038007,0.020599,2.5003,4.9744,-0.00061035
0.010681,-0.0062561,-0.005226,0.022125,2.5018,4.9741,0
0.0053406,-0.0032043,-0.0033257,0.018311,2.5015,4.9756,0.00030518
-0.0042725,-0.00015259,-0.0042758,0.020294,2.5006,4.9756,0
-0.0056458,0.0076294,-0.0042758,0.024109,2.5021,4.975,0
-0.0021362,0.01709,-0.0042758,0.016327,2.5018,4.9744,0.00061035
0.010681,0.019989,-0.0042758,0.0022888,2.5015,4.9747,-0.00030518
0.017548,0.013733,-0.0042758,-0.0079346,2.5018,4.9716,-0.00030518
0.014801,0.0027466,-0.0047509,-0.0079346,2.5012,4.9701,-0.00030518
0.011597,-0.010529,-0.0038007,-0.0047302,2.5015,4.9716,-0.00061035
0.0022888,-0.010071,-0.005701,0.00091553,2.5012,4.9716,0.00030518
-0.010071,0.0050354,-0.0042758,0.0090027,2.5018,4.9744,-0.00061035
-0.01358,0.011597,-0.0038007,0.015869,2.5009,4.9747,0.00030518
0.0022888,-0.0047302,-0.0042758,0.018311,2.5018,4.9765,0.00061035
0.007782,-0.033264,-0.0038007,0.018921,2.5006,4.9753,-0.00030518
0.012512,-0.061035,-0.005226,0.016022,2.5012,4.9762,0.00030518
0.024567,-0.076752,-0.0047509,0.0057983,2.5006,4.9765,-0.00030518
0.015106,-0.062561,-0.0042758,-0.0035095,2.5009,4.9777,-0.00030518
0.011749,-0.031281,-0.0047509,-0.0067139,2.5012,4.978,0.00030518
0.014343,-0.0071716,-0.0033257,-0.004425,2.5012,4.9783,0.00061035
0.0016785,0.0086975,-0.0047509,-0.0010681,2.5012,4.9777,0.00030518
-0.015869,0.016785,-0.005701,0.0021362,2.5015,4.9774,0
-0.025787,0.015411,-0.0047509,0.002594,2.5024,4.9771,-0.00030518
-0.019531,0.011444,-0.0047509,0.0021362,2.5015,4.9777,0.00091553
-0.0086975,0.010834,-0.0047509,0.0028992,2.5006,4.978,0
-0.0086975,0.01236,-0.0042758,0.0073242,2.5009,4.9786,0.00061035
-0.0061035,0.0067139,-0.0047509,0.011902,2.5015,4.9789,-0.00030518
-0.005188,-0.0068665,-0.005226,0.013733,2.5006,4.9783,-0.00030518
-0.0059509,-0.017548,-0.0047509,0.014954,2.5006,4.9799,0.00030518
-0.0057983,-0.018463,-0.0042758,0.017853,2.5018,4.9799,0.00030518
-0.007782,-0.010529,-0.0047509,0.022736,2.5006,4.9796,0.00030518
-0.015259,-0.0016785,-0.0047509,0.027313,2.5009,4.9789,0
-0.018158,0.0028992,-0.0033257,0.028076,2.5018,4.9792,-0.00030518
-0.021973,0.0042725,-0.0033257,0.02594,2.5003,4.9792,0.00091553
-0.024872,0.0030518,-0.0042758,0.018158,2.5015,4.9789,0.00061035
-0.024109,0.0021362,-0.0047509,0.013885,2.5015,4.9783,0.00030518
-0.0059509,0.0041199,-0.005226,0.014038,2.5015,4.9786,0.00061035
0.0038147,0.0068665,-0.0047509,0.014648,2.5012,4.9792,0.00061035
0.0016785,0.010834,-0.0042758,0.0085449,2.5024,4.9792,0.00030518
-0.0010681,0.013428,-0.005226,-0.00030518,2.5006,4.9799,0.00061035
0.0054932,0.015564,-0.0042758,-0.0024414,2.5009,4.9796,0.00061035
0.0036621,0.017242,-0.0042758,0.00015259,2.5003,4.9789,0.00091553
0.00091553,0.017548,-0.005226,0.0010681,2.5012,4.9786,0
-0.0016785,0.015717,-0.0042758,0.00030518,2.5024,4.9792,0.00030518
-0.0056458,0.011902,-0.0042758,0.00030518,2.5009,4.9789,0.00030518
-0.0041199,0.0064087,-0.0047509,0.0027466,2.5009,4.9777,-0.00030518
0.0067139,0.00061035,-0.0047509,0.0032043,2.5018,4.9792,0
0.012512,-0.0045776,-0.005226,0.00061035,2.5009,4.9789,-0.00091553
0.0086975,-0.0082397,-0.0047509,-0.0015259,2.5015,4.9796,-0.00030518
0,-0.010223,-0.0047509,-0.0013733,2.5009,4.9796,0
-0.0024414,-0.0079346,-0.005226,-0.0033569,2.5009,4.9792,0
0.0073242,-0.0048828,-0.0042758,-0.007782,2.5021,4.9783,-0.00030518
0.018311,-0.0024414,-0.0042758,-0.0067139,2.5003,4.9774,-0.00061035
0.015564,0.00030518,-0.0042758,0.00045776,2.5012,4.9783,-0.00091553
0.0035095,0.0028992,-0.0047509,0.0042725,2.5012,4.9789,0
0.0012207,0.0061035,-0.0042758,0.0035095,2.5018,4.978,0.00061035
0.013428,0.0071716,-0.0042758,0.0056458,2.5015,4.9796,-0.00030518
0.011444,0.0035095,-0.0042758,0.0065613,2.5015,4.9789,0.00030518
0.0050354,-0.0019836,-0.0038007,0.0062561,2.5006,4.9786,0.00061035
0.009613,-0.0059509,-0.0047509,0.0047302,2.5021,4.9796,0.00030518
0.020447,-0.0062561,-0.0042758,0.0099182,2.5009,4.9789,0.00061035
0.011902,-0.0059509,-0.0038007,0.016327,2.5021,4.9777,0
0.0010681,-0.0033569,-0.0042758,0.018921,2.5015,4.9783,0.00030518
0.0042725,0.0010681,-0.005226,0.012207,2.5021,4.9771,0.00030518
0.013428,0.0048828,-0.0047509,0.004425,2.5021,4.9765,0.00030518
0.012207,0.0083923,-0.0038007,-0.0024414,2.5015,4.9762,0.00030518
0.016327,0.015411,-0.0047509,-0.0038147,2.5009,4.9762,0
0.016937,0.020142,-0.005226,0.00015259,2.5015,4.9768,0.00061035
0.011749,0.015564,-0.0042758,-0.00061035,2.5012,4.9759,-0.00030518
0.0085449,0.0061035,-0.0038007,0.00015259,2.5015,4.9768,0
0.0054932,-0.0038147,-0.005226,-0.00045776,2.5006,4.9771,0.00061035
0.0041199,-0.010223,-0.0047509,-0.0019836,2.5,4.9768,0.00061035
0.0067139,-0.011597,-0.0042758,-0.0032043,2.5015,4.9774,0
0.011749,-0.0074768,-0.0042758,-0.0053406,2.5003,4.9774,-0.00061035
0.017242,0.00030518,-0.0047509,-0.010529,2.5006,4.9768,-0.00030518
0.011749,0.007782,-0.005226,-0.010986,2.5015,4.9765,-0.00030518
0.017395,0.011139,-0.0042758,-0.0067139,2.5012,4.9768,0
0.017548,0.013885,-0.0033257,-0.0079346,2.5012,4.975,-0.00061035
0.011292,0.014954,-0.0047509,-0.010834,2.5018,4.9728,0
0.0041199,0.014496,-0.0047509,-0.0042725,2.5018,4.9734,-0.00030518
0.0056458,0.0085449,-0.0047509,0.0010681,2.5015,4.9744,0
0.013733,-0.0056458,-0.0047509,0.0015259,2.5024,4.9734,0.00061035
0.010071,-0.018463,-0.0047509,0.0068665,2.5009,4.9747,-0.00091553
0.0036621,-0.018005,-0.0047509,0.010986,2.5006,4.9744,0.00061035
0.0045776,-0.013123,-0.0047509,0.0086975,2.5009,4.9747,0.00061035
0.011902,-0.013275,-0.0038007,0.0067139,2.5018,4.9741,0.00030518
0.02243,-0.004425,-0.0038007,0.0038147,2.5009,4.9747,0.00061035
0.016937,0.010986,-0.0047509,0.0064087,2.5012,4.9762,0
0.0021362,0.015869,-0.0047509,0.015259,2.5012,4.9768,0.00030518
-0.01297,0.01358,-0.0042758,0.029755,2.5018,4.9759,-0.00030518
-0.015259,0.0093079,-0.0042758,0.036469,2.5012,4.9756,0.00061035
-0.0056458,0.0018311,-0.0042758,0.03067,2.5021,4.9786,0.00091553
0.0016785,-0.010834,-0.0042758,0.02655,2.5021,4.9783,0
0.0013733,-0.015564,-0.0047509,0.026703,2.5021,4.9789,0
-0.0028992,-0.018005,-0.0042758,0.023041,2.5012,4.9786,0
-0.009613,-0.019379,-0.0033257,0.018158,2.5006,4.9783,0
0.0015259,-0.01236,-0.005226,0.013733,2.5009,4.9792,0.00030518
0.0094604,0.0010681,-0.0047509,0.010681,2.5015,4.9792,0
0.0027466,0.01297,-0.0047509,0.0086975,2.5018,4.9783,0.00091553
-0.0013733,0.016785,-0.005226,0.0057983,2.5009,4.978,-0.00030518
0.0062561,0.013428,-0.0047509,0.0030518,2.5015,4.9783,0
0.013428,0.0033569,-0.005226,0.0032043,2.5003,4.9792,0
0.0091553,-0.0045776,-0.005226,0.007019,2.5018,4.9786,0.00030518
0.0012207,-0.0039673,-0.005226,0.0086975,2.5006,4.9783,0.00061035
-0.0027466,-0.0039673,-0.0042758,0.0091553,2.5015,4.9783,0.00030518
-0.0065613,-0.0039673,-0.005226,0.0088501,2.5018,4.9777,0.00061035
0.0027466,-0.0018311,-0.0042758,0.0085449,2.5024,4.9783,0
0.0041199,0.0035095,-0.0042758,0.005188,2.5009,4.9789,0.00030518
0.0030518,0.012207,-0.0038007,0.00076294,2.5015,4.9792,0.00030518
0.0041199,0.017242,-0.0047509,-0.004425,2.5,4.9789,0
0.0024414,0.015259,-0.0042758,-0.011444,2.5003,4.9789,0.00030518
0.0059509,0.0079346,-0.005226,-0.0097656,2.5012,4.9786,0.00030518
0.010529,-0.0015259,-0.0038007,-0.0015259,2.5012,4.9783,0
0.0094604,-0.0088501,-0.005226,0.0062561,2.5009,4.9789,0.00030518
-0.0048828,-0.012207,-0.0038007,0.012665,2.5009,4.9786,0.00030518
-0.020447,-0.010681,-0.005226,0.018921,2.5003,4.9792,0
-0.019073,-0.0027466,-0.0047509,0.021057,2.5012,4.9789,0
-0.020599,0.0012207,-0.0047509,0.02121,2.5015,4.9786,0.00061035
-0.022125,0.0019836,-0.0042758,0.019989,2.5015,4.9774,0
-0.016937,0.0039673,-0.0047509,0.016785,2.5012,4.9774,0
-0.014191,0.0059509,-0.0047509,0.014496,2.5,4.9771,0.00030518
-0.020905,0.0086975,-0.0042758,0.015411,2.5018,4.9765,0
-0.034485,0.013275,-0.0047509,0.013733,2.5012,4.9762,-0.00030518
-0.045013,0.015869,-0.0047509,0.011444,2.5024,4.9768,0
-0.048828,0.018616,-0.0047509,0.011749,2.5009,4.9768,-0.00030518
-0.046844,0.020752,-0.0047509,0.014038,2.5018,4.9765,-0.00091553
-0.025482,0.016479,-0.005226,0.017395,2.5,4.9756,0
-0.0079346,0.0073242,-0.0042758,0.016937,2.5012,4.9771,0
0.0088501,-0.00030518,-0.0042758,0.0056458,2.5003,4.9768,0.00030518
0.017548,-0.0048828,-0.0042758,-0.0071716,2.5018,4.9771,0.00061035
0.020905,-0.0097656,-0.005226,-0.0050354,2.5009,4.9771,0
0.023804,-0.010223,-0.0042758,-0.00076294,2.5009,4.9777,0.00061035
0.024567,-0.002594,-0.005226,0,2.5009,4.9771,-0.00030518
0.011444,0.015106,-0.0042758,0.0038147,2.5012,4.9774,0.00061035
-0.011749,0.040131,-0.0047509,0.010223,2.5012,4.9771,0
-0.021362,0.059509,-0.0038007,0.011139,2.5024,4.9774,0.00061035
-0.0045776,0.057831,-0.0047509,0.0083923,2.5012,4.9783,0
-0.00061035,0.036316,-0.005226,0.0065613,2.5021,4.9789,0
0.00045776,-0.0048828,-0.0047509,0.010681,2.5003,4.9796,0.00061035
0.0028992,-0.050964,-0.0042758,0.01236,2.5012,4.9786,-0.00030518
0.0093079,-0.067139,-0.0047509,0.0030518,2.5006,4.978,-0.00030518
0.01709,-0.05127,-0.0047509,-0.0071716,2.5015,4.9789,0.00030518
0.014191,-0.028992,-0.0047509,-0.0013733,2.5012,4.9792,0.00061035
0.0073242,-0.01358,-0.005226,0.013123,2.5018,4.9792,-0.00030518
-0.0021362,-0.0045776,-0.005226,0.017395,2.5018,4.9786,0
-0.015411,-0.0015259,-0.0047509,0.016327,2.5009,4.9774,0
-0.012665,-0.0019836,-0.0033257,0.018463,2.5009,4.9774,0
-0.016022,0.00076294,-0.0047509,0.022125,2.5012,4.978,0.00030518
-0.020447,0.011444,-0.0042758,0.014343,2.5024,4.978,0
-0.009613,0.017853,-0.005226,0.0053406,2.5021,4.9792,-0.00030518
-0.0086975,0.013275,-0.0047509,0.0073242,2.5018,4.9799,-0.0015259
-0.018463,-0.005188,-0.0042758,0.018616,2.5009,4.9792,-0.00061035
-0.020142,-0.03006,-0.0047509,0.022125,2.5015,4.9789,0.00061035
-0.0085449,-0.038757,-0.0028506,0.011292,2.5009,4.9792,0.00030518
0.021057,-0.024872,-0.0038007,-0.0024414,2.5012,4.9786,0
0.023956,-0.0038147,-0.0042758,-0.0045776,2.5015,4.9796,0.00030518
0.0028992,0.0088501,-0.0042758,-0.0094604,2.5015,4.9786,0
-0.0057983,0.014191,-0.0047509,-0.015106,2.5009,4.9756,0.00091553
-0.0073242,0.012817,-0.0047509,-0.015259,2.5018,4.9747,0.00061035
-0.016022,0.007782,-0.0047509,-0.0056458,2.5,4.9747,0.00061035
-0.011902,0.0024414,-0.0042758,-0.0012207,2.5012,4.9741,0.00030518
0.010223,-0.0053406,-0.0047509,-0.0090027,2.5009,4.9747,0.00030518
0.022583,-0.019531,-0.0033257,-0.022278,2.5015,4.9744,0
0.013733,-0.031433,-0.0047509,-0.031891,2.5021,4.9753,-0.00030518
0.0050354,-0.035095,-0.0028506,-0.028839,2.5012,4.9753,-0.00091553
-0.0038147,-0.029755,-0.0042758,-0.021362,2.5018,4.9738,0.00030518
0.0053406,-0.017853,-0.0042758,-0.017242,2.5018,4.9744,-0.00030518
0.00015259,-0.004425,-0.0042758,-0.015259,2.5006,4.9759,-0.00030518
-0.0015259,0.0057983,-0.0033257,-0.013885,2.5021,4.975,0.00091553
-0.0010681,0.0065613,-0.005226,-0.01358,2.5012,4.9762,0.00030518
0.0041199,0.00045776,-0.0042758,-0.0073242,2.5015,4.9759,0.00030518
0.036469,-0.0053406,-0.0042758,-0.00076294,2.5012,4.978,-0.00030518
0.054321,-0.0041199,-0.005226,-0.0056458,2.5009,4.978,0
0.009613,-0.00061035,-0.0038007,-0.010681,2.5024,4.9774,-0.00061035
-0.017548,-0.0010681,-0.0047509,-0.0059509,2.5012,4.9771,-0.00030518
-0.002594,-0.0033569,-0.0038007,0.00061035,2.5021,4.9768,0.00030518
0.010529,-0.0074768,-0.0038007,0.0010681,2.5009,4.9765,0
-0.0015259,-0.0086975,-0.0038007,0.0056458,2.5027,4.9765,0
0.00030518,-0.0024414,-0.0038007,0.01358,2.5009,4.975,-0.00030518
0.022278,0.0093079,-0.0042758,0.017548,2.5018,4.9762,0.00030518
0.037384,0.021667,-0.0038007,0.019836,2.5012,4.9768,-0.00030518
-0.0012207,0.022888,-0.0042758,0.017242,2.5021,4.9762,0
-0.015717,0.017853,-0.0047509,0.011139,2.5018,4.9765,-0.00030518
0.010071,0.013885,-0.0038007,0.0045776,2.5012,4.9768,0
0.013275,0.0082397,-0.0042758,0.0019836,2.5012,4.9774,0.00030518
-0.01358,0.0016785,-0.0047509,0.0082397,2.5015,4.9774,0
-0.014038,0.0010681,-0.0042758,0.010529,2.5015,4.9777,0
0.00045776,0.0091553,-0.0038007,0.0033569,2.5015,4.9777,-0.00061035
-0.0010681,0.016022,-0.005226,-0.0022888,2.5003,4.978,0
-0.017853,0.016022,-0.0042758,-0.0019836,2.5012,4.978,-0.00030518
-0.023651,0.010223,-0.0042758,-0.0036621,2.5012,4.9768,0
-0.015869,0.0010681,-0.0042758,-0.0082397,2.5015,4.9774,-0.00061035
-0.010529,-0.0073242,-0.0042758,-0.0022888,2.5006,4.9768,-0.00030518
-0.015411,-0.014343,-0.0042758,0.0091553,2.5009,4.978,-0.00030518
-0.023499,-0.012512,-0.005226,0.015717,2.5012,4.9792,-0.00030518
-0.029602,-0.004425,-0.0047509,0.014038,2.5006,4.9786,-0.00091553
-0.0091553,0.00030518,-0.0047509,0.0079346,2.5012,4.978,0
0.002594,0.0076294,-0.0038007,0.0062561,2.5006,4.9786,0
0.0071716,0.01236,-0.0047509,0.010986,2.5015,4.9789,0
0.007019,0.0068665,-0.0042758,0.011749,2.5003,4.9799,0.00030518
-0.0056458,-0.0056458,-0.0047509,0.011902,2.5012,4.9792,-0.00030518
-0.010986,-0.019836,-0.005226,0.010834,2.5018,4.9789,0
-0.0041199,-0.024872,-0.0042758,0.0057983,2.5015,4.9783,-0.00061035
-0.00015259,-0.020447,-0.0038007,0.00015259,2.5012,4.9799,0
-0.0064087,-0.01297,-0.0042758,0.00076294,2.5009,4.9792,0.00030518
-0.011292,-0.0045776,-0.0038007,0.0091553,2.5012,4.9783,0.00030518
-0.00015259,0.0038147,-0.0042758,0.012817,2.5006,4.9783,0
0.0041199,0.012512,-0.0047509,0.014038,2.5018,4.9783,-0.00030518
0.0041199,0.015259,-0.0033257,0.011444,2.5012,4.9786,0
0.0065613,0.010376,-0.005226,0.007782,2.5027,4.9786,0
0.0086975,-0.00030518,-0.0042758,0.010986,2.5024,4.978,-0.00030518
0.0093079,-0.014191,-0.0047509,0.017242,2.5012,4.9786,-0.00091553
0.014496,-0.015869,-0.0047509,0.016785,2.5024,4.9789,0.00030518
0.014343,0.0059509,-0.005226,0.014191,2.5018,4.9792,-0.00091553
0.0082397,0.037079,-0.0047509,0.01709,2.5003,4.9792,0
0.0076294,0.051422,-0.0042758,0.017548,2.5012,4.9783,0.00030518
0.023041,0.03952,-0.005226,0.012512,2.5009,4.9792,0
0.015717,0.016327,-0.005226,0.010986,2.5015,4.9792,0.00030518
-0.0071716,-0.0039673,-0.005226,0.016022,2.5009,4.9783,0.00061035
-0.0088501,-0.014496,-0.0047509,0.019226,2.5021,4.9789,-0.00030518
0.0016785,-0.011597,-0.0033257,0.017395,2.5018,4.9789,0.00030518
0.0041199,-0.00045776,-0.0047509,0.01297,2.5009,4.9799,0.00030518
-0.0086975,0.012512,-0.0047509,0.0061035,2.5015,4.9786,0.00061035
-0.011292,0.017242,-0.005701,-0.00030518,2.5006,4.9792,0
-0.0065613,0.010376,-0.0042758,0.0061035,2.5015,4.9792,0.00030518
-0.0065613,-0.0032043,-0.0042758,0.012054,2.5021,4.978,0.00061035
0.007019,-0.018768,-0.005226,0.0090027,2.5015,4.9789,0.00030518
0.0091553,-0.028687,-0.0038007,0.005188,2.5012,4.9792,0.00030518
-0.004425,-0.027466,-0.0033257,0.0030518,2.5003,4.9789,0
-0.010071,-0.019379,-0.005226,0.002594,2.5009,4.9799,0.00030518
-0.0065613,-0.010986,-0.0047509,0.0045776,2.5015,4.9789,0
-0.0053406,-0.00091553,-0.0033257,0.0036621,2.5018,4.9783,-0.00030518
-0.012817,0.012054,-0.005226,0.0059509,2.5015,4.9792,0.00030518
-0.010834,0.019226,-0.0038007,0.0073242,2.5015,4.978,-0.00061035
-0.005188,0.020142,-0.0042758,0.0041199,2.5012,4.9783,0.00061035
-0.011749,0.019226,-0.0042758,-0.0039673,2.5012,4.9777,-0.00030518
-0.0057983,0.018005,-0.0038007,-0.0068665,2.5018,4.9771,0
-0.0061035,0.013275,-0.0042758,0.00076294,2.5024,4.9716,-0.00061035
0.00045776,0.0088501,-0.005226,0.00015259,2.5015,4.9713,-0.00030518
0.0091553,0.007019,-0.005701,-0.0022888,2.5018,4.9695,0.00030518
0.0088501,0.0053406,-0.005226,-0.00030518,2.5009,4.9689,0.00030518
-0.007782,0.004425,-0.005701,0.00045776,2.5018,4.9695,0.00061035
-0.015564,0.0030518,-0.0047509,0.0042725,2.5006,4.9707,0
-0.0067139,0.0024414,-0.0047509,0.0062561,2.5012,4.9713,0.00091553
-0.0047302,-0.0016785,-0.005226,0.007782,2.5006,4.9722,0.00030518
-0.013885,-0.010376,-0.0042758,0.014038,2.5021,4.9728,0
-0.0083923,-0.017242,-0.0047509,0.018921,2.5009,4.9731,-0.00061035
0.0085449,-0.015259,-0.0047509,0.017242,2.5021,4.9731,0
0.017395,-0.010681,-0.005701,0.015564,2.5012,4.9738,0.00030518
0.0083923,-0.010834,-0.0042758,0.016632,2.5021,4.9744,-0.00091553
-0.0067139,-0.0090027,-0.0047509,0.019684,2.5012,4.9744,0
-0.0083923,-0.0076294,-0.0038007,0.019684,2.5015,4.9774,0.00061035
-0.0045776,-0.0091553,-0.0047509,0.012817,2.5009,4.978,-0.00061035
0.0022888,-0.007782,-0.0047509,0.0085449,2.5009,4.9786,0.00061035
0.0061035,-0.0038147,-0.0042758,0.014954,2.5009,4.9783,-0.00030518
0.007782,-0.00030518,-0.0042758,0.017395,2.5015,4.9789,-0.00030518
0.014648,0.0010681,-0.0042758,0.015411,2.5009,4.9792,0
0.0061035,0.0028992,-0.0047509,0.012054,2.5015,4.9792,0.00030518
0.0094604,0.0038147,-0.005226,0.015411,2.5012,4.9777,0.00030518
0.011902,0.0030518,-0.005226,0.019073,2.5006,4.9789,-0.00091553
0.0065613,0,-0.0042758,0.018005,2.5009,4.9783,-0.00030518
0.0065613,-0.0045776,-0.0038007,0.0090027,2.5015,4.9786,0.00061035
0.01297,-0.0041199,-0.0042758,-0.004425,2.5012,4.9783,0.00030518
0.012512,0.0032043,-0.0042758,-0.011292,2.5009,4.9792,0.00030518
0.0039673,0.0088501,-0.0038007,-0.0071716,2.5015,4.9789,0
-0.0073242,0.0088501,-0.0047509,0.0024414,2.5,4.978,-0.00091553
0.0059509,0.0061035,-0.0047509,0.0062561,2.5012,4.9786,0.00061035
0.01297,0.0059509,-0.0042758,0.00030518,2.5018,4.9792,-0.00061035
0.01297,0.0088501,-0.0033257,-0.012817,2.5015,4.9799,-0.00061035
0.0056458,0.013428,-0.0047509,-0.023193,2.5009,4.9796,0.00030518
-0.0071716,0.015869,-0.0047509,-0.017242,2.5018,4.9796,-0.00030518
-0.017395,0.018616,-0.0047509,-0.0035095,2.5003,4.9792,0
-0.02533,0.019684,-0.0042758,0.0073242,2.5012,4.9792,0
-0.022736,0.0177,-0.0047509,0.011749,2.5006,4.9783,0
-0.016327,0.019379,-0.0047509,0.015259,2.5009,4.9792,0.00030518
-0.013885,0.015259,-0.0042758,0.010071,2.5018,4.9796,0.00061035
-0.00076294,0.0038147,-0.0042758,0.00015259,2.5009,4.9786,0.00030518
-0.0061035,-0.0056458,-0.0042758,0.0073242,2.5018,4.9789,0
-0.016479,-0.016632,-0.0042758,0.020294,2.5018,4.9786,0
-0.017853,-0.026398,-0.005226,0.019379,2.5003,4.9792,0.00030518
-0.015869,-0.021973,-0.0042758,0.011902,2.5018,4.9796,0.00061035
-0.0061035,-0.0030518,-0.0047509,0.010986,2.5003,4.9796,0.00030518
0.011597,0.0067139,-0.0038007,0.017853,2.5024,4.9789,0.00030518
0.028229,0.0024414,-0.0038007,0.02182,2.5015,4.9786,0
0.00045776,0.0015259,-0.0033257,0.020905,2.5015,4.9789,-0.00030518
-0.019989,0.0057983,-0.005226,0.019836,2.5,4.978,0
-0.0085449,0.0074768,-0.0038007,0.014496,2.5009,4.9792,0.00030518
0.0015259,0.0033569,-0.0047509,0.0083923,2.5003,4.9789,0.00030518
0.00015259,-0.0033569,-0.0042758,0.0038147,2.5021,4.9786,0.00030518
-0.0067139,-0.0079346,-0.0047509,0.0021362,2.5009,4.9786,0.00030518
-0.0057983,-0.0068665,-0.0047509,0.0019836,2.5006,4.9789,0.00030518
0.0033569,0.0030518,-0.0028506,0.0024414,2.5012,4.9786,-0.00061035
0.03479,0.010681,-0.0042758,0.0024414,2.5009,4.9774,0
0.055084,0.011139,-0.0042758,-0.0022888,2.5015,4.9768,-0.00030518
0.0030518,0.0086975,-0.0042758,-0.0035095,2.5018,4.9762,0.00030518
-0.033417,-0.00076294,-0.0047509,0.0015259,2.5018,4.9765,0.00061035
0,-0.012512,-0.0042758,0.0057983,2.5006,4.9756,0
0.0071716,-0.016327,-0.0042758,0.00076294,2.5015,4.9759,0.00030518
-0.021973,-0.014648,-0.0042758,-0.0093079,2.5003,4.9768,0
-0.03418,-0.011292,-0.0042758,-0.009613,2.5018,4.9762,-0.00030518
-0.021057,0.00015259,-0.0042758,-0.0030518,2.5,4.9756,0
-0.017548,0.013733,-0.0042758,0.0035095,2.5018,4.9768,0.00030518
-0.027771,0.014496,-0.0047509,0.0039673,2.5006,4.9765,0.00030518
-0.031128,0.0027466,-0.005226,-0.0059509,2.5009,4.978,0
-0.022278,-0.00091553,-0.0042758,-0.016327,2.5009,4.9765,-0.00030518
-0.012665,0.010223,-0.0042758,-0.015106,2.5021,4.9783,0.00061035
0.0050354,0.024414,-0.0042758,-0.0048828,2.5018,4.9771,0.00030518
0.0041199,0.026093,-0.0042758,0.0042725,2.5012,4.9774,-0.00061035
-0.010529,0.017395,-0.0047509,0.014648,2.5018,4.978,0.00030518
-0.01358,0.0030518,-0.0042758,0.018768,2.5006,4.9777,0.00030518
-0.019226,-0.010223,-0.0042758,0.015411,2.5012,4.9777,0
-0.028992,-0.013123,-0.0047509,0.0082397,2.5006,4.9783,0.00061035
-0.030212,-0.010376,-0.0042758,0.0048828,2.5015,4.9789,-0.00061035
-0.022125,-0.0062561,-0.0047509,0.0022888,2.5015,4.9789,0.00030518
-0.015869,-0.0035095,-0.0047509,-0.00030518,2.5015,4.9786,-0.00061035
-0.015717,-0.0053406,-0.0047509,-0.0039673,2.5015,4.9789,0.00030518
-0.010986,-0.0073242,-0.0042758,-0.0056458,2.5009,4.9786,0
-0.018158,-0.0079346,-0.0047509,-0.0012207,2.5015,4.975,0.00061035
-0.018005,-0.0053406,-0.0047509,0.00061035,2.5018,4.9753,0.00030518
-0.009613,-0.0028992,-0.0042758,0.00061035,2.5009,4.9738,-0.00030518
-0.005188,-0.00091553,-0.0047509,0.00030518,2.5015,4.9744,0
0.004425,-0.0016785,-0.0042758,-0.0033569,2.5015,4.9747,-0.00030518
0.012665,-0.0041199,-0.0042758,-0.0054932,2.5018,4.975,0.00061035
0.007019,-0.0041199,-0.0042758,-0.0083923,2.5021,4.975,0.00030518
-0.016937,-0.0047302,-0.0042758,-0.014648,2.5018,4.9747,-0.00061035
-0.0086975,-0.0042725,-0.0042758,-0.019379,2.5012,4.9738,0.00030518
0.018463,-0.0065613,-0.0047509,-0.014343,2.5018,4.975,0.00061035
0.032501,-0.0083923,-0.005226,-0.0062561,2.5015,4.9768,0.00030518
0.024872,-0.0036621,-0.0047509,-0.00061035,2.5012,4.9753,0.00030518
0.015259,0.0015259,-0.0033257,-0.00091553,2.5006,4.9768,0.00030518
0.010071,0.0036621,-0.0042758,-0.0038147,2.5018,4.9768,-0.00061035
0.011902,0.0064087,-0.005226,-0.0039673,2.5012,4.9771,0.00030518
0.01709,0.013275,-0.005226,0.0012207,2.5012,4.9786,0.00030518
0.016785,0.02243,-0.005226,0.0090027,2.5021,4.9796,0
0.0083923,0.020599,-0.0042758,0.011597,2.5009,4.9786,0.00061035
-0.0038147,0.0074768,-0.0042758,0.011749,2.5009,4.9783,0.00061035
-0.0012207,-0.0076294,-0.0042758,0.014038,2.5006,4.9786,0.00030518
0.0033569,-0.019379,-0.0042758,0.018158,2.5018,4.9786,-0.00030518
0.013123,-0.016174,-0.0047509,0.023956,2.5021,4.9789,0.00030518
0.022125,-0.0018311,-0.0033257,0.027008,2.5021,4.9796,0.00061035
0.0036621,0.010223,-0.0042758,0.025482,2.5021,4.9792,0.00030518
-0.014343,0.018768,-0.0047509,0.024872,2.5,4.9799,0.00030518
-0.011292,0.028687,-0.0047509,0.025635,2.5015,4.9792,-0.00030518
-0.0091553,0.032959,-0.0047509,0.026703,2.5003,4.9792,0.00030518
-0.013885,0.028381,-0.0042758,0.029449,2.5006,4.9789,-0.00030518
-0.012817,0.018158,-0.005701,0.026855,2.5009,4.9774,0.00061035
0.0033569,0.0050354,-0.0038007,0.022736,2.5021,4.9789,-0.00030518
0.00091553,-0.0010681,-0.0042758,0.018158,2.5006,4.9789,0
0.0032043,0.0057983,-0.0042758,0.012512,2.5018,4.9786,0.00030518
0.0038147,0.0097656,-0.0042758,0.0047302,2.5003,4.9774,0.00061035
-0.00030518,0.0030518,-0.005226,-0.0021362,2.5012,4.9777,0
0.0013733,-0.0019836,-0.0042758,-0.0039673,2.5021,4.9768,-0.00030518
0.0054932,-0.0019836,-0.0028506,0.00045776,2.5018,4.9771,-0.00030518
0.0033569,-0.010071,-0.0038007,0.007782,2.5009,4.9762,0
-0.0016785,-0.02594,-0.0042758,0.0085449,2.5015,4.9774,0.00030518
-0.0071716,-0.031281,-0.0047509,0.0059509,2.5012,4.9771,-0.00030518
0.0039673,-0.021667,-0.0047509,0.0041199,2.5012,4.9765,0
0.0012207,-0.0086975,-0.0038007,0.00076294,2.5009,4.9771,0.00030518
-0.0054932,-0.00091553,-0.0028506,-0.00076294,2.5018,4.9762,0
0.0068665,0.0013733,-0.0047509,0.0027466,2.5021,4.9765,0
0.029755,0.0042725,-0.005701,0.005188,2.5009,4.9774,0.00030518
0.0076294,0.0082397,-0.0038007,0.0053406,2.5015,4.9771,0.00030518
-0.011902,0.011902,-0.0038007,0.0053406,2.5021,4.9774,-0.00030518
-0.0048828,0.013428,-0.0047509,-0.00015259,2.5012,4.9771,0.00030518
0.0099182,0.016479,-0.0038007,-0.010071,2.5015,4.9783,0.00030518
-0.0022888,0.016937,-0.0047509,-0.014343,2.5024,4.9777,-0.00030518
-0.017242,0.0064087,-0.0042758,-0.0068665,2.5009,4.9771,0
-0.024261,-0.0038147,-0.0042758,-0.0013733,2.5021,4.9777,0.00030518
-0.016785,-0.0048828,-0.0042758,-0.0041199,2.5012,4.9789,-0.00061035
-0.0033569,-0.0065613,-0.0042758,-0.007019,2.5018,4.9789,0
0.0021362,-0.0054932,-0.0042758,-0.0016785,2.5018,4.9789,0.00030518
0.0041199,-0.0035095,-0.0042758,0.0090027,2.5015,4.9783,-0.00061035
0.0027466,-0.01358,-0.0038007,0.0073242,2.5003,4.9792,-0.00030518
-0.0013733,-0.030212,-0.0038007,-0.00015259,2.5012,4.9789,-0.00030518
-0.0019836,-0.031586,-0.0042758,0,2.5009,4.9789,0.00030518
-0.0030518,-0.020447,-0.0047509,0.0079346,2.5018,4.9786,-0.00061035
0.013733,-0.0091553,-0.0038007,0.013428,2.5012,4.9786,0.00030518
0.014801,-0.005188,-0.0047509,0.010834,2.5018,4.9799,0.00030518
0.0086975,-0.0039673,-0.0042758,-0.0016785,2.5006,4.9792,0
0.01358,-0.0019836,-0.0033257,-0.013885,2.5012,4.9789,0
0.015564,-0.0022888,-0.0038007,-0.0097656,2.5003,4.9783,0.00030518
0.0097656,-0.0085449,-0.0038007,-0.0010681,2.5015,4.9799,-0.00061035
0.0027466,-0.014801,-0.0033257,-0.00045776,2.5009,4.9796,0.00030518
-0.00076294,-0.01358,-0.0047509,-0.0010681,2.5015,4.9786,0
-0.00030518,-0.0059509,-0.0042758,0.0024414,2.5009,4.9789,0.00030518
0.0019836,-0.0019836,-0.0047509,0.0050354,2.5006,4.9774,-0.00030518
0.0082397,-0.0024414,-0.0042758,0.0039673,2.5,4.978,-0.00030518
0.0013733,0.00030518,-0.0047509,0.0073242,2.5015,4.9783,-0.00061035
0.0041199,0.0057983,-0.0042758,0.0091553,2.5003,4.9796,0.00030518
0.013428,0.0068665,-0.0042758,0.0048828,2.5009,4.9799,-0.00061035
0.022888,0.0047302,-0.0042758,0.0035095,2.5006,4.9789,0.00030518
0.014648,0.0047302,-0.0047509,0.007782,2.5,4.9796,0
-0.0030518,0.0086975,-0.0038007,0.013275,2.5018,4.978,0
-0.007782,0.011139,-0.0047509,0.014038,2.5003,4.9777,-0.00030518
-0.011292,0.0082397,-0.0047509,0.021362,2.5018,4.9783,-0.00061035
-0.020599,-0.0013733,-0.005226,0.029297,2.5015,4.9777,0
-0.011597,-0.0082397,-0.0038007,0.028992,2.5015,4.9789,0
-0.0010681,-0.0067139,-0.0042758,0.023499,2.5018,4.9765,0
-0.0053406,-0.0039673,-0.0047509,0.016174,2.5015,4.9762,0.00030518
-0.015106,-0.0012207,-0.0038007,0.0093079,2.5012,4.9734,-0.00091553
-0.019684,0.0022888,-0.0047509,0.0024414,2.5024,4.975,0
-0.017853,0.0016785,-0.0047509,-0.00076294,2.5003,4.9753,0.00061035
-0.020447,-0.0013733,-0.0042758,0.0015259,2.5018,4.9744,0.00030518
-0.014038,-0.0038147,-0.0038007,0,2.5006,4.9747,0.00030518
0.00076294,-0.0038147,-0.0028506,-0.0042725,2.5018,4.975,0.00030518
0.00030518,-0.004425,-0.0047509,-0.007782,2.5009,4.9753,0
0.0057983,-0.0050354,-0.0042758,-0.0067139,2.5018,4.9744,0
0.015259,-0.0032043,-0.0042758,-0.0082397,2.5015,4.9725,0
0.016327,-0.00045776,-0.0042758,-0.010681,2.5015,4.9728,-0.0012207
0.0097656,0.0073242,-0.0047509,-0.0086975,2.5012,4.9713,0
0.010376,0.020447,-0.0042758,-0.0024414,2.5012,4.9704,0
0.013428,0.032196,-0.0047509,0.0048828,2.5021,4.9741,0.00030518
0.0059509,0.036163,-0.0042758,0.014191,2.5012,4.9759,0
-0.012665,0.034943,-0.0042758,0.024109,2.5018,4.9759,0.00061035
-0.027466,0.032196,-0.0042758,0.026398,2.5015,4.9765,-0.00030518
-0.033569,0.027161,-0.0047509,0.019531,2.5018,4.9768,0
-0.020142,0.015564,-0.0042758,0.010681,2.5009,4.978,0
-0.0036621,-0.0012207,-0.005226,0.0068665,2.5006,4.9774,-0.00061035
0.0057983,-0.0082397,-0.0047509,0.0080872,2.5009,4.9765,0.00030518
0.007782,-0.009613,-0.0047509,0.0085449,2.5015,4.9768,0.00030518
0.0057983,-0.011292,-0.0038007,0.0086975,2.5,4.9771,0.00030518
-0.007019,-0.011902,-0.0042758,0.015259,2.5012,4.978,0
-0.019379,-0.016632,-0.0042758,0.018616,2.5012,4.9771,0.00030518
-0.015411,-0.028076,-0.0042758,0.013428,2.5003,4.978,0.00091553
-0.011749,-0.03067,-0.0042758,0.0038147,2.5015,4.9789,-0.00030518
-0.010376,-0.025177,-0.005226,-0.00015259,2.5009,4.9783,-0.00030518
0.0022888,-0.0177,-0.0047509,0.0048828,2.5021,4.978,0
0.0027466,-0.0057983,-0.0047509,0.014038,2.5024,4.9789,0.00061035
0.0015259,0.0099182,-0.0042758,0.022583,2.5018,4.978,0
0.021515,0.023804,-0.005226,0.024567,2.5015,4.9796,0
0.005188,0.032196,-0.0047509,0.01236,2.5012,4.9783,0.00030518
-0.025177,0.029602,-0.0047509,0.0018311,2.5006,4.9799,0
-0.026245,0.020752,-0.0042758,0.00091553,2.5009,4.9792,0.00030518
-0.0086975,0.0085449,-0.0047509,0.009613,2.5015,4.9792,0
0.005188,-0.00091553,-0.0042758,0.016022,2.5009,4.9792,0
0.0013733,0,-0.0047509,0.016174,2.5012,4.9783,0
-0.0047302,0.0085449,-0.0047509,0.010529,2.5012,4.9796,-0.00030518
-0.0057983,0.019379,-0.0047509,0.0010681,2.5012,4.9792,0.00061035
0.0068665,0.016785,-0.0038007,-0.0035095,2.5003,4.9786,-0.00030518
0.023346,0.0022888,-0.0042758,-0.0038147,2.5015,4.9789,0.00030518
0.056915,-0.013428,-0.0042758,-0.0047302,2.5015,4.9783,-0.00030518
0.045776,-0.024109,-0.0047509,-0.0032043,2.5015,4.9792,-0.00061035
0.00061035,-0.033722,-0.0047509,0,2.5009,4.9783,-0.00030518
-0.018005,-0.031738,-0.0047509,0.00076294,2.5018,4.9796,0
-0.012054,-0.018768,-0.0042758,-0.0012207,2.5012,4.9792,0
-0.013275,-0.0045776,-0.0038007,-0.0018311,2.5018,4.9777,0
-0.013123,0.0057983,-0.0042758,-0.0054932,2.5009,4.9792,0.00030518
-0.03067,0.010681,-0.0042758,-0.0061035,2.5024,4.9786,0
-0.037994,0.0082397,-0.0042758,0.0018311,2.5015,4.978,0.00030518
-0.010071,-0.00015259,-0.0047509,0.011139,2.5012,4.9789,0
-0.0032043,-0.005188,-0.0047509,0.011292,2.5015,4.9783,0.0015259
-0.012207,-0.0024414,-0.0047509,0.0082397,2.5009,4.9792,0
-0.016632,0.0021362,-0.0038007,0.011292,2.5018,4.978,0
-0.012512,0.0013733,-0.0033257,0.015564,2.5015,4.9789,0.00030518
-0.012817,-0.0010681,-0.005226,0.015259,2.5009,4.9789,0
-0.024872,-0.0027466,-0.0038007,0.024414,2.5009,4.9792,0
-0.02121,-0.0054932,-0.0047509,0.03891,2.5009,4.9792,0.00030518
-0.019989,-0.0080872,-0.0042758,0.043335,2.5012,4.9783,-0.00061035
-0.020599,-0.0088501,-0.0042758,0.030823,2.5015,4.9786,0.00030518
-0.017395,-0.0061035,-0.0042758,0.025635,2.5018,4.9789,0.00061035
-0.013123,-0.0039673,-0.0042758,0.028687,2.5015,4.9786,0.00061035
-0.013885,-0.0032043,-0.005226,0.023193,2.5006,4.9789,0
-0.0088501,-0.0030518,-0.0042758,0.0061035,2.5015,4.9783,0.00061035
-0.0022888,-0.00045776,-0.0042758,-0.0012207,2.5015,4.9783,-0.00030518
-0.0086975,-0.0021362,-0.0042758,-0.0045776,2.5018,4.9783,-0.00030518
-0.015106,-0.0093079,-0.0033257,-0.0050354,2.5018,4.9774,0
-0.004425,-0.0073242,-0.0047509,-0.0024414,2.5021,4.9789,0.00030518
-0.00045776,0.0022888,-0.0042758,0.0064087,2.5003,4.9783,-0.00061035
0.0015259,0.010681,-0.0042758,0.017242,2.5015,4.9786,-0.00030518
0.0056458,0.017853,-0.0047509,0.023804,2.5012,4.9783,0.00030518
0.0080872,0.020752,-0.0047509,0.02533,2.5015,4.9799,0.00030518
0.010834,0.012054,-0.0042758,0.019531,2.5009,4.9796,0.00061035
0.009613,-0.00061035,-0.0033257,0.015564,2.5024,4.9789,0
0.014038,-0.0039673,-0.0042758,0.012512,2.5012,4.9774,0
0.019226,0.0041199,-0.0033257,0.012817,2.5015,4.9777,0.00030518
0.01236,0.013733,-0.0038007,0.019379,2.5009,4.9762,0
0.015106,0.016022,-0.0047509,0.028534,2.5015,4.9756,0
0.01236,0.015717,-0.0038007,0.035248,2.5003,4.9722,0.00030518
0.0041199,0.019531,-0.0047509,0.036163,2.5015,4.9701,-0.00061035
0.0099182,0.02243,-0.0042758,0.034332,2.5012,4.9701,-0.00030518
0.020752,0.018005,-0.0047509,0.031433,2.5009,4.9701,-0.00030518
0.026398,0.010071,-0.0042758,0.022736,2.5009,4.9695,0.00030518
0.022278,0.0018311,-0.0047509,0.0091553,2.5015,4.9701,0.00030518
0.017853,-0.0065613,-0.0042758,0.0042725,2.5012,4.9698,0.00061035
0.0097656,-0.013733,-0.0042758,0.0086975,2.5012,4.9716,-0.00030518
0.0050354,-0.019379,-0.0033257,0.013275,2.5012,4.9722,0.00061035
0.022125,-0.021973,-0.0033257,0.017548,2.5012,4.9725,0.00030518
0.019226,-0.013428,-0.0042758,0.029144,2.5012,4.9728,0.00030518
0.00045776,0.0010681,-0.0047509,0.035553,2.5021,4.9725,-0.00030518
-0.004425,0.014038,-0.0038007,0.028076,2.5006,4.9741,0
-0.0035095,0.018921,-0.0042758,0.021057,2.5006,4.9738,0.00030518
-0.0015259,0.012512,-0.0028506,0.022583,2.5024,4.9762,0.00030518
0.0012207,0.0016785,-0.0033257,0.024872,2.5009,4.978,0
-0.0033569,-0.0039673,-0.0047509,0.023499,2.5009,4.9786,-0.00061035
-0.0038147,-0.0076294,-0.0047509,0.01709,2.5015,4.9792,0
0.0056458,-0.015717,-0.0042758,0.011597,2.5012,4.9789,0.00030518
0.018616,-0.025787,-0.0042758,0.0088501,2.5015,4.9789,0
0.019836,-0.023041,-0.0042758,0.013733,2.5018,4.9783,0
0.02243,-0.0080872,-0.0038007,0.025787,2.5021,4.9783,0
0.017548,-0.0021362,-0.0042758,0.033875,2.5015,4.9792,-0.00030518
-0.0022888,-0.0047302,-0.0042758,0.036163,2.5006,4.9792,-0.00030518
-0.012207,0.00091553,-0.0047509,0.03006,2.5024,4.9789,0
-0.0061035,0.018768,-0.0042758,0.016632,2.5012,4.9792,0
0.0028992,0.033569,-0.0042758,0.0054932,2.5012,4.9792,0.00030518
0.015869,0.040436,-0.005226,0.0088501,2.5018,4.9786,0
0.018158,0.039673,-0.005226,0.017395,2.5015,4.9777,0
0.017548,0.0177,-0.0042758,0.015869,2.5009,4.9792,0
0.0068665,-0.019379,-0.0033257,0.015411,2.5015,4.9789,-0.00061035
-0.0028992,-0.044708,-0.0042758,0.017853,2.5006,4.9792,0
-0.0032043,-0.051727,-0.005226,0.018463,2.5015,4.9792,-0.00061035
-0.00030518,-0.045319,-0.0042758,0.016785,2.5015,4.9792,-0.00030518
0.0030518,-0.026093,-0.0042758,0.010834,2.5006,4.9792,0.00061035
0.0028992,-0.0086975,-0.0038007,0.0021362,2.5006,4.9789,-0.00030518
0.0012207,0.0018311,-0.0038007,-0.0028992,2.5012,4.9792,0.00030518
-0.009613,0.0056458,-0.0042758,-0.00076294,2.5024,4.9789,0
-0.020905,0.0074768,-0.005226,0.0057983,2.5024,4.9786,0.00061035
-0.015717,0.0022888,-0.0047509,0.0082397,2.5018,4.9789,0.00030518
-0.013428,-0.011597,-0.005226,0.0015259,2.5015,4.9792,0.00061035
0.0013733,-0.018005,-0.0047509,-0.00030518,2.5015,4.9796,0
0.025787,-0.016632,-0.005226,0.00015259,2.5018,4.9792,0.00030518
0.022583,-0.021515,-0.0042758,-0.0053406,2.5021,4.9789,0.00030518
0.0010681,-0.030975,-0.0042758,-0.0099182,2.5015,4.9792,-0.00030518
-0.013885,-0.026855,-0.005226,-0.0094604,2.5015,4.9792,0.00030518
-0.00045776,-0.0086975,-0.0047509,-0.0088501,2.5012,4.9796,-0.00061035
0.011139,0.010223,-0.0038007,-0.0050354,2.5015,4.9796,-0.00030518
0.0076294,0.026093,-0.0047509,-0.0033569,2.5003,4.978,0.00030518
0.016327,0.035248,-0.0042758,-0.010223,2.5009,4.9789,0
0.012665,0.033417,-0.0047509,-0.0177,2.5012,4.9799,0
0.014191,0.027924,-0.0042758,-0.024719,2.5015,4.978,0.00091553
0.019684,0.023499,-0.005226,-0.028534,2.5024,4.9774,0
0.018921,0.018463,-0.0047509,-0.027161,2.5018,4.9774,-0.00030518
0.014191,0.011444,-0.0038007,-0.020294,2.5003,4.9771,0.00091553
0.020905,0.0042725,-0.005226,-0.0038147,2.5009,4.9765,0
0.0097656,-0.0016785,-0.0047509,0.010529,2.5012,4.9768,0.00030518
0.015869,-0.00015259,-0.0047509,0.0074768,2.5021,4.9762,0.00030518
0.085907,0.0074768,-0.0047509,0.0016785,2.5009,4.9768,-0.00091553
0.10574,0.016022,-0.0042758,-0.0012207,2.5009,4.9756,0
-0.00076294,0.020599,-0.0042758,-0.0021362,2.5015,4.9762,0.00030518
-0.05249,0.016937,-0.0042758,-0.0071716,2.5012,4.9759,-0.00030518
-0.02121,0.0027466,-0.005226,-0.0073242,2.5012,4.9774,0.00030518
0.00045776,-0.0071716,-0.0047509,-0.0015259,2.5018,4.9768,-0.00061035
-0.015564,-0.0057983,-0.0047509,0.00015259,2.5018,4.9774,0.00030518
-0.031128,-0.0030518,-0.005226,-0.0053406,2.5024,4.9765,0
-0.020294,0.0035095,-0.0042758,-0.010223,2.5006,4.9774,0.00030518
-0.0083923,0.017853,-0.0047509,-0.012054,2.5024,4.9777,-0.00030518
-0.017395,0.021667,-0.0033257,-0.010223,2.5018,4.9786,0.00030518
-0.02655,0.014038,-0.005226,-0.0047302,2.5015,4.9774,0.00030518
-0.034637,0.016479,-0.0047509,-0.0076294,2.5009,4.978,0.00030518
-0.020294,0.028534,-0.0038007,-0.014191,2.5024,4.9796,0.00061035
-0.017395,0.0354,-0.0042758,-0.017242,2.5003,4.9796,0.00091553
-0.013885,0.026093,-0.0038007,-0.018616,2.5009,4.9802,0.00030518
-0.0047302,0.004425,-0.0042758,-0.024414,2.5012,4.9796,-0.00030518
0.0033569,-0.017548,-0.0042758,-0.032806,2.5009,4.9783,0.00061035
0.002594,-0.03006,-0.0042758,-0.029755,2.5018,4.9789,-0.00030518
0.00061035,-0.028381,-0.0047509,-0.023651,2.5018,4.9789,0
-0.0093079,-0.016632,-0.0038007,-0.02243,2.5018,4.9789,0.00030518
-0.014038,-0.0061035,-0.0042758,-0.021515,2.5021,4.9789,0.00030518
-0.018158,0.0090027,-0.0047509,-0.015411,2.5009,4.9759,0.00030518
-0.020599,0.029907,-0.005226,-0.0090027,2.5021,4.9756,0.00091553
-0.0177,0.03891,-0.0038007,-0.010834,2.5012,4.9744,0
-0.0099182,0.035858,-0.0033257,-0.019073,2.5021,4.9747,0.00061035
0.0045776,0.032349,-0.0042758,-0.027008,2.5018,4.9744,0.00030518
0.01358,0.02533,-0.0038007,-0.032959,2.5006,4.975,0
0.018616,0.0030518,-0.005226,-0.033264,2.5015,4.9744,-0.00030518
0.013275,-0.023651,-0.0042758,-0.027313,2.5012,4.975,0.00030518
-0.00015259,-0.019226,-0.0042758,-0.020294,2.5012,4.9738,0.00030518
0.0024414,0.017242,-0.0038007,-0.015259,2.5018,4.9747,0
0.00045776,0.054626,-0.0047509,-0.014038,2.5012,4.9765,0.00030518
-0.0057983,0.071411,-0.0042758,-0.016479,2.5,4.9759,-0.00030518
-0.0053406,0.070038,-0.0047509,-0.020752,2.5009,4.9759,0.00030518
0.0065613,0.055237,-0.0033257,-0.022125,2.5012,4.9768,0
0.0094604,0.015717,-0.0047509,-0.02182,2.5027,4.9771,-0.00061035
0.00076294,-0.037384,-0.0042758,-0.020447,2.5018,4.978,0.00030518
-0.002594,-0.071869,-0.0042758,-0.026703,2.5015,4.9792,-0.00030518
0.00030518,-0.070496,-0.0033257,-0.030518,2.5009,4.9792,0
-0.0047302,-0.044556,-0.0033257,-0.030212,2.5024,4.9792,0.00030518
-0.0032043,-0.020752,-0.0042758,-0.02655,2.5006,4.9783,0.00030518
-0.0073242,-0.014801,-0.0047509,-0.026093,2.5012,4.9786,0.00030518
-0.0079346,-0.028076,-0.0047509,-0.026855,2.5012,4.9799,0
-0.0042725,-0.036469,-0.0047509,-0.027466,2.5018,4.9796,-0.00061035
-0.0097656,-0.023956,-0.0047509,-0.026703,2.5003,4.9792,0
-0.019379,-0.00076294,-0.0042758,-0.022278,2.5009,4.9786,0.00030518
-0.028839,0.0177,-0.0047509,-0.019073,2.5006,4.9792,0
-0.030365,0.014343,-0.0042758,-0.014343,2.5015,4.9783,0.00030518
-0.018463,-0.007782,-0.0033257,-0.0054932,2.5015,4.9796,-0.00061035
-0.010986,-0.022125,-0.0042758,-0.0039673,2.5012,4.9786,0
-0.0067139,-0.020752,-0.0042758,-0.0073242,2.5015,4.978,0.00061035
-0.015717,-0.0090027,-0.005226,-0.0053406,2.5018,4.9771,0
-0.015411,0.0074768,-0.0038007,-0.005188,2.5015,4.9765,0
-0.0042725,0.016174,-0.0047509,-0.0067139,2.5012,4.9756,0.00030518
-0.0024414,0.014191,-0.0033257,-0.0065613,2.5018,4.9762,0.00091553
-0.0050354,0.00015259,-0.005226,-0.0097656,2.5018,4.9774,-0.00030518
0.0030518,-0.015717,-0.0047509,-0.016632,2.5027,4.9765,0
0.0057983,-0.016174,-0.0042758,-0.018616,2.5012,4.9765,0
0.0018311,-0.0032043,-0.0038007,-0.013123,2.5021,4.9762,0
0.00030518,0.0086975,-0.0047509,-0.010223,2.5012,4.9765,0
0.013428,0.0038147,-0.0047509,-0.013733,2.5024,4.9765,0
0.013275,-0.016632,-0.0038007,-0.019073,2.5018,4.9771,0.00030518
0.0090027,-0.032349,-0.0033257,-0.0177,2.5021,4.9777,-0.00030518
0.011139,-0.023193,-0.0042758,-0.01297,2.5015,4.9771,0
0.0032043,0.0076294,-0.0042758,-0.010681,2.5021,4.9765,0.00061035
-0.0064087,0.052795,-0.0042758,-0.0091553,2.5006,4.978,0
0.014343,0.090332,-0.0038007,-0.010223,2.5012,4.978,-0.00091553
0.022736,0.097656,-0.0038007,-0.01358,2.5012,4.9783,-0.00061035
0.0042725,0.082703,-0.0042758,-0.014343,2.5012,4.9777,0
-0.0080872,0.06073,-0.0047509,-0.014191,2.5018,4.9783,0.00061035
0.0099182,0.035248,-0.0047509,-0.014343,2.5015,4.9777,0.00030518
0.046692,-0.007782,-0.0042758,-0.013885,2.5009,4.9786,0.00061035
0.053101,-0.049133,-0.0042758,-0.013733,2.5018,4.9777,0.00061035
0.014191,-0.05127,-0.0042758,-0.0094604,2.5003,4.9789,-0.00030518
-0.014496,-0.030212,-0.0047509,-0.0030518,2.5015,4.9792,-0.00030518
-0.077057,-0.015411,-0.0038007,0.0015259,2.5012,4.9796,0.00030518
-0.0079346,-0.007782,-0.0042758,0.00030518,2.5018,4.9789,0
0.05249,-0.0036621,-0.0042758,-0.00030518,2.5012,4.9783,-0.00030518
0.027771,-0.015717,-0.0038007,0.0074768,2.5006,4.9783,0
0.021667,-0.028687,-0.0042758,0.01358,2.5015,4.9786,0
0.038757,-0.022125,-0.0047509,0.011749,2.5024,4.9783,0
-0.0028992,0.0048828,-0.0033257,0.0068665,2.5018,4.9777,0
-0.023651,0.031128,-0.0042758,0.0053406,2.5018,4.978,-0.00030518
-0.0019836,0.033875,-0.0042758,0.0062561,2.5018,4.9786,0.00030518
0.007782,0.017395,-0.0042758,0.0090027,2.5003,4.9792,-0.00030518
0.0016785,-0.0093079,-0.0047509,0.01297,2.5018,4.9786,0.00061035
-0.0071716,-0.047302,-0.0038007,0.016937,2.5015,4.9774,0.00030518
-0.01297,-0.081482,-0.0033257,0.016479,2.5018,4.978,-0.00030518
-0.010529,-0.095062,-0.005226,0.013275,2.5018,4.9786,0
-0.017853,-0.082855,-0.0042758,0.012817,2.5009,4.9777,-0.00030518
-0.0057983,-0.063019,-0.0042758,0.014801,2.5009,4.9789,0
0.0033569,-0.049896,-0.0042758,0.015717,2.5015,4.9786,0.00030518
0.00091553,-0.040741,-0.0047509,0.019989,2.5006,4.9799,0.00030518
-0.0074768,-0.031433,-0.0042758,0.024109,2.5018,4.9796,0.00030518
-0.007782,-0.017395,-0.0047509,0.023651,2.5015,4.9786,-0.00091553
-0.00015259,0.0019836,-0.005226,0.021515,2.5006,4.9799,-0.00030518
-0.0068665,0.017853,-0.0047509,0.02594,2.5009,4.9789,0
-0.0086975,0.014648,-0.0042758,0.033875,2.5003,4.9792,0.00030518
-0.0057983,-0.0059509,-0.0042758,0.035858,2.5021,4.9786,0.00030518
-0.0086975,-0.025635,-0.0042758,0.034943,2.5018,4.9789,0.00030518
-0.0083923,-0.040588,-0.0042758,0.033264,2.5012,4.9786,0.00030518
-0.0094604,-0.039673,-0.0047509,0.029297,2.5,4.9762,0
-0.011597,-0.02533,-0.0038007,0.029907,2.5009,4.9744,0.00030518
-0.0080872,-0.016174,-0.0047509,0.035248,2.5003,4.9744,0.00030518
-0.0039673,-0.013123,-0.0042758,0.037994,2.5009,4.9744,0
-0.0099182,-0.0080872,-0.0042758,0.036316,2.5012,4.9741,0
-0.013275,0.0047302,-0.0038007,0.032043,2.5018,4.975,0.00030518
-0.020294,0.028534,-0.0042758,0.031128,2.5024,4.9744,0.00030518
-0.020905,0.052643,-0.0042758,0.033264,2.5015,4.9753,0.00030518
-0.021057,0.057831,-0.0033257,0.034027,2.5015,4.9734,0
-0.0064087,0.038757,-0.0038007,0.028839,2.5009,4.9747,-0.00061035
-0.011444,0.0099182,-0.0038007,0.025482,2.5009,4.9722,0.00030518
-0.02182,-0.019531,-0.0028506,0.025177,2.5015,4.9716,0.00030518
-0.024261,-0.036774,-0.0042758,0.027924,2.5012,4.9713,0.00030518
-0.023193,-0.034943,-0.0042758,0.022888,2.5006,4.9707,-0.00061035
-0.020447,-0.025177,-0.0047509,0.014648,2.4997,4.9734,0.00030518
-0.021515,-0.012512,-0.0042758,0.014648,2.5012,4.9759,0
-0.0042725,-0.0028992,-0.005701,0.020905,2.5012,4.9759,-0.00030518
-0.0047302,-0.0059509,-0.0028506,0.024414,2.5012,4.9762,-0.00030518
-0.013123,-0.016785,-0.0047509,0.02121,2.5024,4.9765,0.00030518
-0.0053406,-0.025635,-0.0038007,0.020294,2.5009,4.9765,0.00030518
-0.004425,-0.027008,-0.0042758,0.023956,2.5006,4.9771,-0.00091553
0.0018311,-0.020142,-0.0047509,0.029907,2.5018,4.9777,0
-0.0013733,-0.0041199,-0.005226,0.030365,2.5015,4.9774,-0.00030518
-0.00015259,0.018616,-0.0047509,0.025177,2.5012,4.9771,-0.00030518
0.0086975,0.043793,-0.0033257,0.02243,2.5006,4.9771,0.00030518
0.00030518,0.06012,-0.0033257,0.022583,2.5012,4.9774,0
-0.0062561,0.065155,-0.0038007,0.027313,2.5015,4.978,-0.00091553
-0.0036621,0.055542,-0.0042758,0.032806,2.5006,4.9786,0
0.0030518,0.033722,-0.0047509,0.037384,2.5009,4.978,-0.00061035
0.025024,0.015717,-0.005226,0.0354,2.5021,4.9786,0.00030518
0.028839,0.0061035,-0.0042758,0.031128,2.5015,4.978,0
0.027466,-0.0024414,-0.0042758,0.028992,2.5015,4.9783,0
0.013733,-0.00091553,-0.005226,0.025787,2.5006,4.9789,0
0.0048828,0.0076294,-0.0042758,0.026093,2.5018,4.9792,0.00061035
0.00030518,0.0010681,-0.0047509,0.023651,2.5012,4.9789,0
0.0039673,-0.016479,-0.0042758,0.0083923,2.5006,4.9789,0.00030518
0.012665,-0.021515,-0.0047509,-0.005188,2.5018,4.9786,0
0.019989,-0.01236,-0.0038007,-0.0032043,2.5021,4.9789,0.00030518
0.0073242,-0.0036621,-0.0042758,0.0067139,2.5009,4.9792,0.00030518
-0.0071716,-0.0022888,-0.0038007,0.014038,2.5012,4.9796,0
-0.030365,-0.0065613,-0.005226,0.016022,2.5006,4.9799,-0.00030518
-0.023499,-0.0059509,-0.0047509,0.016479,2.5018,4.9796,-0.00030518
0.0080872,0.00045776,-0.0038007,0.016327,2.5015,4.9796,-0.00030518
0.023041,0.0030518,-0.0042758,0.015259,2.5009,4.9789,0.00030518
0.011139,-0.00076294,-0.0042758,0.015106,2.5021,4.9792,0.00030518
-0.0082397,-0.0056458,-0.0042758,0.018921,2.5015,4.9796,0
-0.014496,-0.0030518,-0.0038007,0.0177,2.5009,4.9796,0
-0.011139,0.0064087,-0.0042758,0.011292,2.5018,4.9792,-0.00030518
-0.010986,0.016785,-0.0028506,0.0016785,2.5006,4.9783,0.00030518
-0.00061035,0.024872,-0.0038007,-0.0022888,2.5012,4.9789,0
0.027161,0.016479,-0.0038007,-0.0028992,2.5015,4.9786,0
0.073242,-0.0041199,-0.0042758,-0.0035095,2.5,4.9796,0
0.094147,-0.015564,-0.0042758,-0.0021362,2.5018,4.9783,0.00030518
0.055084,-0.021515,-0.0038007,0.0013733,2.5012,4.9789,0.00030518
-0.0062561,-0.029755,-0.0042758,0,2.5006,4.9792,0
-0.022583,-0.033722,-0.0028506,-0.0016785,2.5012,4.9789,0
0.0088501,-0.021515,-0.0047509,-0.00076294,2.5009,4.9786,-0.00030518
0.032501,-0.007019,-0.0038007,0.0041199,2.5003,4.9796,-0.00061035
-0.011597,-0.0022888,-0.0038007,0.011749,2.5018,4.978,0.00061035
-0.02182,-0.0036621,-0.0047509,0.010223,2.5015,4.978,-0.00030518
-0.0019836,-0.0048828,-0.0042758,0.010071,2.5018,4.9789,0.00030518
-0.0019836,-0.00076294,-0.0042758,0.017548,2.5006,4.9792,-0.00030518
-0.014038,0.00061035,-0.0038007,0.022736,2.5018,4.9796,-0.00091553
-0.02182,-0.0059509,-0.0047509,0.018463,2.5006,4.9789,0
-0.016632,-0.0088501,-0.005226,0.011444,2.5012,4.978,0.00030518
-0.016479,-0.005188,-0.0042758,0.004425,2.5006,4.978,0.00061035
-0.018768,0.0038147,-0.0047509,0.00045776,2.5015,4.9771,-0.00030518
-0.023651,0.013275,-0.005226,0.0068665,2.5015,4.9771,0
-0.028381,0.013428,-0.0042758,0.016937,2.5024,4.9759,-0.00030518
-0.016785,0.010376,-0.0038007,0.019836,2.5015,4.9765,-0.00030518
-0.0062561,0.0177,-0.005226,0.017395,2.5018,4.9759,0.00061035
-0.011597,0.026398,-0.0042758,0.01236,2.5009,4.9759,0.00030518
-0.018616,0.029449,-0.005226,0.011902,2.5012,4.9771,0
-0.02182,0.022278,-0.0042758,0.014954,2.5,4.9765,0.00030518
-0.023041,0.013885,-0.0047509,0.016174,2.5012,4.9768,-0.00030518
-0.02243,0.0053406,-0.0042758,0.016174,2.5015,4.9765,0.00030518
-0.019226,-0.00030518,-0.0042758,0.019379,2.5012,4.978,0
-0.01236,0.0064087,-0.0047509,0.02182,2.5015,4.9774,0.00030518
-0.0090027,0.017395,-0.0047509,0.018463,2.5006,4.9777,0.00061035
-0.0036621,0.019226,-0.0047509,0.01358,2.5018,4.9771,0.00030518
-0.0071716,0.011749,-0.0042758,0.012665,2.5012,4.9738,0
-0.0088501,0.002594,-0.0047509,0.015717,2.5018,4.9725,-0.00030518
-0.0053406,0.0038147,-0.0042758,0.016479,2.5012,4.9738,-0.00061035
-0.0022888,0.013428,-0.0033257,0.012054,2.5021,4.9747,-0.00061035
-0.0061035,0.032196,-0.005701,0.007782,2.5018,4.9744,0
-0.011749,0.053558,-0.0047509,0.0061035,2.5018,4.9756,-0.00061035
-0.014496,0.067291,-0.0042758,0.010681,2.5018,4.9747,-0.00091553
-0.018158,0.068359,-0.0042758,0.017548,2.5012,4.975,0.00030518
-0.020142,0.054016,-0.0042758,0.019379,2.5021,4.9738,0
-0.0010681,0.022888,-0.0047509,0.01236,2.5006,4.9753,0.00030518
0.0062561,-0.012207,-0.0042758,0.0053406,2.5009,4.9753,0.00030518
0.0012207,-0.033875,-0.0028506,0.004425,2.5018,4.9759,0.00030518
-0.01358,-0.047913,-0.005701,0.0067139,2.5012,4.9753,0.00030518
-0.014954,-0.057526,-0.0042758,0.011597,2.5021,4.9753,0.00030518
0.0057983,-0.051727,-0.0047509,0.015411,2.5012,4.9768,0.00030518
0.019684,-0.031281,-0.0047509,0.019836,2.5015,4.9783,0.00030518
0.010834,-0.011292,-0.005226,0.020599,2.5018,4.9783,0.00030518
-0.007782,-0.0024414,-0.0028506,0.018158,2.5003,4.9792,0.00030518
-0.014038,0.0012207,-0.0047509,0.016785,2.5009,4.9786,0.0012207
0.0021362,0.010681,-0.0042758,0.013885,2.5012,4.9786,0.00030518
0.0024414,0.02594,-0.0047509,0.0088501,2.5015,4.9786,-0.00030518
0.0056458,0.049286,-0.0042758,0.0071716,2.5015,4.9777,0.00030518
0.013275,0.071869,-0.0042758,0.0053406,2.5012,4.9783,0.00030518
0.0068665,0.079651,-0.005226,0.0033569,2.5009,4.9789,0.00030518
-0.0076294,0.069885,-0.0042758,0.0057983,2.5003,4.9786,0.00030518
-0.012665,0.042725,-0.0042758,0.0085449,2.5018,4.9789,0.00030518
-0.0073242,0.0068665,-0.0047509,0.004425,2.5018,4.9792,0.00030518
-0.0045776,-0.041046,-0.0042758,0.0015259,2.5015,4.9786,0.00030518
-0.013275,-0.081177,-0.0047509,0.0035095,2.5003,4.978,-0.00030518
-0.0073242,-0.061951,-0.0042758,0.0059509,2.5018,4.9783,0
-0.0080872,-0.0065613,-0.0033257,0.0024414,2.5015,4.9783,-0.00030518
-0.014191,0.030365,-0.0038007,0.002594,2.5009,4.9796,0.00030518
-0.011749,0.028229,-0.0042758,0.0073242,2.5009,4.9805,0.00030518
-0.009613,0.0021362,-0.0042758,0.0085449,2.5018,4.9792,-0.00091553
-0.015106,-0.035706,-0.0042758,0.0091553,2.5012,4.9786,0
-0.022583,-0.063019,-0.005226,0.0073242,2.5015,4.9792,0.00030518
-0.019226,-0.061951,-0.0047509,0.0057983,2.5009,4.9792,0
-0.0086975,-0.042114,-0.0042758,0.0086975,2.5015,4.9789,0
-0.0086975,-0.02121,-0.0042758,0.012207,2.5018,4.9789,-0.00030518
-0.002594,-0.0094604,-0.0038007,0.0059509,2.5009,4.9786,0.00030518
0.00045776,-0.0013733,-0.0042758,0.0024414,2.5024,4.9777,0.00030518
-0.0038147,0.0053406,-0.0042758,0.0086975,2.5021,4.9786,0
-0.012054,0.010529,-0.0033257,0.013733,2.5021,4.9765,-0.00091553
-0.012054,0.014496,-0.0042758,0.019073,2.5012,4.9765,-0.00061035
-0.0088501,0.015106,-0.0042758,0.020752,2.5015,4.9762,0.00030518
-0.0068665,0.0094604,-0.0047509,0.013123,2.5018,4.9765,-0.00061035
-0.0057983,0.0053406,-0.0047509,0.0057983,2.5018,4.9765,0.00030518
-0.0073242,0.004425,-0.0042758,0.0042725,2.5018,4.9768,0
-0.0085449,-0.0062561,-0.005226,0.0032043,2.5009,4.9774,0
0.0054932,-0.019531,-0.0042758,-0.0033569,2.5009,4.9771,0.00030518
0.007019,-0.019226,-0.005226,-0.011139,2.5021,4.9771,-0.00030518
-0.0013733,-0.011292,-0.0042758,-0.013275,2.5009,4.9765,0.00030518
-0.0018311,-0.0056458,-0.0038007,-0.016479,2.5018,4.9768,0.00030518
0.0041199,-0.0018311,-0.0033257,-0.024567,2.5009,4.9774,0.00061035
0.0086975,-0.004425,-0.0042758,-0.025482,2.5012,4.9768,0
0.029297,-0.007019,-0.0038007,-0.018616,2.5009,4.9771,0.00030518
0.016174,-0.007019,-0.0042758,-0.011292,2.5009,4.978,0.00030518
0.0074768,-0.0071716,-0.0042758,-0.011902,2.5012,4.9768,0
-0.0079346,-0.0091553,-0.0033257,-0.018463,2.5021,4.9786,-0.00030518
-0.010529,-0.0079346,-0.005226,-0.018463,2.5009,4.9789,0.00030518
-0.0080872,-0.0076294,-0.0042758,-0.011749,2.5021,4.9786,0
-0.0065613,-0.0097656,-0.0047509,-0.007019,2.5003,4.9789,0.00030518
-0.0032043,-0.010986,-0.0042758,-0.0035095,2.5012,4.9796,-0.00030518
-0.0067139,-0.010681,-0.0042758,0.0012207,2.5009,4.9789,0.0015259
-0.0085449,-0.0079346,-0.0042758,0.0085449,2.5015,4.9796,0.00061035
-0.0071716,0.0030518,-0.005226,0.012817,2.5009,4.9786,0.00030518
-0.0021362,0.020599,-0.0047509,0.01358,2.5003,4.9789,-0.00030518
0.0073242,0.033264,-0.005226,0.011749,2.5003,4.9786,-0.00030518
0.0083923,0.034027,-0.0042758,0.0067139,2.5009,4.9783,-0.00030518
0.0080872,0.03006,-0.0033257,0.0067139,2.5006,4.9783,0.00061035
0.00045776,0.023956,-0.0038007,0.012512,2.5021,4.9789,-0.00061035
-0.0013733,0.010834,-0.0028506,0.013275,2.5021,4.9789,0.00030518
-0.0038147,-0.0071716,-0.0042758,0.0090027,2.5015,4.9789,0.00030518
-0.007782,-0.014038,-0.0047509,0.0038147,2.5024,4.9789,-0.00030518
-0.010223,-0.005188,-0.0042758,0.00076294,2.5012,4.9786,0
-0.012512,0.0039673,-0.0028506,-0.00015259,2.5018,4.9786,0.00030518
-0.012054,0.010834,-0.0038007,0.00061035,2.5027,4.9789,0.00030518
-0.01297,0.024567,-0.0038007,-0.0013733,2.5024,4.9789,0
-0.015717,0.046844,-0.005226,-0.00030518,2.5015,4.9786,0.00030518
-0.014496,0.049133,-0.005226,0.0050354,2.5021,4.9796,0
-0.028229,0.024567,-0.0042758,0.015106,2.5003,4.975,0
-0.040894,-0.013123,-0.0042758,0.028839,2.5018,4.9744,0
-0.040894,-0.035095,-0.0038007,0.040131,2.5015,4.9744,0
-0.033417,-0.012512,-0.0042758,0.042572,2.5009,4.975,0.00030518
-0.031128,0.038605,-0.0038007,0.041504,2.5009,4.975,0.00061035
-0.037842,0.072327,-0.0042758,0.044556,2.5003,4.9747,0.00030518
-0.048981,0.066833,-0.0042758,0.048676,2.5009,4.975,0.00030518
-0.053558,0.031281,-0.0042758,0.048828,2.5024,4.9747,-0.00030518
-0.053711,-0.011444,-0.0047509,0.041504,2.5015,4.9741,0.00030518
-0.039063,-0.038605,-0.0038007,0.032959,2.5018,4.9753,-0.00030518
-0.041199,-0.029907,-0.0042758,0.029297,2.5018,4.9759,0.00061035
-0.05188,0.0038147,-0.0028506,0.032501,2.5018,4.9759,0
-0.048981,0.016174,-0.0042758,0.038452,2.5009,4.9762,-0.00061035
-0.037994,-0.0079346,-0.0038007,0.042419,2.5012,4.9762,-0.00030518
-0.036469,-0.039825,-0.0033257,0.048065,2.5003,4.9771,0
-0.039673,-0.056458,-0.0042758,0.063019,2.5018,4.9783,-0.00091553
-0.03891,-0.054474,-0.0042758,0.087128,2.5006,4.9774,0.00030518
-0.035553,-0.041046,-0.0042758,0.11414,2.5015,4.978,0.00061035
-0.040588,-0.021973,-0.0042758,0.14053,2.5015,4.9768,0.00030518
-0.081024,-0.00061035,-0.005226,0.1651,2.5009,4.9765,-0.00061035
-0.10452,0.016632,-0.0047509,0.18295,2.5012,4.9765,0
-0.11673,0.038147,-0.0042758,0.19531,2.5009,4.9759,0
-0.13016,0.069275,-0.0042758,0.20737,2.5015,4.9765,0.00030518
-0.1355,0.082397,-0.0042758,0.21072,2.5015,4.9768,0
-0.13718,0.050964,-0.0047509,0.20813,2.5021,4.9762,-0.00030518
-0.1384,-0.015564,-0.0038007,0.20798,2.5015,4.9771,0.00030518
-0.13809,-0.077972,-0.0038007,0.21164,2.5009,4.9765,-0.00030518
-0.14267,-0.10422,-0.0042758,0.21866,2.5012,4.9771,0
-0.15106,-0.092773,-0.0038007,0.22644,2.5009,4.9768,-0.00061035
-0.15381,-0.06073,-0.0038007,0.23224,2.5012,4.9768,0.00061035
-0.16602,-0.03479,-0.0038007,0.24338,2.5018,4.9774,-0.00091553
-0.16602,-0.021362,-0.005226,0.25375,2.5009,4.9768,0.00061035
-0.15762,-0.0083923,-0.0042758,0.25497,2.5015,4.9783,0.00061035
-0.16098,0.016785,-0.0038007,0.25543,2.5009,4.978,0.00030518
-0.16876,0.045013,-0.0042758,0.26245,2.5021,4.9786,-0.00061035
-0.16754,0.063934,-0.0042758,0.28244,2.5012,4.9789,0
-0.16022,0.068665,-0.005226,0.30914,2.5015,4.9786,0
-0.15121,0.062561,-0.0038007,0.33356,2.5012,4.9792,0.00030518
-0.14297,0.04776,-0.0047509,0.35721,2.5018,4.9796,0.00030518
-0.12085,0.021362,-0.0042758,0.37476,2.5015,4.978,0
-0.11765,-0.012665,-0.005226,0.38376,2.5015,4.9792,0.00061035
-0.12314,-0.030975,-0.0047509,0.38589,2.5021,4.9786,0.00030518
-0.11215,-0.037079,-0.005226,0.39078,2.5015,4.9796,-0.00030518
-0.088348,-0.041809,-0.0047509,0.39795,2.5015,4.9786,-0.00030518
-0.065155,-0.037384,-0.0042758,0.39993,2.5009,4.9783,0.00030518
-0.049896,-0.03006,-0.0047509,0.39536,2.5009,4.9786,0
-0.040131,-0.027161,-0.0047509,0.38834,2.5006,4.9783,0.00030518
-0.028687,-0.020599,-0.005226,0.37659,2.5009,4.978,0.00030518
-0.0085449,0.012665,-0.0033257,0.35736,2.5018,4.9777,0
0.025787,0.070953,-0.0047509,0.33829,2.5006,4.9783,0.00061035
0.04425,0.12604,-0.0042758,0.31845,2.5018,4.9783,0.00030518
0.060272,0.1474,-0.0047509,0.28717,2.5009,4.9786,-0.00030518
0.084076,0.12283,-0.0028506,0.23819,2.5015,4.9792,0
0.10757,0.05722,-0.0038007,0.18738,2.5012,4.9786,0.00030518
0.1236,-0.038147,-0.0047509,0.15167,2.5018,4.9796,0.00030518
0.14862,-0.11902,-0.005226,0.12222,2.5012,4.9789,-0.00030518
0.16647,-0.12924,-0.0038007,0.084076,2.5015,4.9789,0.00030518
0.17242,-0.062103,-0.005226,0.041809,2.5015,4.9783,0.00030518
0.17181,0.010681,-0.0047509,0.0021362,2.5009,4.9789,0.00030518
0.2092,0.032806,-0.0042758,-0.034637,2.5024,4.9783,0.00030518
0.24765,0.02243,-0.0042758,-0.07019,2.5009,4.9799,0
0.26871,0.010071,-0.0033257,-0.10269,2.5009,4.9792,0.00030518
0.28625,0.0086975,-0.0042758,-0.13565,2.5012,4.9792,0.00030518
0.31372,0.021057,-0.0047509,-0.17075,2.5006,4.9783,0
0.34134,0.027618,-0.0042758,-0.21042,2.5012,4.9789,0.00030518
0.3656,0.009613,-0.0042758,-0.25299,2.5018,4.9786,0
0.38864,-0.023956,-0.0047509,-0.28641,2.5021,4.9792,0.00061035
0.40878,-0.053558,-0.0042758,-0.30869,2.5015,4.9786,0.00030518
0.42267,-0.058136,-0.0042758,-0.32928,2.5015,4.9771,0.00030518
0.43457,-0.044098,-0.005226,-0.35233,2.5006,4.9789,0
0.4361,-0.023041,-0.005226,-0.37857,2.5018,4.9796,0.00030518
0.448,-0.0042725,-0.0042758,-0.41565,2.5006,4.9799,0.00061035
0.46616,0.0067139,-0.0042758,-0.45273,2.5015,4.9783,0.00030518
0.48218,0.020294,-0.0038007,-0.47806,2.5012,4.978,0.00030518
0.48721,0.033112,-0.0042758,-0.49561,2.5012,4.9774,0
0.47577,0.033722,-0.0042758,-0.50797,2.5021,4.9765,-0.00030518
0.45654,0.017395,-0.0047509,-0.52307,2.5015,4.9768,0
0.43533,0.0010681,-0.0047509,-0.54337,2.5012,4.9765,0
0.42557,-0.023651,-0.0047509,-0.5632,2.5003,4.9759,0.00030518
0.44754,-0.052185,-0.005226,-0.57983,2.5015,4.9762,-0.00061035
0.44556,-0.050507,-0.0038007,-0.5954,2.5,4.9725,-0.00030518
0.42236,-0.017395,-0.0038007,-0.61234,2.5015,4.9719,0
0.39749,0.011902,-0.0042758,-0.62134,2.5006,4.971,0.00061035
0.38101,0.020752,-0.0042758,-0.62363,2.5015,4.971,0.00030518
0.3653,0.017853,-0.0047509,-0.63141,2.5012,4.9716,-0.00030518
0.34637,0.0090027,-0.0028506,-0.64331,2.5018,4.9728,-0.00030518
0.31876,-0.004425,-0.0047509,-0.65277,2.5021,4.9722,0.00030518
0.28961,-0.0177,-0.005226,-0.65842,2.5009,4.9728,0
0.25711,-0.023956,-0.0038007,-0.66162,2.5003,4.9725,0.00030518
0.23376,-0.02182,-0.0042758,-0.6633,2.5009,4.9738,0.00030518
0.20172,-0.0177,-0.0042758,-0.66391,2.5003,4.9756,0.00061035
0.16907,-0.018463,-0.0038007,-0.65094,2.5018,4.9768,0.00030518
0.15472,-0.019836,-0.0047509,-0.6308,2.4884,4.9753,-0.00091553
0.13763,-0.022125,-0.005226,-0.61859,2.5006,4.9759,-0.00030518
0.11581,-0.022278,-0.0047509,-0.61615,2.5012,4.9783,0
0.10468,-0.0067139,-0.0033257,-0.61615,2.5024,4.978,-0.00030518
0.10223,0.021362,-0.0047509,-0.60532,2.5015,4.9789,-0.00030518
0.079346,0.040894,-0.0042758,-0.58517,2.5021,4.9792,0.00030518
0.041046,0.040283,-0.0047509,-0.56732,2.5018,4.9796,0.00030518
0.027313,0.01709,-0.0042758,-0.55695,2.5012,4.9786,-0.00030518
0.0354,-0.025177,-0.0047509,-0.53757,2.5021,4.9786,0
0.039673,-0.07431,-0.0028506,-0.50995,2.5006,4.9783,0.00061035
-0.00030518,-0.096893,-0.0042758,-0.48172,2.5012,4.9796,0.00030518
-0.036469,-0.075073,-0.0047509,-0.44861,2.5012,4.9789,-0.00061035
-0.055237,-0.027008,-0.0038007,-0.40421,2.5018,4.9792,0.00030518
-0.067596,0.014038,-0.0038007,-0.36423,2.5012,4.9792,0
-0.084381,0.051575,-0.005226,-0.33096,2.5012,4.9792,-0.00061035
-0.11703,0.086823,-0.0038007,-0.30243,2.5015,4.9786,0
-0.15259,0.10162,-0.0042758,-0.2803,2.5015,4.9774,0.00030518
-0.16144,0.090027,-0.0047509,-0.25711,2.5003,4.9789,0.00030518
-0.17014,0.058594,-0.0042758,-0.23056,2.5012,4.9792,0
-0.17731,0.01297,-0.0047509,-0.20096,2.5021,4.9799,0
-0.17899,-0.034637,-0.0042758,-0.17181,2.5021,4.9792,0.00091553
-0.17731,-0.055389,-0.0038007,-0.14526,2.5006,4.9792,-0.00061035
-0.17654,-0.031586,-0.0038007,-0.11826,2.5018,4.9796,0.00030518
-0.17639,0.0065613,-0.005226,-0.090485,2.5003,4.9792,-0.00030518
-0.17563,0.023956,-0.0042758,-0.066681,2.5012,4.9796,0
-0.17456,0.012817,-0.0042758,-0.045624,2.4991,4.9783,-0.00030518
-0.17883,-0.0068665,-0.0042758,-0.025482,2.5015,4.9792,0.00061035
-0.16922,-0.010376,-0.005226,-0.0012207,2.5003,4.9789,-0.00030518
-0.1709,-0.0086975,-0.0047509,0.021667,2.5,4.9789,-0.00030518
-0.17838,-0.0088501,-0.0042758,0.039978,2.5015,4.9799,0
-0.18417,-0.0041199,-0.0047509,0.054626,2.5021,4.9789,0.00061035
-0.18646,0.0050354,-0.0047509,0.071869,2.5015,4.9789,0.00030518
-0.18875,0.0033569,-0.0047509,0.093536,2.5015,4.9796,0.00030518
-0.18036,-0.00030518,-0.005226,0.10941,2.5006,4.9789,0.00030518
-0.16556,0.011902,-0.005226,0.12054,2.5015,4.9799,-0.00030518
-0.19638,0.022583,-0.0047509,0.13794,2.5015,4.9796,0
-0.24612,0.014496,-0.0047509,0.16129,2.5015,4.9789,0
-0.20996,0.0038147,-0.005226,0.17624,2.5012,4.978,0
-0.1918,0.0048828,-0.0042758,0.18555,2.5006,4.9774,0.00061035
-0.2034,0.0080872,-0.0047509,0.19226,2.5006,4.9768,0.00030518
-0.19836,0.015869,-0.0047509,0.20035,2.5012,4.9768,0.00061035
-0.19577,0.033417,-0.0047509,0.2095,2.5012,4.9765,0
-0.20004,0.045776,-0.0047509,0.21637,2.5018,4.9768,0.00030518
-0.19363,0.036316,-0.0042758,0.22583,2.5018,4.9765,0.00030518
-0.19333,0.0033569,-0.0033257,0.24231,2.5015,4.9762,0.00030518
-0.20569,-0.039215,-0.0042758,0.25818,2.5024,4.9759,0.00030518
-0.21484,-0.068817,-0.0047509,0.27039,2.5015,4.9771,-0.00030518
-0.20859,-0.061951,-0.0047509,0.27771,2.5012,4.9762,0.00030518
-0.20645,-0.037994,-0.0047509,0.27817,2.5015,4.9768,0.00030518
-0.20279,-0.026245,-0.0038007,0.28275,2.5021,4.9771,0.00061035
-0.21042,-0.026855,-0.0038007,0.28854,2.5018,4.9771,-0.00061035
-0.22018,-0.024719,-0.0042758,0.29175,2.5012,4.9771,0
-0.21912,-0.015717,-0.0047509,0.28931,2.5003,4.9768,0.00030518
-0.21667,-0.0097656,-0.0038007,0.28732,2.5012,4.9777,0.00030518
-0.22369,-0.0090027,-0.0042758,0.29236,2.5012,4.978,0.00030518
-0.23636,-0.0086975,-0.0047509,0.29358,2.5009,4.9789,0.00030518
-0.24414,-0.0012207,-0.0042758,0.29388,2.5012,4.978,0.00061035
-0.23041,0.0080872,-0.0047509,0.30182,2.5012,4.9783,0.00061035
-0.22888,0.011902,-0.0047509,0.30853,2.5024,4.9786,0.00030518
-0.24002,0.009613,-0.0047509,0.30441,2.5012,4.9799,-0.00061035
-0.24796,0.0074768,-0.0042758,0.298,2.5012,4.9786,-0.00030518
-0.24963,0.0090027,-0.0047509,0.30624,2.5006,4.9789,0
-0.24139,0.011902,-0.0038007,0.31342,2.5015,4.9789,0.00030518
-0.23422,0.014954,-0.005226,0.31067,2.5012,4.9792,0.00061035
-0.22842,0.022278,-0.0038007,0.30746,2.5009,4.9789,0.00061035
-0.23056,0.037384,-0.005226,0.3064,2.5015,4.9786,0.00030518
-0.23407,0.058746,-0.0047509,0.31067,2.5009,4.9792,-0.00091553
-0.22415,0.072021,-0.0038007,0.31845,2.5009,4.9789,0.00061035
-0.22812,0.057678,-0.005226,0.31982,2.5015,4.9762,-0.00030518
-0.23453,0.0076294,-0.0042758,0.31738,2.5012,4.9753,0.00091553
-0.22842,-0.045624,-0.0042758,0.31555,2.5006,4.9744,0
-0.21729,-0.049896,-0.0047509,0.31204,2.5021,4.9741,0.00091553
-0.2063,-0.017242,-0.005226,0.30579,2.5006,4.975,-0.00061035
-0.20615,0.010834,-0.0042758,0.29861,2.5015,4.9744,0.00091553
-0.21469,0.026245,-0.005226,0.29388,2.5021,4.9747,0
-0.22202,0.037079,-0.0047509,0.29724,2.5015,4.9744,-0.00030518
-0.21561,0.025024,-0.0047509,0.29846,2.5003,4.9741,0
-0.19379,-0.0091553,-0.0033257,0.29327,2.5018,4.975,0.00030518
-0.19012,-0.035553,-0.0047509,0.28702,2.5018,4.9753,0
-0.19119,-0.041656,-0.0047509,0.28534,2.5012,4.9762,0.00061035
-0.18768,-0.03952,-0.0047509,0.28183,2.5015,4.9762,0.00061035
-0.18631,-0.034637,-0.0042758,0.27374,2.5015,4.9765,-0.00030518
-0.18494,-0.024414,-0.0038007,0.26321,2.5021,4.9777,0
-0.18326,-0.0056458,-0.0042758,0.25467,2.5015,4.9777,0
-0.17883,0.010071,-0.005226,0.24811,2.5009,4.9792,0
-0.16953,0.011597,-0.0042758,0.24033,2.5006,4.9796,0.00061035
-0.16846,0.007019,-0.005226,0.23651,2.5018,4.9789,-0.00030518
-0.1619,0.0091553,-0.005701,0.23407,2.5012,4.978,0
-0.15244,0.018463,-0.0042758,0.22949,2.5018,4.9802,0.00061035
-0.13351,0.024719,-0.0047509,0.22675,2.5012,4.9789,0.00030518
-0.112,0.026093,-0.0042758,0.22736,2.5018,4.9786,0
-0.10666,0.037842,-0.0047509,0.21927,2.5003,4.9789,0
-0.11124,0.049438,-0.0042758,0.20752,2.5018,4.978,0.00061035
-0.10956,0.030518,-0.0042758,0.19913,2.5015,4.9774,0.00030518
-0.10117,-0.02243,-0.0038007,0.19577,2.5015,4.9771,0
-0.093384,-0.072937,-0.0042758,0.1918,2.5021,4.9771,0.00030518
-0.086365,-0.084381,-0.0047509,0.17746,2.5018,4.9768,0.00030518
-0.061646,-0.065765,-0.0038007,0.15869,2.4994,4.9765,-0.00061035
-0.045319,-0.041199,-0.0047509,0.14603,2.5009,4.9771,-0.00030518
-0.043793,-0.01358,-0.0047509,0.13992,2.5003,4.9774,-0.00030518
-0.042419,0.011597,-0.0042758,0.13504,2.5012,4.9768,0.00030518
-0.037842,0.023804,-0.0042758,0.1268,2.5018,4.9768,-0.00030518
-0.014648,0.018311,-0.005226,0.1181,2.5006,4.9777,0.00030518
0.0042725,-0.0035095,-0.005226,0.11169,2.5012,4.9774,0.00030518
-0.0085449,-0.015869,-0.0042758,0.10956,2.5015,4.9777,0.00030518
-0.010681,0.0085449,-0.0042758,0.10376,2.5012,4.978,0.00030518
0.0016785,0.049591,-0.0042758,0.097504,2.5009,4.9774,0.00030518
0.027771,0.070496,-0.0038007,0.09079,2.5024,4.9774,0
0.036163,0.065765,-0.005701,0.080719,2.5006,4.9783,0.00030518
0.03006,0.024414,-0.0038007,0.070343,2.5009,4.9777,-0.00061035
0.032043,-0.045624,-0.0033257,0.062561,2.5012,4.9789,0.00030518
0.041046,-0.094147,-0.0047509,0.057526,2.5018,4.978,0
0.04837,-0.095673,-0.0038007,0.054932,2.5009,4.9786,0
0.048218,-0.068359,-0.0042758,0.055542,2.5012,4.9789,0
0.049896,-0.035095,-0.0042758,0.049591,2.5015,4.9789,0
0.057831,-0.0071716,-0.0047509,0.040283,2.5006,4.9796,0
0.065308,0.0094604,-0.0033257,0.034485,2.5015,4.9777,0
0.080261,0.018768,-0.0047509,0.025635,2.5015,4.9777,0
0.086975,0.023041,-0.0042758,0.015564,2.5012,4.9792,0
0.086517,0.025787,-0.0042758,0.015106,2.5021,4.9792,0.00061035
0.084076,0.027466,-0.0033257,0.021973,2.5012,4.9783,-0.00030518
0.081787,0.016327,-0.0028506,0.022583,2.5012,4.9792,0
0.082703,-0.0065613,-0.0038007,0.0177,2.5012,4.9777,-0.00061035
0.088501,-0.028534,-0.0042758,0.014191,2.5015,4.9786,-0.00030518
0.088959,-0.038452,-0.0047509,0.0091553,2.5012,4.978,0.00061035
0.087585,-0.033264,-0.0042758,0.0076294,2.5015,4.9789,0.00030518
0.085602,-0.02243,-0.0042758,0.0074768,2.5018,4.9792,0
0.09613,-0.01358,-0.0042758,0.00045776,2.5015,4.9796,-0.00030518
0.098419,-0.0088501,-0.0042758,-0.011902,2.5009,4.978,0
0.098419,-0.017395,-0.0042758,-0.019836,2.5012,4.9789,0
0.09903,-0.03067,-0.0033257,-0.020447,2.5009,4.9792,0.00030518
0.1033,-0.03006,-0.0038007,-0.020447,2.5018,4.9789,0.00030518
0.10345,-0.015564,-0.0047509,-0.019379,2.5024,4.9789,-0.00061035
0.099335,-0.00045776,-0.0038007,-0.016937,2.5018,4.9789,0
0.10864,0.009613,-0.0042758,-0.023956,2.5012,4.9783,0
0.12787,0.016785,-0.0042758,-0.037842,2.5012,4.9786,0
0.13397,0.023956,-0.0047509,-0.04715,2.5015,4.9777,0
0.13916,0.019989,-0.0033257,-0.054626,2.5012,4.9783,0
0.13672,0.0054932,-0.0042758,-0.063324,2.5021,4.9786,-0.00091553
0.12833,-0.0028992,-0.0047509,-0.074768,2.5006,4.9783,0
0.12665,-0.00045776,-0.0038007,-0.066833,2.5009,4.978,0.00030518
0.121,0.0062561,-0.0042758,-0.051422,2.5015,4.9799,0.00030518
0.12833,0.019684,-0.0028506,-0.050201,2.5021,4.9789,0.00030518
0.13977,0.033112,-0.0042758,-0.054626,2.5006,4.9792,0.00061035
0.13153,0.036926,-0.0047509,-0.050049,2.5015,4.9783,0.00030518
0.11749,0.027466,-0.0042758,-0.04776,2.5021,4.9792,0
0.13504,0.01358,-0.0038007,-0.052032,2.5015,4.9789,0.00030518
0.1796,0.0038147,-0.0047509,-0.056,2.5012,4.9796,-0.00030518
0.17044,-0.0033569,-0.0033257,-0.051727,2.5018,4.9747,-0.00030518
0.10742,-0.0038147,-0.0042758,-0.046997,2.5018,4.9756,-0.00030518
0.077515,0.00076294,-0.0047509,-0.04364,2.5015,4.9741,0
0.087738,0.0091553,-0.0042758,-0.043182,2.5015,4.9744,0
0.09903,0.023804,-0.0042758,-0.040436,2.5018,4.9744,0.00030518
0.095673,0.041199,-0.0042758,-0.045624,2.5012,4.9744,0.00091553
0.090485,0.056305,-0.0038007,-0.06012,2.5012,4.9747,0.00030518
0.084076,0.070343,-0.0038007,-0.071259,2.5018,4.9753,-0.00061035
0.072327,0.081024,-0.0047509,-0.073395,2.5009,4.9741,0.00061035
0.075989,0.077972,-0.0047509,-0.06897,2.5015,4.9744,-0.00061035
0.079956,0.064392,-0.0047509,-0.066833,2.5018,4.9765,0.00030518
0.079498,0.049744,-0.0042758,-0.071716,2.5006,4.9759,0.00030518
0.085754,0.021057,-0.0047509,-0.075531,2.5009,4.9762,0.00061035
0.0914,-0.016479,-0.0047509,-0.07843,2.5009,4.9765,0.00061035
0.084534,-0.032196,-0.0047509,-0.08255,2.5009,4.9783,-0.00030518
0.073242,-0.026245,-0.005701,-0.085449,2.5015,4.9792,0.00091553
0.073242,-0.02121,-0.0047509,-0.077515,2.5015,4.9789,0.00030518
0.078125,-0.028076,-0.0042758,-0.066986,2.5009,4.9786,0.00030518
0.076447,-0.046692,-0.0042758,-0.062714,2.5018,4.9792,0.00030518
0.090179,-0.061493,-0.0047509,-0.059662,2.5003,4.9796,0.00030518
0.090179,-0.059662,-0.0047509,-0.054321,2.5018,4.9783,-0.00030518
0.080566,-0.034485,-0.0033257,-0.052032,2.5009,4.9789,0.00030518
0.083313,-0.0036621,-0.0047509,-0.057068,2.5012,4.9789,0.00030518
0.084381,0.019684,-0.005226,-0.06073,2.5006,4.9786,0
0.081482,0.023041,-0.0042758,-0.054626,2.5015,4.978,-0.00030518
0.08255,0.0010681,-0.0038007,-0.046997,2.5009,4.9789,0.00030518
0.085754,-0.025177,-0.0047509,-0.041656,2.5021,4.9796,0.00030518
0.081024,-0.027771,-0.0047509,-0.038757,2.5009,4.9786,0.00030518
0.063171,-0.016937,-0.0047509,-0.038147,2.5018,4.9777,-0.00061035
0.059967,-0.0090027,-0.0042758,-0.042267,2.5021,4.9783,-0.00030518
0.055847,-0.00015259,-0.0047509,-0.043793,2.5012,4.9783,0
0.053101,0.017853,-0.0038007,-0.04364,2.5006,4.978,0
0.052643,0.03479,-0.0038007,-0.045624,2.5012,4.9786,0.00030518
0.049591,0.040588,-0.0042758,-0.046234,2.5021,4.9789,0.00030518
0.049591,0.0354,-0.0047509,-0.049591,2.5012,4.9799,0
0.046387,0.024567,-0.0028506,-0.049133,2.5021,4.9786,0.00030518
0.045624,0.011292,-0.0042758,-0.046082,2.5012,4.9796,0.00030518
0.050812,-0.0097656,-0.0047509,-0.050049,2.5024,4.9783,0.00091553
0.053864,-0.023804,-0.0042758,-0.053101,2.5,4.9792,0
0.064087,-0.025024,-0.0042758,-0.045013,2.5018,4.9786,0
0.062714,-0.026093,-0.0042758,-0.033875,2.5009,4.9786,-0.00030518
0.050659,-0.036163,-0.0042758,-0.024261,2.5009,4.9789,0.00030518
0.045776,-0.039825,-0.0042758,-0.020752,2.5006,4.9786,0.00030518
0.044708,-0.017853,-0.0028506,-0.021515,2.5012,4.9783,0
0.040588,0.005188,-0.0023755,-0.027466,2.5006,4.9796,-0.00030518
0.041504,0.01709,-0.0033257,-0.031738,2.5021,4.9792,0
0.036163,0.027771,-0.0038007,-0.029144,2.5012,4.9796,0.00030518
0.031433,0.031891,-0.0047509,-0.027924,2.5015,4.9796,0.00061035
0.03952,0.021667,-0.0047509,-0.034332,2.5015,4.978,0.00030518
0.06012,0.013275,-0.0033257,-0.038605,2.5012,4.9789,0
0.055237,0.019531,-0.0033257,-0.035095,2.5012,4.9792,0.00030518
0.045471,0.026093,-0.0042758,-0.031433,2.5018,4.9792,-0.00030518
0.052795,0.025482,-0.0038007,-0.031128,2.5006,4.9786,0.00061035
0.03891,0.019073,-0.0047509,-0.034332,2.5015,4.9783,0
0.025177,0.010681,-0.0047509,-0.034943,2.5012,4.9786,0
0.029449,0.0091553,-0.0033257,-0.031586,2.5006,4.978,0
0.039215,0.023499,-0.0038007,-0.030823,2.5015,4.9792,0.00030518
0.0383,0.040283,-0.0047509,-0.031281,2.5021,4.9789,0.00030518
0.043335,0.03952,-0.0042758,-0.02182,2.5018,4.9792,-0.00030518
0.075378,0.0064087,-0.0033257,-0.01236,2.5012,4.9796,0
0.053101,-0.028534,-0.0042758,-0.0068665,2.5021,4.9789,-0.00061035
0.013733,-0.019531,-0.0042758,-0.004425,2.5024,4.978,0.00061035
-0.00061035,0.023193,-0.0047509,-0.0073242,2.5018,4.9783,-0.00061035
-0.004425,0.061493,-0.0042758,-0.012054,2.5009,4.9789,-0.00030518
-0.0047302,0.063629,-0.0047509,-0.012665,2.5009,4.9786,0
-0.0062561,0.046539,-0.0033257,-0.010529,2.5012,4.9789,0.00030518
-0.005188,0.045471,-0.0047509,-0.014038,2.5009,4.9799,0
-0.0067139,0.075989,-0.0042758,-0.019836,2.5009,4.9786,0
-0.014038,0.13275,-0.0042758,-0.022125,2.5003,4.9774,-0.00030518
0.0019836,0.168,-0.0047509,-0.022125,2.5015,4.9786,0.00030518
0.0068665,0.12177,-0.0038007,-0.020294,2.5015,4.9792,0
-0.0047302,0.00030518,-0.0042758,-0.014191,2.5015,4.9783,0.00030518
-0.014954,-0.12894,-0.0047509,-0.0057983,2.5024,4.9783,0.00030518
-0.019379,-0.20859,-0.0047509,0.0010681,2.5012,4.9796,-0.00030518
-0.023956,-0.22842,-0.0042758,0.0013733,2.5006,4.9786,-0.00030518
0.007782,-0.18784,-0.0038007,-0.0015259,2.5021,4.978,0.00030518
0.020294,-0.10864,-0.0047509,-0.005188,2.5018,4.9786,0.00061035
0.00061035,-0.045776,-0.0042758,-0.0080872,2.5021,4.9789,-0.00030518
-0.00076294,-0.023804,-0.0042758,-0.0061035,2.5018,4.9789,0
0.012817,-0.028229,-0.0042758,0.005188,2.5012,4.9792,0
0.0088501,-0.04303,-0.0042758,0.0085449,2.5009,4.9765,0
-0.0056458,-0.052948,-0.0038007,0.0012207,2.5015,4.9747,0.00091553
-0.01709,-0.047302,-0.0042758,-0.0013733,2.5009,4.9741,-0.00030518
-0.0053406,-0.046692,-0.0038007,0.0079346,2.5009,4.9738,0
-0.0032043,-0.051422,-0.0042758,0.010223,2.5015,4.9744,0.00030518
0.0068665,-0.033112,-0.0042758,-0.0024414,2.5009,4.9741,0.00030518
0.013885,0.0012207,-0.0042758,-0.0068665,2.5015,4.975,0
0.0024414,0.022278,-0.0038007,0.0022888,2.5018,4.9747,-0.00030518
-0.00061035,0.028381,-0.0047509,0.0082397,2.5018,4.9738,0.00030518
0.0021362,0.037994,-0.0042758,0.007019,2.5015,4.9744,0.00061035
-0.00091553,0.048981,-0.005226,0.0038147,2.5012,4.9759,-0.00030518
-0.002594,0.048218,-0.0042758,0.0035095,2.5012,4.9762,0.00030518
0.010071,0.041656,-0.0038007,0,2.5012,4.9756,0
0.025482,0.02121,-0.0042758,-0.0067139,2.5006,4.975,0
-0.0036621,-0.0097656,-0.0033257,-0.0082397,2.5018,4.9771,-0.00030518
-0.024567,-0.042419,-0.0038007,-0.0022888,2.5006,4.9777,0
-0.018311,-0.063171,-0.005226,0.007782,2.5006,4.9789,-0.00030518
-0.007782,-0.057526,-0.0042758,0.0076294,2.5003,4.9792,-0.00061035
-0.0056458,-0.020294,-0.0042758,0.0032043,2.5009,4.9789,0.00030518
-0.0039673,0.025482,-0.0042758,-0.0021362,2.5006,4.9792,-0.00030518
-0.007782,0.053864,-0.0047509,-0.0090027,2.5018,4.978,-0.00030518
-0.0090027,0.052948,-0.0042758,-0.0082397,2.5003,4.9783,0.00030518
-0.0085449,0.031128,-0.0042758,0.0021362,2.5018,4.9783,0.00030518
-0.01297,0.0033569,-0.0042758,0.012512,2.5009,4.9786,0.00030518
-0.018158,-0.014801,-0.0047509,0.016327,2.5012,4.9789,0.00030518
-0.022736,-0.020294,-0.0047509,0.0093079,2.5006,4.9792,0
-0.015411,-0.017548,-0.0047509,-0.0083923,2.5015,4.9789,-0.00030518
-0.0082397,-0.018768,-0.005226,-0.014496,2.5006,4.9783,-0.00061035
-0.0080872,-0.014648,-0.0047509,-0.010529,2.5015,4.9783,-0.00030518
-0.0019836,-0.013123,-0.0038007,-0.0050354,2.5012,4.9783,0.00061035
-0.0015259,-0.024872,-0.005226,-0.00076294,2.5024,4.9786,0.00030518
-0.004425,-0.020599,-0.0047509,-0.00061035,2.5015,4.9789,0.00030518
-0.011444,0.011749,-0.0042758,-0.0027466,2.5012,4.9796,-0.00061035
-0.014954,0.037384,-0.0042758,0.0016785,2.5009,4.9786,-0.00061035
-0.016022,0.044098,-0.005226,0.014343,2.5006,4.9783,0
-0.027161,0.040588,-0.0042758,0.024109,2.5018,4.9771,0.00061035
-0.024872,0.031433,-0.0042758,0.024567,2.5015,4.9771,0
-0.00091553,0.018768,-0.0042758,0.016327,2.5018,4.9783,0
0.0036621,0.023651,-0.0038007,0.0027466,2.5009,4.9792,0.00030518
-0.0057983,0.046082,-0.0047509,-0.0053406,2.5027,4.9786,0.00030518
-0.015564,0.064545,-0.0042758,0.00015259,2.5006,4.9799,0.00030518
-0.019531,0.051575,-0.0042758,0.009613,2.5006,4.9789,0.00030518
-0.02243,0.01236,-0.0042758,0.01236,2.5021,4.9796,0.00030518
-0.020294,-0.018463,-0.005226,0.0090027,2.5012,4.9792,0
-0.018311,-0.019836,-0.0038007,0.0059509,2.5006,4.9789,-0.00030518
-0.018463,-0.0018311,-0.0047509,0.0062561,2.5015,4.9786,-0.00030518
-0.018921,0.02182,-0.0047509,0.0073242,2.5006,4.9796,0.00030518
-0.019836,0.04364,-0.0047509,0.0032043,2.5018,4.9796,0.00030518
-0.026398,0.050201,-0.005226,0.0059509,2.5015,4.9786,0.00030518
-0.017853,0.043488,-0.005226,0.010986,2.5009,4.9792,0
-0.013733,0.023193,-0.0042758,0.011139,2.5012,4.9799,0
-0.016327,-0.027313,-0.005226,0.0082397,2.5012,4.9792,-0.00061035
-0.016937,-0.079803,-0.0038007,0.0032043,2.5009,4.9789,0
-0.016174,-0.089874,-0.0047509,0,2.5015,4.9792,0.00061035
-0.019684,-0.074615,-0.0042758,0.002594,2.5012,4.9786,0.00030518
-0.021515,-0.067139,-0.0038007,0.002594,2.5015,4.9789,0.00030518
-0.021667,-0.05722,-0.0042758,-0.002594,2.5015,4.9786,-0.00061035
-0.023346,-0.039063,-0.0042758,-0.0050354,2.5015,4.9786,0
-0.027618,-0.023651,-0.0038007,0.00045776,2.5009,4.9789,0
-0.018005,-0.020294,-0.0042758,0.010986,2.5012,4.9792,0
-0.010834,-0.021515,-0.0047509,0.013428,2.5006,4.9792,-0.00030518
-0.0093079,-0.015564,-0.0042758,0.0024414,2.5012,4.9799,0
-0.017242,0.0061035,-0.0038007,-0.0057983,2.5012,4.9789,-0.00030518
-0.026703,0.025177,-0.0033257,-0.0047302,2.5009,4.9789,0.00030518
-0.023041,0.023346,-0.0042758,-0.0015259,2.5012,4.9789,0.00030518
-0.015717,0.005188,-0.0038007,0.0088501,2.5009,4.9783,0
-0.016632,-0.011749,-0.0042758,0.022125,2.5021,4.9799,0.00030518
-0.023651,-0.018768,-0.0042758,0.027466,2.5006,4.9796,-0.00061035
-0.042267,-0.0065613,-0.0042758,0.027466,2.5018,4.9783,0
-0.031738,0.032959,-0.0042758,0.020752,2.5018,4.9786,-0.00030518
-0.022736,0.083618,-0.0042758,0.018921,2.5018,4.978,0
-0.019989,0.11841,-0.0047509,0.023956,2.5006,4.9792,0.00030518
-0.013123,0.10696,-0.0042758,0.022583,2.5024,4.9786,-0.00091553
-0.010986,0.06134,-0.005701,0.011139,2.5015,4.9799,-0.00091553
-0.016327,0.017395,-0.0042758,0.0074768,2.5009,4.9802,-0.00030518
-0.020905,-0.019379,-0.0042758,0.014801,2.5015,4.9796,0
-0.025787,-0.043488,-0.0042758,0.020294,2.5006,4.9786,0.00030518
-0.028839,-0.037537,-0.0038007,0.015869,2.5012,4.9789,0
-0.029602,-0.023346,-0.0047509,0.0094604,2.5012,4.9786,0
-0.014648,-0.031738,-0.0042758,0.0042725,2.5015,4.9774,0.00061035
-0.0059509,-0.048523,-0.0042758,0.0039673,2.5018,4.9731,0
-0.0093079,-0.053711,-0.0042758,0.0061035,2.5012,4.9704,0
-0.014191,-0.057526,-0.0047509,0.0079346,2.5012,4.9701,0.00030518
-0.013275,-0.059509,-0.0042758,0.0065613,2.5006,4.9692,0.00030518
-0.0054932,-0.045624,-0.0028506,0.0039673,2.5012,4.9695,0.00030518
0.0036621,-0.013885,-0.005226,0.0050354,2.5012,4.9692,-0.00030518
0.027618,0.01297,-0.0042758,0.0010681,2.5018,4.9692,0.00030518
0.053101,0.022736,-0.005226,-0.0018311,2.5018,4.9707,0.00061035
0.033569,0.01358,-0.0047509,-0.0045776,2.5015,4.9713,-0.00030518
-0.0030518,-0.0073242,-0.0042758,-0.0061035,2.5009,4.9719,-0.00030518
-0.016174,-0.021362,-0.0047509,-0.0024414,2.5006,4.9728,0.00030518
-0.012665,-0.0177,-0.0038007,-0.00015259,2.5003,4.9719,0
-0.011139,-0.011292,-0.0033257,-0.0022888,2.5024,4.9734,0
-0.011292,-0.0099182,-0.0042758,-0.0042725,2.5021,4.9741,0.00030518
-0.013123,-0.007782,-0.0038007,0.0036621,2.5021,4.9756,-0.00091553
-0.019684,-0.00045776,-0.0047509,0.015869,2.5015,4.9768,-0.00030518
-0.024567,0.024414,-0.0042758,0.019684,2.5012,4.9771,0.00061035
-0.014496,0.067749,-0.0028506,0.016937,2.5012,4.9777,0.00030518
0.0018311,0.1001,-0.0047509,0.007019,2.5018,4.9783,-0.00030518
0.011292,0.098114,-0.0047509,-0.0047302,2.5012,4.9777,0
-0.0010681,0.05661,-0.0042758,-0.010223,2.5015,4.978,-0.00030518
-0.011902,-0.0071716,-0.0033257,-0.0082397,2.5006,4.9789,0.00030518
-0.012665,-0.050049,-0.0042758,-0.0024414,2.5015,4.9789,0
-0.011292,-0.057526,-0.0042758,-0.002594,2.5,4.9796,-0.00061035
-0.013885,-0.045929,-0.0038007,-0.0041199,2.5003,4.9786,0.00030518
-0.019379,-0.020294,-0.0042758,0.0033569,2.5018,4.9786,0.00030518
-0.020752,-0.00076294,-0.0033257,0.0099182,2.5018,4.9792,-0.00061035
-0.019073,0.0068665,-0.0047509,0.0094604,2.5009,4.9786,0.00030518
-0.0177,0.012207,-0.005226,0.0065613,2.5015,4.978,0.00030518
-0.0059509,0.012207,-0.005226,0.005188,2.5006,4.9789,0
-0.0062561,0.0030518,-0.005226,0.0068665,2.5015,4.9786,-0.00030518
-0.0035095,-0.0022888,-0.0042758,0.0042725,2.5021,4.9792,-0.00061035
-0.0042725,-0.0042725,-0.0042758,-0.0041199,2.5009,4.9789,-0.00030518
-0.014648,-0.0041199,-0.0047509,-0.0091553,2.5018,4.9802,0
-0.019379,-0.0067139,-0.0042758,-0.0038147,2.5015,4.9786,-0.00030518
-0.01358,-0.01297,-0.0042758,0.0027466,2.5015,4.9789,0
-0.0041199,-0.016632,-0.005226,0.0085449,2.5009,4.9789,0.00061035
0.00061035,-0.012207,-0.0042758,0.007782,2.5018,4.9792,0
0.010529,-0.002594,-0.0042758,0.0012207,2.5015,4.9789,0
0.0012207,0.0039673,-0.0038007,0,2.5021,4.9792,-0.00030518
-0.0079346,0.0038147,-0.0042758,0.0086975,2.5009,4.9789,-0.00061035
-0.011139,0.0057983,-0.0047509,0.01358,2.5006,4.9786,-0.00030518
-0.01709,0.0047302,-0.0042758,0.0088501,2.5009,4.9789,0.00030518
-0.021362,0.002594,-0.0047509,0.0041199,2.5018,4.9792,-0.00061035
-0.015411,0.011292,-0.005226,0.0028992,2.5012,4.9792,-0.00030518
-0.002594,0.044098,-0.0042758,0.0057983,2.5015,4.9786,0.00091553
0.0033569,0.086212,-0.0042758,0.010986,2.5015,4.9796,-0.00030518
0.0033569,0.1062,-0.0042758,0.009613,2.5015,4.9796,0.00030518
-0.0071716,0.10696,-0.0047509,0.0071716,2.5003,4.9774,-0.00030518
-0.011749,0.10437,-0.0042758,0.0093079,2.5021,4.9789,0
-0.007782,0.082855,-0.0047509,0.0082397,2.5012,4.9786,0.00061035
0.0027466,0.051117,-0.0047509,0,2.5015,4.9786,0
0.0067139,0.019684,-0.0038007,-0.0086975,2.5015,4.9786,0
0.0039673,-0.033264,-0.005226,-0.011139,2.5006,4.9786,0.00061035
-0.0068665,-0.097351,-0.0038007,-0.0045776,2.5003,4.9792,0
-0.014343,-0.11169,-0.0042758,0.0054932,2.5009,4.978,0
-0.01709,-0.061798,-0.0033257,0.014191,2.5012,4.978,-0.00061035
-0.020599,-0.0085449,-0.0042758,0.012512,2.5018,4.9774,0.00030518
-0.020447,0.0048828,-0.0038007,0.0071716,2.5006,4.9774,0.00030518
-0.0059509,-0.015259,-0.005226,0.0054932,2.5015,4.9768,0.00061035
-0.0030518,-0.044861,-0.005226,0.0083923,2.5009,4.9771,0.00030518
-0.0091553,-0.068512,-0.0047509,0.01358,2.5009,4.9759,-0.00030518
-0.012207,-0.081177,-0.0042758,0.013275,2.5015,4.9765,-0.00030518
-0.009613,-0.068512,-0.0042758,0.011139,2.5009,4.9765,0
-0.0091553,-0.031281,-0.005226,0.011444,2.5015,4.9768,-0.00061035
-0.0093079,-0.005188,-0.0047509,0.011749,2.5009,4.9768,0
-0.0079346,-0.0047302,-0.0047509,0.0086975,2.5009,4.9762,0
-0.00076294,-0.010529,-0.005701,0.005188,2.5003,4.9774,0
-0.0035095,-0.0042725,-0.0038007,0.00030518,2.5009,4.9774,-0.00061035
-0.0021362,0.022583,-0.005226,-0.0054932,2.5006,4.9777,-0.00030518
-0.0032043,0.056915,-0.0042758,-0.0085449,2.5009,4.9777,0
0.0028992,0.076599,-0.0042758,-0.0073242,2.5009,4.9774,-0.00030518
0.014954,0.074615,-0.005226,-0.011749,2.5018,4.9771,0
0.013275,0.050354,-0.0047509,-0.024872,2.5009,4.9786,0.00030518
0.0028992,0.0028992,-0.005226,-0.024872,2.5006,4.9783,-0.00030518
-0.010834,-0.035858,-0.0047509,-0.0030518,2.5009,4.9777,0
-0.021973,-0.03418,-0.0042758,0.015564,2.5024,4.978,0.00030518
-0.02182,-0.010986,-0.0047509,0.013428,2.5012,4.9786,-0.00030518
-0.014954,-0.016632,-0.0042758,0.0061035,2.5021,4.9783,0.00030518
-0.0016785,-0.041046,-0.0047509,0.0021362,2.5015,4.9786,0.00030518
0.0013733,-0.042877,-0.0038007,-0.0016785,2.5015,4.9762,0
0.0016785,-0.024109,-0.005226,-0.005188,2.5009,4.9759,0.00030518
-0.0010681,-0.0035095,-0.0038007,-0.004425,2.5012,4.9744,0.00030518
-0.0053406,0.0099182,-0.0042758,0.002594,2.5009,4.9744,0.00030518
-0.0057983,0.0073242,-0.0042758,0.0050354,2.5012,4.975,0
-0.0030518,-0.0088501,-0.0042758,0.0028992,2.5009,4.9744,-0.00030518
0.0010681,-0.018463,-0.0047509,0.00061035,2.5009,4.9747,0.00030518
0.0010681,-0.012512,-0.0038007,0.0024414,2.5006,4.975,0
-0.0041199,0.0071716,-0.0047509,0.0073242,2.5015,4.975,0.00030518
-0.00076294,0.023956,-0.0038007,0.011139,2.5015,4.975,0.00030518
-0.00076294,0.0091553,-0.0042758,0.0094604,2.5015,4.9762,-0.00030518
0.00091553,-0.024109,-0.0038007,0.0050354,2.5009,4.975,0.00061035
-0.0010681,-0.052032,-0.0047509,0.0065613,2.5015,4.9762,0.00030518
-0.0054932,-0.049286,-0.0042758,0.010681,2.5015,4.9768,0.00061035
-0.0067139,-0.014648,-0.0042758,0.0074768,2.5024,4.978,0.00061035
-0.0053406,0.02121,-0.0047509,0.00015259,2.5012,4.9777,0
-0.0047302,0.026703,-0.005226,-0.0042725,2.5018,4.9789,0.00030518
-0.0059509,0.012512,-0.0042758,0.0024414,2.5009,4.9789,-0.00030518
-0.012665,0.0091553,-0.005226,0.015564,2.5018,4.9789,0
-0.012665,0.011292,-0.0042758,0.028839,2.5009,4.9783,0.00061035
-0.010986,0.013733,-0.0047509,0.029144,2.5009,4.9786,-0.00030518
-0.013123,0.03006,-0.0047509,0.016937,2.5018,4.9789,-0.00030518
-0.013733,0.038605,-0.0038007,0.0065613,2.5021,4.9783,0
-0.012207,0.023956,-0.0047509,0.0042725,2.5018,4.978,0.00061035
-0.010986,-0.0036621,-0.005226,0.012054,2.5018,4.9783,0.00030518
-0.012817,-0.03067,-0.0042758,0.025024,2.5012,4.9792,0.00030518
-0.014191,-0.03479,-0.0047509,0.030212,2.5018,4.9786,0
-0.014343,-0.0018311,-0.005226,0.021973,2.5015,4.9796,0
-0.010529,0.049744,-0.0042758,0.0093079,2.5021,4.9777,0.00030518
0.0094604,0.089417,-0.0038007,0.00091553,2.5018,4.9783,0.00030518
0.016327,0.10132,-0.0042758,0.00061035,2.5012,4.9792,0
0.0074768,0.072021,-0.0042758,0.0083923,2.5015,4.9786,0.00030518
0.0015259,0.0028992,-0.005226,0.016785,2.5003,4.9786,0.00030518
-0.0010681,-0.057678,-0.0042758,0.024414,2.5006,4.9796,0
0.0021362,-0.068207,-0.0042758,0.023041,2.5012,4.9774,0
0.0076294,-0.051422,-0.0042758,0.013123,2.5031,4.9777,-0.00061035
0.012207,-0.03479,-0.005226,0.002594,2.5015,4.9774,0.00030518
0.007782,-0.018921,-0.0042758,-0.0062561,2.5021,4.9771,0.00061035
-0.00045776,-0.0057983,-0.0042758,-0.0068665,2.5003,4.9765,-0.00061035
0.0028992,0.0059509,-0.0038007,-0.0030518,2.5015,4.9768,0.00030518
0,0.016174,-0.0042758,-0.00030518,2.5015,4.9762,0
-0.0022888,0.011292,-0.0042758,0.0064087,2.5018,4.9771,-0.00030518
0.0013733,-0.0035095,-0.0038007,0.018005,2.5009,4.9762,0.00030518
0.015411,-0.013123,-0.0042758,0.02121,2.5012,4.9762,0
0.052643,-0.014191,-0.0047509,0.015106,2.5006,4.9768,0
0.039978,-0.015411,-0.0038007,0.0090027,2.5021,4.9762,0
0.00091553,-0.017548,-0.0042758,0.0050354,2.5012,4.978,0.00030518
-0.011139,-0.014343,-0.0047509,0.0019836,2.5018,4.978,-0.00030518
-0.010681,0,-0.0042758,0.0050354,2.5009,4.9777,0.00030518
-0.00045776,0.020142,-0.0042758,0.0088501,2.5009,4.9768,0.00030518
0.010071,0.031586,-0.0042758,0.015259,2.5012,4.9777,0.00030518
0.031891,0.034485,-0.005226,0.023193,2.5012,4.9768,0
0.0030518,0.027161,-0.005226,0.027313,2.5012,4.9777,-0.00030518
-0.023651,0.0094604,-0.0042758,0.025787,2.5021,4.9783,-0.00030518
-0.020752,-0.0067139,-0.0042758,0.020294,2.5015,4.9789,-0.00030518
-0.014648,-0.0065613,-0.0042758,0.019684,2.5015,4.9786,0
-0.018463,0.013428,-0.0038007,0.022583,2.5015,4.9789,0.00061035
-0.023041,0.03952,-0.005701,0.02594,2.5006,4.9789,0
-0.028229,0.046692,-0.0047509,0.029907,2.5012,4.9792,0.00091553
-0.013123,0.026398,-0.005701,0.023193,2.5015,4.9792,0
-0.0042725,-0.026093,-0.0042758,0.012665,2.5006,4.9786,0.00091553
-0.009613,-0.072784,-0.0042758,0.0097656,2.5009,4.9796,0.00030518
-0.0088501,-0.067902,-0.0042758,0.010681,2.5012,4.9792,0.00030518
-0.00015259,-0.031586,-0.0042758,0.010529,2.5012,4.9786,0.00061035
0.018311,-0.0042725,-0.0047509,0.014801,2.5009,4.9789,-0.00030518
-0.0036621,0.0086975,-0.0047509,0.018921,2.5015,4.978,-0.00030518
-0.020752,0.025024,-0.005226,0.024719,2.5015,4.9789,-0.00030518
-0.016327,0.047913,-0.0042758,0.021973,2.5015,4.9786,-0.00061035
-0.016479,0.06485,-0.0047509,0.012817,2.5009,4.9777,0
-0.0053406,0.067444,-0.0042758,0.0057983,2.5015,4.978,0
0.0038147,0.032806,-0.005226,0.0053406,2.5021,4.9777,0.00030518
0.0036621,-0.032196,-0.0047509,0.0050354,2.5012,4.9783,0
0.0057983,-0.066071,-0.005226,0.0024414,2.5018,4.9792,0.00061035
0.025024,-0.045166,-0.005226,-0.0019836,2.5018,4.9792,0.00030518
0.02533,-0.00030518,-0.005226,-0.0047302,2.5009,4.9796,0.00030518
0.007782,0.036926,-0.005226,-0.0019836,2.5006,4.9783,0.00061035
0.0053406,0.04837,-0.0047509,0.0027466,2.5015,4.9789,0.00061035
0.015411,0.034485,-0.005226,0.0059509,2.5009,4.9796,-0.00061035
0.0094604,-0.0067139,-0.0042758,0.010986,2.5021,4.9792,0.00061035
0.0036621,-0.05127,-0.0042758,0.019836,2.5009,4.978,0
-0.00015259,-0.062103,-0.005226,0.022736,2.5003,4.9756,0.00030518
0,-0.042267,-0.0038007,0.023041,2.5012,4.9756,0.00030518
0.0021362,-0.03006,-0.0038007,0.032654,2.5015,4.9744,0.00030518
0.0047302,-0.029907,-0.0042758,0.03418,2.5009,4.9747,0.00030518
0.0080872,-0.029297,-0.0047509,0.024414,2.5018,4.9744,0.00061035
0.0076294,-0.024414,-0.0033257,0.010529,2.5021,4.9747,-0.00061035
0.0042725,-0.016632,-0.0047509,0.0039673,2.5021,4.9744,0
0.0024414,-0.0048828,-0.0047509,0.0024414,2.5018,4.9753,-0.00030518
0.0039673,0.0082397,-0.005226,0.0032043,2.5006,4.9744,0.00061035
0.020294,0.01709,-0.0047509,0.0019836,2.5015,4.9741,0.00061035
0.03067,0.019684,-0.0047509,0,2.5012,4.9741,0.00061035
0.022583,0.016174,-0.0042758,-0.0022888,2.5018,4.9738,-0.00030518
0.016785,0.0093079,-0.0042758,-0.0038147,2.5012,4.9731,0.00030518
0.015717,0.0030518,-0.0033257,-0.0016785,2.5015,4.9719,0
0.020447,-0.00015259,-0.0047509,-0.0012207,2.5,4.975,0.00030518
0.023651,-0.0019836,-0.0047509,-0.007782,2.5021,4.9753,0
0.021973,-0.0015259,-0.0047509,-0.009613,2.5012,4.9762,-0.00061035
0.013428,0.0012207,-0.0033257,-0.0071716,2.5024,4.9765,-0.00030518
0.0010681,0.0068665,-0.0047509,-0.0073242,2.5021,4.9768,0.00030518
0.0035095,0.010681,-0.0038007,-0.0067139,2.5009,4.9765,0
0.00030518,0.0067139,-0.005226,0.00015259,2.5021,4.9768,0.00030518
-0.0086975,0.00076294,-0.0042758,0.0091553,2.5015,4.9774,0.00030518
-0.016632,-0.0033569,-0.0047509,0.018921,2.5015,4.9768,-0.00030518
-0.017395,-0.0041199,-0.0038007,0.02182,2.5018,4.9771,0
-0.0093079,-0.0013733,-0.0047509,0.018616,2.5021,4.9771,0
-0.0059509,0.0022888,-0.0042758,0.021667,2.5012,4.9774,0.00030518
-0.0097656,0.0048828,-0.0038007,0.024414,2.5009,4.9774,0
-0.014801,0.0041199,-0.0047509,0.018616,2.5,4.9768,-0.00061035
-0.021667,-0.0022888,-0.005226,0.013123,2.5018,4.9774,0
-0.011749,-0.0090027,-0.0047509,0.014801,2.5006,4.9789,0
-0.0097656,-0.0050354,-0.005226,0.013428,2.5003,4.9789,0.00061035
-0.019379,0.0021362,-0.0042758,0.0093079,2.5012,4.978,0
-0.025177,0.0080872,-0.005226,0.007019,2.5009,4.9796,-0.00030518
-0.025787,0.018005,-0.0047509,0.0061035,2.5003,4.9792,0
-0.022888,0.028839,-0.0047509,0.0099182,2.5009,4.9799,0.00030518
-0.017548,0.032501,-0.0047509,0.01297,2.5015,4.9792,0.00091553
-0.011139,0.022583,-0.0047509,0.016022,2.5018,4.9792,0.00030518
-0.013123,0.0021362,-0.005701,0.020447,2.5012,4.9786,-0.00091553
-0.024261,-0.015106,-0.005701,0.023499,2.5003,4.9792,0
-0.015869,-0.020142,-0.0042758,0.020142,2.5009,4.9786,0.00061035
-0.0013733,-0.015869,-0.0042758,0.014191,2.5006,4.9799,0.00061035
0.0035095,-0.007019,-0.0047509,0.0073242,2.5006,4.9789,0.00030518
0.0099182,0.0045776,-0.005226,-0.0019836,2.5018,4.9792,-0.00061035
0.018616,0.016632,-0.005226,-0.0057983,2.5018,4.978,0.00030518
0.01236,0.027008,-0.0042758,-0.0093079,2.5006,4.9796,0
0.0019836,0.030212,-0.0047509,-0.013123,2.5012,4.9796,0
-0.004425,0.02594,-0.0028506,-0.010529,2.5009,4.9799,-0.00061035
-0.0038147,0.016632,-0.0047509,-0.0057983,2.5012,4.9796,0.00061035
-0.00076294,0.0083923,-0.0042758,-0.0021362,2.5021,4.9777,-0.00030518
0.005188,0.0013733,-0.0038007,0.0036621,2.5018,4.978,0
0.0012207,0.0022888,-0.0042758,0.013428,2.5021,4.9786,0
-0.0076294,0.0091553,-0.005226,0.017242,2.5012,4.9796,0.00030518
-0.011597,0.014191,-0.0047509,0.014038,2.5009,4.9789,-0.00030518
-0.011444,0.014801,-0.0042758,0.0059509,2.5018,4.9786,0.00030518
-0.00076294,0.0064087,-0.0042758,0.0018311,2.5015,4.9792,0.00030518
0.0036621,-0.0099182,-0.0042758,0.0035095,2.5009,4.9796,0
0.00015259,-0.010834,-0.0042758,0.0093079,2.5018,4.9786,-0.00030518
-0.0038147,0.0027466,-0.005701,0.01297,2.5015,4.9799,0.00030518
-0.0035095,0.016022,-0.0042758,0.012207,2.5009,4.9786,-0.00030518
0.0067139,0.022278,-0.0042758,0.0016785,2.5015,4.9783,0.00061035
0.0033569,0.025024,-0.0047509,-0.0048828,2.5015,4.9783,0.00030518
-0.011902,0.023804,-0.0038007,0.0035095,2.5012,4.9786,0.00061035
-0.027161,0.0079346,-0.0042758,0.014801,2.5015,4.9789,0.00091553
-0.028839,-0.011292,-0.0047509,0.015106,2.5012,4.9789,-0.00030518
-0.021362,-0.025177,-0.0047509,0.011444,2.5024,4.9777,-0.00061035
-0.0091553,-0.042725,-0.0042758,0.011139,2.5009,4.9789,0.00030518
-0.0028992,-0.057068,-0.005226,0.0080872,2.5009,4.9783,-0.00030518
0.00076294,-0.04715,-0.0047509,0.0039673,2.5012,4.9777,-0.00030518
0.0022888,-0.021973,-0.0042758,0.0032043,2.5009,4.9771,-0.00030518
0.010223,-0.0091553,-0.0042758,0.007782,2.5009,4.9768,0
0.0085449,-0.011444,-0.0038007,0.016327,2.5015,4.9762,-0.00030518
-0.0056458,-0.011749,-0.0042758,0.024414,2.5015,4.9768,0.00061035
-0.013275,-0.0090027,-0.0038007,0.024719,2.5009,4.9762,0
-0.010529,-0.0015259,-0.0038007,0.022736,2.5003,4.9771,0
-0.0022888,0.0039673,-0.0042758,0.021515,2.5015,4.9765,0
0.0038147,0.0082397,-0.005226,0.019836,2.5015,4.9765,-0.00030518
0.0067139,0.0083923,-0.0042758,0.018005,2.5012,4.9771,-0.00091553
0.0048828,0.0057983,-0.0042758,0.019684,2.5024,4.9771,-0.00030518
-0.0042725,0.0022888,-0.0047509,0.02533,2.5009,4.978,0.00030518
0.0065613,-0.0010681,-0.0038007,0.02594,2.5015,4.9771,-0.00061035
0.0047302,-0.0015259,-0.0047509,0.023346,2.5021,4.9731,-0.00061035
-0.004425,-0.0010681,-0.0038007,0.020752,2.5003,4.9719,-0.00061035
0.0024414,-0.0053406,-0.0042758,0.014191,2.5006,4.9734,-0.00061035
0.01297,-0.017548,-0.0047509,0.0079346,2.5009,4.9722,-0.00030518
0.0079346,-0.023193,-0.0047509,0.0091553,2.5009,4.9734,0.00091553
0.00061035,-0.017548,-0.0047509,0.015106,2.5015,4.9744,0.00030518
0.0062561,-0.010986,-0.0047509,0.022125,2.5015,4.975,-0.00030518
0.007782,-0.0086975,-0.0047509,0.019989,2.5015,4.9744,-0.00030518
-0.0033569,-0.0018311,-0.0047509,0.014038,2.5015,4.9734,0.00030518
0.0083923,0.0083923,-0.0042758,0.0099182,2.5018,4.9744,-0.00061035
0.023193,0.019379,-0.0042758,0.0097656,2.5015,4.9768,0.00061035
0.0038147,0.024567,-0.0042758,0.0050354,2.5018,4.9747,0.00030518
-0.010834,0.023041,-0.0038007,-0.0015259,2.5018,4.975,0
-0.0013733,0.0094604,-0.0047509,0.0033569,2.5015,4.9759,0.00030518
0.013123,-0.0036621,-0.0042758,0.0062561,2.5009,4.9783,-0.00030518
0.0094604,-0.0032043,-0.0047509,0.0041199,2.5009,4.978,0.00030518
0.0083923,-0.00091553,-0.0047509,0.0045776,2.5012,4.9792,0.00030518
0.016327,-0.0076294,-0.0042758,0.0061035,2.5018,4.9786,0.00061035
0.047302,-0.01358,-0.005226,0,2.5006,4.9792,0.00030518
0.059509,-0.009613,-0.0038007,-0.004425,2.5018,4.9789,0.00030518
0.018616,-0.0012207,-0.0042758,-0.0035095,2.5012,4.978,-0.00030518
-0.021057,0.0030518,-0.0047509,-0.0073242,2.5012,4.9783,0
-0.005188,0.0054932,-0.0042758,-0.01358,2.5018,4.9786,-0.00030518
0.030518,0.011139,-0.0047509,-0.013733,2.5009,4.9789,0.00030518
0.026093,0.0177,-0.0047509,-0.014343,2.5012,4.9796,0
0.0068665,0.016174,-0.0042758,-0.019073,2.5024,4.9783,0
-0.0061035,0.0068665,-0.0047509,-0.016937,2.5006,4.9796,-0.00030518
0.0030518,-0.0010681,-0.0047509,-0.0054932,2.5021,4.9783,-0.00030518
0.01297,-0.0035095,-0.005226,0.0039673,2.5009,4.9777,-0.00030518
0.019226,-0.0022888,-0.0042758,0.0053406,2.5015,4.978,0
0.0085449,0.00015259,-0.0033257,0.0056458,2.5015,4.9792,0.00030518
-0.0073242,0.0013733,-0.0047509,0.0021362,2.5015,4.9789,0
-0.0047302,0.0028992,-0.0033257,-0.0039673,2.5018,4.9792,0.00061035
0.023346,0.0062561,-0.0047509,-0.0048828,2.5012,4.978,0
0.036469,0.011902,-0.0042758,-0.002594,2.5006,4.978,0.00061035
0.02243,0.015717,-0.0047509,-0.002594,2.5006,4.9789,-0.00030518
0.0057983,0.014191,-0.0042758,0.0035095,2.5015,4.9786,-0.00030518
-0.0019836,0.01358,-0.0047509,0.019684,2.5012,4.9796,0
0.00015259,0.012817,-0.005226,0.027313,2.5015,4.9792,0.00030518
0.007019,0.0082397,-0.005226,0.020447,2.5015,4.9789,-0.00030518
0.0076294,0.0027466,-0.0042758,0.0085449,2.5006,4.9792,0.00030518
-0.0015259,0.00015259,-0.0042758,0.0067139,2.5009,4.9789,0.00030518
-0.0054932,0.0027466,-0.0042758,0.013428,2.5009,4.978,0
-0.005188,0.0045776,-0.005226,0.013123,2.5018,4.9777,0.00061035
-0.0091553,0,-0.0038007,0.0057983,2.5006,4.9774,0
-0.0033569,-0.0064087,-0.0042758,0.00015259,2.5018,4.9762,0
-0.00076294,-0.010834,-0.0042758,-0.0085449,2.5003,4.9765,-0.00061035
-0.014191,-0.010071,-0.0047509,-0.018311,2.5018,4.9774,0
-0.022736,-0.0064087,-0.005226,-0.013733,2.4997,4.9765,-0.00030518
-0.0015259,-0.0048828,-0.0047509,-0.0027466,2.5018,4.9762,0
0.014801,-0.0038147,-0.0038007,-0.00061035,2.5003,4.9759,0.00061035
0.0045776,0.00030518,-0.0042758,-0.0021362,2.5012,4.9756,0.00030518
-0.0057983,0.004425,-0.005226,-0.0057983,2.5021,4.9762,0.00030518
-0.0064087,0.0050354,-0.0038007,-0.015717,2.5,4.9771,0
-0.00045776,0.0010681,-0.005226,-0.028076,2.5015,4.9774,0.00030518
0.0021362,-0.0053406,-0.0047509,-0.03006,2.5015,4.9768,-0.00061035
0.0032043,-0.010529,-0.0042758,-0.021667,2.5015,4.978,0
0.0048828,-0.0065613,-0.005226,-0.014191,2.5012,4.9771,0.00030518
0.00030518,0.0015259,-0.0042758,-0.012054,2.5021,4.9777,-0.00030518
0.002594,0.0068665,-0.0042758,-0.010834,2.4997,4.9783,0.00061035
-0.0039673,0.0067139,-0.0042758,-0.010071,2.5012,4.9777,0
-0.010986,0.0048828,-0.0028506,-0.0083923,2.5003,4.9768,0.00030518
-0.010071,0.0079346,-0.0042758,-0.0071716,2.5015,4.9783,0
-0.0071716,0.016632,-0.0042758,-0.010986,2.5009,4.9786,0.00030518
-0.0033569,0.025787,-0.0042758,-0.014648,2.5015,4.9789,0
0.039063,0.031281,-0.0047509,-0.010681,2.5009,4.9786,0.00061035
0.057068,0.033417,-0.0047509,-0.010376,2.5012,4.9789,-0.00061035
0.023804,0.029602,-0.0042758,-0.019531,2.5012,4.9786,0.00030518
0.0065613,0.019379,-0.0042758,-0.03006,2.5021,4.978,0.00030518
0.021667,0.0067139,-0.0047509,-0.032806,2.5009,4.9799,0
0.014191,-0.00015259,-0.0047509,-0.028076,2.5012,4.9789,0.00030518
0.00045776,0.0027466,-0.0033257,-0.027008,2.5024,4.9783,-0.00061035
-0.0013733,0.0079346,-0.0042758,-0.030518,2.5015,4.9783,0.00030518
-0.0013733,0.013123,-0.0042758,-0.026703,2.5018,4.9789,-0.00030518
0.00091553,0.0079346,-0.0042758,-0.019684,2.5015,4.9792,-0.00091553
0.00015259,0.0013733,-0.0038007,-0.021667,2.5009,4.9789,0.00030518
0.0064087,0.013428,-0.0028506,-0.033722,2.5015,4.9796,0.00061035
0.023804,0.044556,-0.0038007,-0.041656,2.5015,4.9786,0
0.058136,0.08194,-0.0042758,-0.044861,2.5012,4.9789,0
0.04364,0.1033,-0.0038007,-0.040894,2.5009,4.9792,0.00061035
-0.0024414,0.08316,-0.0028506,-0.032654,2.5006,4.9765,0.00030518
-0.019073,0.014648,-0.0042758,-0.026245,2.5003,4.975,0
-0.0053406,-0.071716,-0.0038007,-0.025635,2.5021,4.975,0.00030518
-0.0016785,-0.14481,-0.0042758,-0.028229,2.5015,4.9741,-0.00030518
-0.0010681,-0.16846,-0.0042758,-0.028992,2.5012,4.9741,0.00061035
-0.0053406,-0.12527,-0.0042758,-0.023499,2.5009,4.9747,-0.00061035
-0.012054,-0.052643,-0.0038007,-0.020447,2.5009,4.9744,0.00030518
-0.026398,0.0024414,-0.0047509,-0.018005,2.5012,4.975,-0.00030518
-0.041504,0.025635,-0.0038007,-0.01236,2.5027,4.9744,0.00030518
-0.031586,0.023956,-0.0028506,-0.0057983,2.5015,4.9741,-0.00030518
-0.0054932,-0.0022888,-0.005226,-0.002594,2.5018,4.9759,-0.00061035
-0.0053406,-0.033264,-0.0042758,0.0016785,2.5003,4.9762,0.00030518
-0.015259,-0.036621,-0.0042758,0.0028992,2.5009,4.9762,0
-0.011749,-0.009613,-0.0047509,-0.0033569,2.5006,4.9756,0.00030518
-0.0062561,0.010376,-0.0042758,-0.011292,2.5009,4.9771,0
-0.0027466,0.0019836,-0.005701,-0.011749,2.5021,4.9786,0.00030518
-0.0082397,-0.014496,-0.0042758,-0.0067139,2.5015,4.9789,0.00030518
-0.011292,-0.01709,-0.0047509,-0.0068665,2.5009,4.9789,0.00030518
-0.0079346,-0.009613,-0.0033257,-0.0074768,2.5018,4.9792,0
0.012054,-0.0045776,-0.0038007,-0.0074768,2.5021,4.9783,0.00030518
0.011444,0.0036621,-0.0042758,-0.0050354,2.4994,4.9786,-0.00030518
0.0013733,0.020294,-0.0038007,-0.005188,2.5024,4.9783,-0.00030518
-0.0059509,0.041504,-0.0047509,-0.005188,2.5024,4.9777,0.00030518
0.0016785,0.058289,-0.0042758,-0.0067139,2.5015,4.9774,0
0.0021362,0.057068,-0.005226,-0.0068665,2.5,4.9771,-0.00030518
-0.0097656,0.047913,-0.0047509,-0.0090027,2.5015,4.9765,0.00061035
-0.009613,0.034332,-0.005226,-0.010071,2.5015,4.9765,0
0.016327,0.016632,-0.0038007,-0.0091553,2.5012,4.9765,0
0.011292,0.007019,-0.0047509,-0.011902,2.5012,4.9762,-0.00030518
0.014954,0.0088501,-0.0038007,-0.016632,2.5009,4.9768,0.00030518
0.0093079,0.012817,-0.0042758,-0.023193,2.5009,4.9774,0
0.00091553,0.019836,-0.0042758,-0.029449,2.5015,4.9756,0
-0.0047302,0.023804,-0.0042758,-0.031738,2.5012,4.9765,0
-0.0018311,0.0067139,-0.005226,-0.02594,2.5021,4.9771,-0.00061035
0.015106,-0.02533,-0.0042758,-0.023346,2.5012,4.9777,0.00030518
0.023804,-0.046539,-0.0047509,-0.027313,2.5015,4.9771,-0.00061035
0.0079346,-0.052185,-0.0047509,-0.028992,2.5009,4.9774,0
0.011749,-0.060883,-0.0038007,-0.028076,2.5006,4.9771,-0.00030518
0.062866,-0.065765,-0.0042758,-0.02594,2.5006,4.9783,0.00061035
0.069427,-0.059052,-0.0042758,-0.022736,2.5015,4.978,0
0.020599,-0.045013,-0.0042758,-0.014954,2.5,4.9786,-0.00030518
-0.021515,-0.030212,-0.005226,-0.0062561,2.5015,4.9796,-0.00030518
-0.042572,-0.017853,-0.0042758,0.00076294,2.5003,4.9792,0.00030518
-0.02243,-0.0093079,-0.0042758,0.0035095,2.5018,4.9786,0.00061035
-0.0019836,0.0028992,-0.0033257,-0.00015259,2.5003,4.9786,0
0.0068665,0.022125,-0.0042758,-0.007019,2.5015,4.9786,0.00030518
0.0085449,0.037689,-0.0047509,-0.0094604,2.5015,4.9792,0.00061035
-0.014801,0.049744,-0.005701,-0.0082397,2.5012,4.9792,0.00030518
-0.029144,0.054016,-0.0042758,-0.0064087,2.5009,4.9771,0
0.00061035,0.04425,-0.0042758,-0.005188,2.5012,4.978,-0.00030518
0.015411,0.013123,-0.0042758,-0.0033569,2.5024,4.9786,0.00030518
-0.0019836,-0.02594,-0.0047509,0,2.5009,4.978,0.00091553
-0.0056458,-0.040741,-0.0033257,-0.0019836,2.5015,4.9783,0.00030518
0.0030518,-0.032043,-0.0047509,-0.011902,2.5009,4.9796,0
0.0059509,-0.01358,-0.0038007,-0.013885,2.5021,4.9786,0.00030518
0.0030518,0.0010681,-0.005226,-0.0033569,2.5018,4.9786,0.00030518
0.0061035,0.0021362,-0.005226,-0.0033569,2.5009,4.9789,-0.00030518
0.018311,-0.0094604,-0.005226,-0.011597,2.5009,4.9796,0.00061035
0.021515,-0.024719,-0.0047509,-0.011139,2.5003,4.9789,-0.00061035
0.019073,-0.031738,-0.0047509,-0.0091553,2.5009,4.9783,-0.00030518
0.016632,-0.028076,-0.0047509,-0.0059509,2.5012,4.9799,0
0.011139,-0.021515,-0.0042758,-0.0016785,2.5009,4.9789,0.00030518
0.0061035,-0.016479,-0.0047509,0.0015259,2.5006,4.9789,0.00030518
-0.013733,-0.0086975,-0.0047509,0,2.5012,4.9789,-0.0012207
-0.019836,0.0013733,-0.0047509,0.0039673,2.5018,4.9799,0
-0.016479,0.010834,-0.0042758,0.01236,2.5012,4.9789,-0.00030518
-0.019836,0.014343,-0.0047509,0.010681,2.5018,4.9783,0.00030518
-0.015717,0.014648,-0.0038007,0.0062561,2.5003,4.9789,0
-0.014343,0.012817,-0.0038007,0.0030518,2.5009,4.978,0.00030518
-0.007782,0.014191,-0.0042758,0.0013733,2.5006,4.9789,-0.00030518
-0.01236,0.017242,-0.005226,0.0086975,2.5021,4.9783,0.00030518
-0.021667,0.021362,-0.0042758,0.023346,2.5009,4.9783,-0.00030518
-0.030212,0.034637,-0.0042758,0.028229,2.5012,4.978,0.00030518
-0.027618,0.052795,-0.0042758,0.022583,2.5012,4.9789,-0.00030518
-0.013733,0.066223,-0.0033257,0.017853,2.5015,4.9796,-0.00030518
-0.0073242,0.069122,-0.0038007,0.015869,2.5006,4.9786,0
-0.0093079,0.056763,-0.0033257,0.016174,2.5012,4.9789,0.00061035
-0.0093079,0.03067,-0.005226,0.0177,2.5009,4.9786,0
-0.021973,-0.0065613,-0.005226,0.022278,2.5018,4.978,0.00061035
-0.02243,-0.050354,-0.0047509,0.025635,2.5018,4.9783,0.00061035
-0.023041,-0.069122,-0.0042758,0.019226,2.5012,4.9728,0.00061035
-0.012207,-0.049438,-0.005226,0.011902,2.5018,4.971,0
-0.0080872,-0.021667,-0.0047509,0.012817,2.5012,4.9695,0.00091553
-0.01709,-0.020294,-0.0042758,0.015259,2.5006,4.9698,0.00030518
-0.021057,-0.039215,-0.0038007,0.01709,2.5015,4.9689,0.00030518
-0.014191,-0.044708,-0.0042758,0.019379,2.5006,4.9704,-0.00030518
-0.0038147,-0.021515,-0.0042758,0.019836,2.5012,4.9695,0
0.00061035,0.0074768,-0.005701,0.021057,2.5012,4.9707,-0.00030518
-0.0013733,0.025787,-0.0042758,0.02121,2.5009,4.9716,0.00061035
0.0080872,0.032349,-0.0042758,0.019073,2.5003,4.9704,0.00030518
0.0071716,0.033569,-0.0038007,0.014496,2.5006,4.9728,-0.00030518
-0.00061035,0.025787,-0.0042758,0.014648,2.5015,4.9734,0
-0.010834,0.0048828,-0.0042758,0.015564,2.5018,4.9731,0.00061035
-0.0079346,-0.014496,-0.0042758,0.016327,2.5015,4.9725,-0.00030518
0.002594,-0.024261,-0.0042758,0.016632,2.5024,4.9762,0.00030518
0.0071716,-0.033875,-0.0028506,0.017242,2.5018,4.9765,0.00030518
0.0039673,-0.033417,-0.0042758,0.020447,2.5009,4.978,0.00030518
0.00091553,-0.015411,-0.0047509,0.024872,2.5012,4.9789,-0.00030518
-0.014954,0.0012207,-0.0047509,0.028229,2.5015,4.9796,0
-0.011597,0.0054932,-0.0042758,0.031281,2.5003,4.9789,-0.00030518
-0.0059509,0.0062561,-0.0042758,0.027008,2.5003,4.9799,0.00091553
-0.0022888,0.0083923,-0.0042758,0.017853,2.5012,4.9796,0.00061035
-0.0057983,0.010681,-0.0047509,0.0177,2.5018,4.9792,0.00030518
-0.012054,0.015259,-0.0047509,0.028534,2.5015,4.9786,0.00061035
-0.015717,0.027466,-0.0047509,0.040741,2.5018,4.9792,-0.00030518
-0.019226,0.037231,-0.0042758,0.046234,2.5009,4.9789,0
-0.019989,0.035706,-0.0042758,0.037689,2.5015,4.9796,-0.00030518
0.0061035,0.022278,-0.0038007,0.02121,2.5006,4.9783,-0.00030518
0.040588,0.00061035,-0.005226,0.016479,2.5015,4.9774,0
0.035706,-0.024719,-0.0042758,0.021515,2.5009,4.978,0.00061035
-0.0065613,-0.037231,-0.0047509,0.028534,2.5015,4.978,-0.00030518
-0.021515,-0.021515,-0.0038007,0.035706,2.5021,4.9783,-0.00030518
-0.015564,0.010529,-0.0042758,0.037079,2.5006,4.9789,0
-0.0030518,0.031891,-0.005701,0.033569,2.5006,4.9796,-0.00061035
-0.012817,0.036316,-0.0038007,0.028839,2.5009,4.9796,0.00030518
-0.019531,0.027924,-0.0042758,0.019989,2.5009,4.9786,0
-0.01358,0.015564,-0.0038007,0.01236,2.5009,4.9799,0.00030518
-0.011902,0.0083923,-0.0047509,0.010071,2.5024,4.9783,-0.00061035
-0.02182,0.014801,-0.0042758,0.018463,2.5003,4.9789,0
-0.0073242,0.024109,-0.0042758,0.029755,2.5006,4.9789,0.00030518
-0.0099182,0.022278,-0.0047509,0.028839,2.5003,4.9789,0
-0.018463,0.0053406,-0.0042758,0.02182,2.5015,4.9789,0
-0.016327,-0.023804,-0.0042758,0.01297,2.5009,4.9796,0
-0.01358,-0.054932,-0.0047509,0.010681,2.5021,4.9792,0.00030518
-0.019836,-0.053101,-0.0038007,0.012817,2.5021,4.9783,-0.00030518
-0.01297,-0.0048828,-0.0038007,0.015869,2.5015,4.9786,0.00030518
0.0054932,0.053406,-0.005701,0.018616,2.5018,4.9796,0.00030518
0.015259,0.081024,-0.0038007,0.019989,2.5018,4.9792,0.00061035
0.013733,0.062866,-0.005226,0.017242,2.5015,4.9777,0
0.014191,0.016785,-0.005226,0.018463,2.5012,4.9786,0.00091553
0.0064087,-0.02594,-0.0038007,0.021362,2.5012,4.9799,0
-0.0067139,-0.052032,-0.0042758,0.016479,2.5009,4.9789,0.00061035
-0.0064087,-0.055389,-0.0047509,0.0050354,2.5009,4.9786,0
-0.0080872,-0.04837,-0.0038007,-0.0033569,2.5015,4.9783,0.00061035
-0.019836,-0.045776,-0.005226,-0.0015259,2.5006,4.9783,-0.00030518
-0.02182,-0.037231,-0.0042758,0.011902,2.5003,4.9777,0.00061035
-0.027466,-0.018311,-0.0038007,0.022583,2.5018,4.9771,-0.00030518
-0.025024,-0.0041199,-0.0042758,0.022125,2.5006,4.9762,-0.00030518
-0.019989,-0.002594,-0.0047509,0.0177,2.5018,4.9765,0.00030518
-0.02121,-0.0067139,-0.0042758,0.020294,2.5012,4.9762,-0.00091553
-0.023346,-0.012054,-0.0033257,0.022888,2.5009,4.9768,0.00030518
-0.0177,-0.01358,-0.0047509,0.016022,2.5009,4.9768,0
-0.022583,-0.010529,-0.0033257,0.0053406,2.5021,4.9765,-0.00091553
-0.030975,-0.0067139,-0.0042758,0.0045776,2.5009,4.9756,0.00030518
-0.033112,-0.0054932,-0.0042758,0.016327,2.5012,4.9777,0.00030518
-0.015259,-0.0054932,-0.0047509,0.026245,2.5009,4.9762,0.00030518
-0.011749,-0.0039673,-0.0047509,0.027466,2.5012,4.9777,0
-0.020905,-0.0032043,-0.0047509,0.02594,2.5009,4.9774,0.00030518
-0.011597,-0.0032043,-0.005226,0.020294,2.5015,4.9777,0
0.012512,-0.0032043,-0.0038007,0.012207,2.5015,4.9771,0.00061035
0.013123,-0.0027466,-0.0042758,0.013123,2.5012,4.9777,0.00030518
0.009613,-0.00091553,-0.0042758,0.017242,2.5009,4.9777,0
0.007782,0,-0.0042758,0.019073,2.5012,4.978,-0.00030518
0.0013733,-0.00045776,-0.0038007,0.021667,2.5015,4.9789,0
-0.0041199,-0.0016785,-0.0038007,0.027618,2.5021,4.9792,-0.00061035
-0.0083923,-0.0050354,-0.0042758,0.028839,2.5012,4.9796,-0.00061035
-0.0097656,-0.0099182,-0.0042758,0.028534,2.5015,4.9789,0.00091553
0.0027466,-0.0097656,-0.0028506,0.025635,2.5015,4.9786,0
-0.007019,-0.0050354,-0.0047509,0.024261,2.5015,4.9789,0
-0.014343,0.0028992,-0.005226,0.024109,2.5,4.9789,0.00061035
-0.0062561,0.011292,-0.0042758,0.021057,2.5015,4.975,-0.00061035
-0.0056458,0.014191,-0.0047509,0.013885,2.5015,4.9747,0
-0.0028992,0.013275,-0.0047509,0.0047302,2.5018,4.9747,0
0.0033569,0.010986,-0.005701,0.0047302,2.5015,4.9741,0
-0.012665,-0.00015259,-0.0047509,0.010986,2.5012,4.9741,0.00091553
-0.021057,-0.017242,-0.0042758,0.017395,2.5009,4.9747,-0.00030518
-0.018158,-0.016785,-0.005226,0.022278,2.5018,4.9747,0
-0.0032043,-0.00045776,-0.0047509,0.021973,2.5006,4.9753,0.00030518
0.010071,0.0074768,-0.0047509,0.019531,2.5015,4.9744,-0.00030518
0.02121,0.0041199,-0.005226,0.016022,2.5009,4.9753,-0.00091553
0.016327,0.0048828,-0.0042758,0.013428,2.5003,4.9756,-0.00030518
-0.0028992,0.011749,-0.0042758,0.015259,2.5012,4.9765,0
-0.0177,0.016785,-0.0038007,0.017853,2.5018,4.9759,0.00030518
-0.010834,0.024414,-0.005226,0.020142,2.5021,4.9753,0.00030518
-0.0082397,0.022736,-0.0042758,0.02121,2.5021,4.9777,0.00030518
-0.015106,0.011292,-0.005226,0.03067,2.5015,4.9789,0
0.016479,0.019073,-0.0042758,0.039825,2.5009,4.9783,0
0.081787,0.046539,-0.0042758,0.036926,2.5018,4.9786,0.00030518
0.038147,0.069275,-0.005226,0.027618,2.5009,4.9783,0
-0.036163,0.074768,-0.0047509,0.02533,2.5012,4.9796,-0.00061035
-0.045624,0.064392,-0.0047509,0.021973,2.5021,4.9799,0
-0.027313,0.031891,-0.0047509,0.016022,2.5012,4.9792,0.00061035
-0.010681,-0.014496,-0.0042758,0.010223,2.5012,4.9789,0
0,-0.044861,-0.0038007,0.0094604,2.5018,4.9789,0
-0.015411,-0.046997,-0.0047509,0.013123,2.5018,4.9789,0.00030518
-0.040436,-0.040588,-0.0042758,0.018921,2.5012,4.9792,0.00030518
-0.050964,-0.041351,-0.0042758,0.028687,2.5018,4.9783,0
-0.05722,-0.035553,-0.0042758,0.031281,2.5012,4.9792,0
-0.049591,-0.01709,-0.0047509,0.024261,2.5009,4.978,0
-0.026245,0.0028992,-0.0042758,0.015564,2.5009,4.9774,0.00030518
-0.014801,0.014038,-0.005226,0.010834,2.5009,4.9774,0.00030518
-0.0071716,0.012207,-0.0042758,0.0091553,2.5012,4.9774,-0.00030518
-0.0041199,0.0036621,-0.005226,0.0093079,2.5012,4.9783,0
-0.015411,-0.0061035,-0.0042758,0.0082397,2.5015,4.9789,0
-0.018005,-0.0056458,-0.0038007,0.0035095,2.5015,4.9796,0
-0.013275,0.0047302,-0.0042758,0.007019,2.5012,4.9786,0.00030518
-0.0059509,0.016479,-0.0042758,0.01709,2.5015,4.9789,0.00061035
-0.0050354,0.028381,-0.0042758,0.013885,2.5018,4.9789,0.00030518
-0.00015259,0.042267,-0.0047509,0.0027466,2.5012,4.9796,0
0.007019,0.047455,-0.0047509,0.0050354,2.5015,4.9783,0
-0.005188,0.036011,-0.0047509,0.015717,2.5006,4.9786,0
-0.0097656,0.019684,-0.0038007,0.019989,2.5021,4.9792,0.00061035
0.011292,-0.0013733,-0.0042758,0.01358,2.5003,4.9786,0
0.028076,-0.028229,-0.0047509,0.010986,2.5012,4.9786,-0.00030518
0.0080872,-0.036469,-0.0042758,0.012207,2.5009,4.9783,0.00091553
-0.005188,-0.012207,-0.0047509,0.010223,2.5018,4.9774,-0.00061035
-0.0061035,0.014801,-0.0038007,0.009613,2.5003,4.9771,0.00030518
-0.0079346,0.016022,-0.0042758,0.010834,2.5006,4.9774,0.00030518
-0.02121,-0.0035095,-0.0047509,0.0073242,2.5012,4.9762,0
-0.014648,-0.025787,-0.0042758,0.0027466,2.5009,4.9759,0.00030518
-0.0047302,-0.050812,-0.0038007,0.0033569,2.5012,4.9759,-0.00030518
-0.0099182,-0.067596,-0.0028506,0.0033569,2.5021,4.9759,-0.00030518
-0.012665,-0.058136,-0.0047509,0.00061035,2.5021,4.9762,0.00030518
-0.0090027,-0.039825,-0.0038007,-0.0041199,2.5015,4.9762,0
-0.0061035,-0.030975,-0.0038007,-0.0065613,2.5021,4.9771,-0.00030518
-0.005188,-0.021667,-0.0042758,-0.0085449,2.5015,4.9771,-0.00030518
0.0022888,-0.0033569,-0.0042758,-0.010681,2.5012,4.978,0
0.0076294,0.011749,-0.0042758,-0.0079346,2.5006,4.9771,0.00061035
0.0038147,0.02243,-0.0033257,-0.00045776,2.5018,4.9771,0.00061035
0.026245,0.030823,-0.0042758,0.010071,2.5009,4.9768,0.00030518
0.033264,0.028381,-0.0047509,0.015869,2.5012,4.9783,0.00030518
0.021667,0.017242,-0.0047509,0.014954,2.5003,4.9774,0.00030518
0.0085449,-0.00061035,-0.0042758,0.013275,2.5018,4.9783,-0.00030518
0.01297,-0.027008,-0.0042758,0.015259,2.5015,4.9799,-0.00030518
0.013733,-0.046082,-0.0042758,0.015106,2.5015,4.9789,0.00061035
0.0062561,-0.034485,-0.0042758,0.0097656,2.5012,4.9789,0
0.023804,-0.007782,-0.0047509,0.0076294,2.5015,4.9792,0
0.035706,0.0073242,-0.0042758,0.0062561,2.5015,4.9786,0
0.015717,0.012512,-0.0047509,0.0039673,2.5018,4.978,-0.00030518
0.0099182,0.019531,-0.0047509,0.0028992,2.5012,4.9789,0.00030518
0.014191,0.026398,-0.0038007,0.005188,2.5021,4.9783,0
0.011749,0.02594,-0.0028506,0.0054932,2.5012,4.9786,0
0.01297,0.016632,-0.0047509,0.009613,2.5015,4.9789,0.00030518
0.012207,0.00045776,-0.005226,0.012207,2.5003,4.9786,0.00061035
0.0073242,-0.0090027,-0.0042758,0.0080872,2.5006,4.9789,0.00030518
0.004425,-0.011139,-0.005226,0.0022888,2.5012,4.9799,-0.00030518
0.010834,-0.014191,-0.0042758,-0.0021362,2.5027,4.9792,0.00061035
0.017242,-0.0086975,-0.0042758,-0.0056458,2.5012,4.9792,0
0.012817,0.010071,-0.0038007,-0.0027466,2.5006,4.9802,0
0.013733,0.030518,-0.0047509,0.004425,2.5015,4.9789,0
0.0079346,0.046234,-0.0047509,0.0039673,2.5018,4.9759,0
0.011139,0.052338,-0.0047509,0,2.5018,4.9747,-0.00030518
0.018463,0.03952,-0.0047509,0.00015259,2.5012,4.9744,0
0.024872,0.0068665,-0.0047509,0.0028992,2.5009,4.9738,0.00030518
0.017548,-0.028229,-0.0038007,0.0042725,2.5015,4.975,-0.00030518
-0.0010681,-0.038452,-0.0038007,0.0064087,2.5012,4.975,-0.00030518
-0.0080872,-0.025024,-0.0038007,0.0073242,2.5009,4.9744,0
-0.0019836,-0.0056458,-0.0042758,0.0016785,2.5009,4.9753,0.00030518
-0.0061035,0.010071,-0.0047509,-0.011749,2.5012,4.9738,0.00061035
-0.0085449,0.019684,-0.0033257,-0.022278,2.5012,4.9753,0
-0.0062561,0.023346,-0.0038007,-0.021667,2.5018,4.975,0.00030518
0.002594,0.030823,-0.0047509,-0.019531,2.5012,4.9765,0
0.011292,0.036774,-0.005701,-0.014496,2.5012,4.9765,0
0.009613,0.030365,-0.0042758,-0.0091553,2.5009,4.9765,-0.00030518
0.0032043,0.026093,-0.0042758,-0.0091553,2.5012,4.9774,0.00030518
0.0074768,0.034027,-0.0047509,-0.0088501,2.5018,4.9789,0.00061035
0.012665,0.044403,-0.0042758,-0.005188,2.5009,4.9789,-0.00030518
0.013275,0.040131,-0.0038007,-0.0035095,2.5012,4.978,0.00061035
0.004425,0.021973,-0.0042758,-0.0056458,2.5009,4.9786,0.00030518
0.0013733,0.007782,-0.0047509,-0.012665,2.5012,4.9783,0.00030518
0.0033569,0.0030518,-0.0033257,-0.015717,2.5012,4.9774,0.00030518
0.0074768,-0.00045776,-0.0038007,-0.0057983,2.5012,4.9774,0.00030518
0.0013733,-0.013885,-0.0047509,0.011444,2.5012,4.9768,-0.00061035
-0.0068665,-0.045013,-0.0047509,0.020142,2.5006,4.9768,0.00030518
-0.0093079,-0.072632,-0.0042758,0.019684,2.5018,4.9768,-0.00030518
-0.0093079,-0.072327,-0.0033257,0.014648,2.5015,4.9759,0.00091553
-0.0091553,-0.054321,-0.0047509,0.014038,2.5003,4.9765,-0.00030518
-0.0083923,-0.029144,-0.0038007,0.022278,2.5021,4.9762,-0.00030518
-0.0090027,-0.0076294,-0.0042758,0.026855,2.5012,4.9762,0
-0.0016785,-0.0061035,-0.0047509,0.021973,2.5012,4.9762,0.00061035
0.0010681,-0.014496,-0.0042758,0.018616,2.5015,4.9774,0
-0.0016785,-0.012054,-0.0047509,0.024872,2.5015,4.9768,-0.00030518
0.0045776,-0.005188,-0.0042758,0.028839,2.5012,4.9765,-0.00061035
0.018005,-0.010834,-0.0038007,0.026398,2.5009,4.9771,0
0.027924,-0.029297,-0.0038007,0.017395,2.5009,4.9774,0
0.030365,-0.045929,-0.0033257,0.0082397,2.5015,4.9774,0
0.023651,-0.050507,-0.0047509,0.0030518,2.5003,4.9786,-0.00061035
0.019836,-0.044556,-0.0042758,-0.00061035,2.5015,4.9774,0.00061035
0.01709,-0.031128,-0.0042758,-0.0048828,2.5009,4.9783,0.00030518
0.017853,-0.018311,-0.0042758,-0.0047302,2.5012,4.9792,0
0.015564,-0.010834,-0.0042758,0.00015259,2.5012,4.9799,-0.00030518
0.019836,-0.0086975,-0.0042758,0.0076294,2.5015,4.9786,0.00030518
0.023041,-0.007019,-0.0038007,0.014954,2.5012,4.9792,0.00061035
0.021515,-0.0045776,-0.0042758,0.016174,2.5018,4.9792,0
0.022125,-0.0010681,-0.0042758,0.014191,2.5009,4.9789,0.00030518
0.020752,0.0021362,-0.0047509,0.015106,2.5012,4.9786,0
0.012665,0.00061035,-0.0038007,0.013733,2.5015,4.9789,0.00030518
0.0038147,-0.0024414,-0.0038007,0.0099182,2.5012,4.9799,0.00061035
0.010376,-0.0041199,-0.0033257,0.0062561,2.5015,4.9789,0
0.014648,-0.005188,-0.005226,0.0064087,2.5009,4.9786,0.00030518
-0.019989,0.0012207,-0.0042758,0.0057983,2.5012,4.9786,-0.00030518
-0.042725,0.014648,-0.005226,0.0013733,2.5009,4.9786,0.00030518
-0.033569,0.022736,-0.0042758,-0.00030518,2.5018,4.9786,0
-0.013733,0.024719,-0.005226,-0.002594,2.5009,4.9789,0.00030518
0.0013733,0.02655,-0.0042758,-0.0062561,2.5015,4.9786,0.00061035
0.00091553,0.025482,-0.0042758,-0.0073242,2.5006,4.978,0.00030518
-0.0032043,0.025635,-0.0042758,0.0039673,2.5012,4.9783,0
-0.00045776,0.026245,-0.0047509,0.019073,2.5006,4.9777,-0.00061035
0.0013733,0.020447,-0.0042758,0.018768,2.5015,4.978,0
0.011444,0.0064087,-0.0047509,0.017853,2.5018,4.9774,-0.00030518
0.0068665,-0.012054,-0.0042758,0.026855,2.5018,4.9789,0.00030518
-0.0045776,-0.023804,-0.005701,0.03418,2.5,4.9786,0.00030518
-0.011292,-0.014191,-0.0047509,0.030365,2.5015,4.9792,0
-0.013733,0.0028992,-0.0038007,0.022583,2.5018,4.9786,0
-0.014496,0.016327,-0.0042758,0.018158,2.5021,4.9789,-0.00061035
-0.015564,0.027466,-0.005226,0.014191,2.5018,4.9786,0.00091553
-0.013275,0.042267,-0.0042758,0.0061035,2.5018,4.9799,-0.00061035
-0.011444,0.058594,-0.005226,-0.0057983,2.5012,4.9789,0.00030518
-0.012665,0.071869,-0.005226,-0.013428,2.5012,4.9786,0
-0.0036621,0.079193,-0.0038007,-0.010529,2.5,4.9792,0
0.0016785,0.078278,-0.005226,-0.00076294,2.5015,4.9783,-0.00061035
-0.0033569,0.055389,-0.0042758,0.0053406,2.5015,4.9786,0.00030518
-0.012207,0.010376,-0.0047509,0.0068665,2.5009,4.9796,0.00030518
-0.011902,-0.035706,-0.0042758,0.00091553,2.5018,4.9789,0.00061035
-0.0065613,-0.058441,-0.0038007,-0.0083923,2.5009,4.9786,0
-0.00091553,-0.061646,-0.005226,-0.013275,2.5015,4.9796,0.00030518
0.0053406,-0.059052,-0.0042758,-0.016327,2.5018,4.9786,-0.00030518
0.0068665,-0.041199,-0.0047509,-0.015717,2.5012,4.9783,0.00030518
0.0067139,-0.016479,-0.0042758,-0.015259,2.5015,4.9774,-0.00030518
0.016327,-0.012665,-0.0042758,-0.020905,2.5015,4.9759,0
0.020752,-0.027924,-0.0042758,-0.020752,2.5006,4.9728,-0.00030518
0.015259,-0.03067,-0.0038007,-0.012817,2.5015,4.9707,0.00061035
0.011444,-0.016327,-0.0038007,-0.010223,2.5012,4.9698,-0.00030518
0.0050354,-0.002594,-0.0042758,-0.015259,2.5012,4.9701,0.00091553
-0.0024414,0.0065613,-0.005701,-0.019684,2.5009,4.9704,0.00030518
-0.0076294,0.018921,-0.0038007,-0.018311,2.5012,4.9698,0.00030518
-0.0067139,0.028839,-0.005226,-0.014191,2.5018,4.9707,0.00030518
-0.0036621,0.030365,-0.0038007,-0.0086975,2.5015,4.9713,-0.00030518
-0.0097656,0.015564,-0.0042758,-0.0022888,2.5006,4.9722,0.00030518
-0.012207,-0.005188,-0.0038007,0.0035095,2.5018,4.9722,-0.00030518
-0.014801,-0.014343,-0.0047509,0.0045776,2.5,4.9734,0.00030518
-0.018616,-0.0073242,-0.0047509,0.0048828,2.5021,4.9722,-0.00030518
-0.014191,0.010071,-0.0042758,0.0048828,2.5024,4.9744,0
-0.0013733,0.023041,-0.0042758,0.0010681,2.5006,4.9747,-0.00030518
0.0036621,0.024109,-0.0042758,-0.0010681,2.5009,4.9762,0.00091553
0.0016785,0.021362,-0.0038007,0.0033569,2.5012,4.9786,-0.00030518
0.00061035,0.018005,-0.0042758,0.011444,2.5006,4.9792,-0.00030518
-0.0019836,0.018158,-0.0038007,0.0099182,2.5015,4.9792,0.00061035
-0.0086975,0.010529,-0.0042758,0.0067139,2.5012,4.9789,-0.00030518
0.00030518,-0.0086975,-0.0042758,0.0053406,2.5006,4.9811,0.00091553
0.0016785,-0.032959,-0.005226,0.0016785,2.5003,4.9799,-0.00061035
-0.0050354,-0.043793,-0.0033257,0.00030518,2.5012,4.9789,0.00061035
-0.0045776,-0.040283,-0.005226,0.0018311,2.5015,4.9789,0.00030518
0.0012207,-0.034943,-0.0047509,-0.0013733,2.5021,4.9789,0.00061035
0.005188,-0.035248,-0.0033257,-0.0033569,2.5015,4.9786,0.00030518
0.0047302,-0.030975,-0.005701,0.0067139,2.5012,4.9792,0.00030518
0.00076294,-0.017242,-0.005226,0.013123,2.5018,4.9783,0.00030518
0.0022888,-0.0047302,-0.0047509,0.0050354,2.5024,4.9792,0.00030518
0.015717,-0.0015259,-0.0042758,-0.00061035,2.5006,4.9783,-0.00030518
0.049896,-0.0083923,-0.0038007,0,2.5009,4.9789,-0.00061035
0.016022,-0.014648,-0.0033257,-0.00045776,2.5015,4.9792,-0.00061035
-0.023193,-0.016174,-0.005226,-0.002594,2.5018,4.978,0.00030518
-0.018311,-0.0039673,-0.005701,-0.0059509,2.5009,4.9789,0
0.0035095,0.015106,-0.0038007,-0.0059509,2.5006,4.9792,-0.00030518
0.015564,0.022583,-0.0047509,0.0012207,2.5018,4.9783,0.00061035
0.014801,0.012665,-0.0038007,0.0085449,2.5009,4.9789,-0.00030518
0.0090027,0.007019,-0.0047509,0.0050354,2.5018,4.9792,0
0.0065613,0.013428,-0.0047509,0.004425,2.5009,4.9792,0
0.0028992,0.025177,-0.0047509,0.010681,2.5015,4.9789,-0.00030518
0.0047302,0.034332,-0.0042758,0.014801,2.5006,4.9789,-0.00061035
0.0024414,0.026398,-0.0028506,0.017242,2.5009,4.9796,0.00030518
0.00030518,-0.0059509,-0.0028506,0.017548,2.5009,4.9792,0.00061035
0,-0.039825,-0.0038007,0.014191,2.5021,4.9796,0.00030518
0.0045776,-0.045166,-0.0047509,0.01297,2.5012,4.9802,0.00030518
0.0054932,-0.029297,-0.0038007,0.0083923,2.5012,4.9786,0.00061035
-0.0038147,-0.0093079,-0.0038007,0.0050354,2.5003,4.9792,0.00030518
-0.013123,0.015259,-0.005226,0.011139,2.5009,4.9796,0.00030518
-0.0082397,0.032196,-0.005226,0.023041,2.5012,4.9792,0.00061035
-0.0090027,0.029907,-0.0042758,0.03006,2.5009,4.978,-0.00061035
0.007782,0.016479,-0.0042758,0.025635,2.5018,4.9789,0.00030518
0.041046,-0.0030518,-0.0042758,0.017548,2.5015,4.9786,0.00030518
0.031433,-0.019989,-0.0038007,0.0091553,2.5009,4.9786,-0.00030518
0.0048828,-0.018768,-0.0047509,0.0022888,2.5015,4.978,0
-0.021515,-0.0015259,-0.0042758,-0.00091553,2.5006,4.9768,0
-0.029449,0.014191,-0.0033257,0.00091553,2.5006,4.9771,0.00030518
-0.014648,0.019073,-0.0047509,0.0038147,2.5021,4.9765,0.00030518
0.0042725,0.023651,-0.0047509,0.0021362,2.5027,4.9771,0.00030518
0.0064087,0.039978,-0.0033257,0.0042725,2.5012,4.9762,0
-0.010223,0.058899,-0.0038007,0.0085449,2.5009,4.9765,0.00030518
0.01709,0.066833,-0.0042758,0.0083923,2.5012,4.9756,0.00030518
0.018616,0.059814,-0.0047509,0.011597,2.5006,4.9777,-0.00061035
-0.01358,0.033264,-0.0047509,0.018311,2.5021,4.9759,0
-0.02533,-0.011749,-0.0042758,0.020447,2.5015,4.9765,0.00030518
-0.018921,-0.039368,-0.0042758,0.0177,2.5003,4.9765,0.00061035
-0.023346,-0.02121,-0.0042758,0.015259,2.5012,4.9771,0.00030518
-0.031891,0.019379,-0.0038007,0.011749,2.5015,4.9774,0
-0.024414,0.04425,-0.0033257,0.0059509,2.5015,4.9771,0.00030518
-0.01358,0.037079,-0.0033257,0.0065613,2.5015,4.9771,0.00030518
-0.011902,0.0039673,-0.0047509,0.013428,2.5015,4.9771,0
-0.0019836,-0.035858,-0.0042758,0.0177,2.5015,4.9783,0.00061035
-0.011444,-0.059052,-0.0042758,0.015717,2.5018,4.9777,-0.00030518
-0.011292,-0.055237,-0.0042758,0.019989,2.5015,4.9796,0
-0.0041199,-0.032501,-0.0047509,0.028534,2.5009,4.9789,0.00030518
-0.009613,-0.011902,-0.0038007,0.028381,2.5015,4.9786,0.00061035
-0.018311,0.0045776,-0.0047509,0.020752,2.5015,4.9792,0.00030518
-0.015259,0.016632,-0.0028506,0.010681,2.5018,4.9783,0.00030518
-0.015106,0.018311,-0.0042758,0.0091553,2.5009,4.978,0.00061035
-0.019989,0.0093079,-0.0028506,0.011749,2.5006,4.9786,0.00030518
-0.029755,-0.0019836,-0.0047509,0.012817,2.5012,4.9789,0.00030518
-0.017548,-0.016632,-0.0033257,0.016632,2.5015,4.9802,-0.00030518
-0.0033569,-0.013885,-0.0047509,0.024719,2.5018,4.9756,0.00030518
0.0036621,0.010376,-0.0033257,0.027771,2.5021,4.9747,0
0.029449,0.035858,-0.0038007,0.016785,2.5009,4.9741,-0.00030518
0.033417,0.046539,-0.005226,0.00015259,2.5015,4.9725,0.00030518
-0.0097656,0.039368,-0.0042758,-0.0067139,2.5021,4.9728,0.00061035
-0.048065,0.025482,-0.0042758,-0.0032043,2.5024,4.9731,-0.00030518
-0.042114,0.011597,-0.0047509,-0.00045776,2.5012,4.9744,0
-0.0085449,-0.0054932,-0.0033257,0.0033569,2.5018,4.9744,0.00030518
0.0093079,-0.016479,-0.0042758,0.0068665,2.5012,4.9744,0.00030518
0.017395,-0.015411,-0.0038007,0.00076294,2.5009,4.9741,0.00030518
0.0074768,-0.0057983,-0.0047509,-0.0041199,2.5003,4.9759,0.00030518
-0.013275,0.0067139,-0.005226,-0.0022888,2.5018,4.975,-0.00030518
-0.029755,0.021667,-0.0047509,-0.00045776,2.5018,4.9762,0
-0.013733,0.024719,-0.0042758,0.0019836,2.5012,4.9765,0.00030518
0.0082397,0.0042725,-0.005226,0.0056458,2.5012,4.978,0
0.014954,-0.026398,-0.0028506,0.010223,2.5015,4.9777,-0.00030518
0.0048828,-0.046082,-0.0033257,0.014801,2.5003,4.9783,0.00030518
-0.014343,-0.05127,-0.0038007,0.023346,2.5015,4.9786,0
-0.019989,-0.045471,-0.0038007,0.022125,2.5012,4.9792,0.00030518
-0.0024414,-0.034332,-0.0042758,0.011292,2.5027,4.9796,0
0.0057983,-0.020294,-0.0047509,0.0080872,2.5018,4.9792,0.00030518
0.0071716,-0.01358,-0.0042758,0.011749,2.5009,4.9789,0
0.0059509,-0.011597,-0.0042758,0.010223,2.5018,4.9792,-0.00061035
0.0036621,-0.007019,-0.0042758,0.0094604,2.5009,4.9789,0.00030518
-0.0067139,-0.0048828,-0.0047509,0.0090027,2.5012,4.9792,0.00061035
-0.011139,-0.0053406,-0.0042758,0.007019,2.5015,4.9789,-0.00030518
-0.016327,-0.0068665,-0.0033257,0.0042725,2.5009,4.9786,0
-0.026093,-0.005188,-0.0047509,0.0064087,2.5012,4.9783,0
-0.010681,0.0033569,-0.0042758,0.012665,2.5021,4.9774,0
0.0065613,0.0083923,-0.0038007,0.013885,2.5015,4.9789,0
-0.010986,0.0021362,-0.0038007,0.013275,2.5015,4.9792,0.0012207
-0.029144,-0.0057983,-0.0047509,0.015869,2.5006,4.978,-0.00030518
-0.026398,-0.0036621,-0.0038007,0.012207,2.5018,4.9783,-0.00030518
-0.016022,0.018768,-0.0038007,0.0045776,2.5009,4.9796,-0.00061035
-0.0097656,0.043335,-0.0042758,-0.0015259,2.5015,4.9796,0
-0.010223,0.051727,-0.0038007,-0.0097656,2.5003,4.9786,-0.00030518
-0.0048828,0.042114,-0.0047509,-0.014343,2.5018,4.9786,-0.00061035
0.0024414,0.02243,-0.0042758,-0.013885,2.5003,4.9792,0
0.0015259,0.0080872,-0.0047509,-0.012207,2.5024,4.9786,0
0.0064087,0.013123,-0.0042758,-0.014496,2.5012,4.978,-0.00030518
0.0056458,0.02243,-0.0042758,-0.017853,2.5003,4.9792,0.00030518
0.0042725,0.021973,-0.005226,-0.01709,2.5009,4.9789,-0.00030518
0.014343,0.015259,-0.0047509,-0.011902,2.5015,4.9792,0.00030518
0.0091553,0.010529,-0.0033257,-0.0028992,2.5009,4.9786,-0.00061035
-0.0053406,0.014038,-0.005226,0.0061035,2.5012,4.9792,0
-0.0177,0.020905,-0.0042758,0.0035095,2.5012,4.9786,0.00030518
-0.015869,0.014648,-0.0042758,-0.0082397,2.5006,4.9789,-0.00030518
-0.0088501,-0.019379,-0.005226,-0.010529,2.5012,4.9786,0.00061035
-0.0090027,-0.059357,-0.0042758,-0.0038147,2.5009,4.9777,-0.00030518
-0.00076294,-0.07782,-0.0042758,-0.0067139,2.5012,4.9783,0.00030518
0.0035095,-0.071106,-0.0033257,-0.018311,2.5024,4.9783,-0.00030518
0.0024414,-0.047302,-0.0047509,-0.022278,2.5012,4.9786,-0.00030518
0.0035095,-0.023041,-0.0042758,-0.015259,2.5018,4.9789,0.00030518
0.0028992,-0.0094604,-0.0042758,-0.0057983,2.5009,4.9789,-0.00030518
-0.0024414,-0.0093079,-0.0047509,-0.0032043,2.5003,4.9789,-0.00061035
-0.01236,-0.014343,-0.005226,-0.0028992,2.5018,4.9783,0.00030518
-0.0056458,-0.01358,-0.0047509,-0.0045776,2.5009,4.9796,-0.00091553
0.0088501,-0.0054932,-0.0038007,-0.012207,2.5018,4.9786,-0.00030518
0.012512,-0.0068665,-0.0047509,-0.018768,2.5012,4.9796,0.00030518
0.016174,-0.026245,-0.0042758,-0.016174,2.5009,4.9796,0.00061035
0.0056458,-0.04364,-0.0042758,-0.0099182,2.5012,4.9792,0
-0.030365,-0.052948,-0.0047509,-0.0022888,2.5015,4.9789,0
-0.039978,-0.057526,-0.0033257,-0.00076294,2.5015,4.9792,-0.00061035
-0.02121,-0.053558,-0.0042758,-0.0045776,2.5006,4.9783,-0.00061035
-0.011292,-0.033417,-0.0047509,-0.011902,2.5015,4.9786,0.00061035
0.0021362,-0.0091553,-0.0042758,-0.015259,2.5009,4.9789,0
0.018005,0.017242,-0.0033257,-0.013123,2.5015,4.9786,0.00030518
0.03418,0.039978,-0.0047509,-0.012665,2.5009,4.9792,0.00030518
0.053253,0.051727,-0.0028506,-0.010986,2.5015,4.9774,0.00061035
0.066681,0.053711,-0.0028506,-0.002594,2.5009,4.9796,0.00030518
0.024261,0.056763,-0.0047509,0.002594,2.5012,4.9783,-0.00030518
-0.004425,0.060425,-0.0042758,0.0065613,2.5018,4.9783,-0.00030518
-0.0028992,0.060425,-0.0042758,0.012054,2.5012,4.9786,0.00030518
-0.0032043,0.059814,-0.0047509,0.015411,2.5009,4.9792,0.00061035
-0.0090027,0.054321,-0.0042758,0.0091553,2.5006,4.9789,-0.00030518
-0.004425,0.037079,-0.0042758,0.00091553,2.5006,4.9786,0.00061035
0.0015259,0.018005,-0.0033257,-0.0065613,2.5012,4.9792,0.00030518
0.0074768,0.021667,-0.0042758,-0.013275,2.5024,4.9783,0
0.0030518,0.048523,-0.0047509,-0.013123,2.5012,4.9783,0.00030518
0.0059509,0.061188,-0.0042758,-0.0083923,2.5006,4.9792,-0.00091553
0.0013733,0.053253,-0.0042758,-0.007019,2.5024,4.975,0.00030518
-0.0071716,0.044556,-0.005226,-0.004425,2.5009,4.9756,-0.00030518
-0.007019,0.032349,-0.0033257,-0.0054932,2.5021,4.9741,0.00030518
-0.0021362,0.007782,-0.0042758,-0.0097656,2.5018,4.9747,-0.00030518
0.0015259,-0.015259,-0.0047509,-0.014191,2.5003,4.9744,-0.00061035
0.0016785,-0.020752,-0.0042758,-0.01236,2.5012,4.9759,0.00061035
-0.0022888,-0.013123,-0.0047509,-0.0019836,2.5009,4.975,0.00030518
-0.002594,-0.010681,-0.0047509,0.0074768,2.5018,4.9744,0
-0.0012207,-0.010834,-0.0042758,0.010376,2.5009,4.9741,-0.00061035
0.0033569,-0.0024414,-0.0047509,0.0086975,2.5012,4.9759,-0.00061035
-0.00030518,0.014954,-0.0038007,0.0083923,2.5015,4.9762,0.00061035
-0.0041199,0.029297,-0.0038007,0.0073242,2.5006,4.9756,-0.00030518
-0.0018311,0.022125,-0.0047509,0.0068665,2.5009,4.9762,-0.00061035
0.0019836,-0.0035095,-0.0042758,0.0067139,2.5018,4.9762,0
0.0073242,-0.029907,-0.0042758,0.0050354,2.5021,4.9783,0
0.014191,-0.047302,-0.0047509,0.0033569,2.5009,4.9786,0
0.016632,-0.047913,-0.0038007,-0.0036621,2.5021,4.9786,0.00061035
0.016785,-0.032654,-0.0042758,-0.011139,2.5009,4.9789,0.00061035
0.037079,-0.013123,-0.0038007,-0.0088501,2.5015,4.9783,0
0.076447,0.007019,-0.0042758,0.002594,2.5012,4.9792,0
0.063629,0.030365,-0.0047509,0.013275,2.5012,4.9796,0.00030518
0.0074768,0.046844,-0.0028506,0.013733,2.5015,4.9792,0.00030518
-0.011139,0.047913,-0.0042758,0.0097656,2.5018,4.9789,-0.00030518
-0.0010681,0.030823,-0.0042758,0.0073242,2.5012,4.9786,-0.00030518
0.00015259,0.00091553,-0.0038007,0.0071716,2.5012,4.9789,-0.00061035
-0.0035095,-0.026703,-0.0047509,0.0085449,2.5012,4.9786,-0.00030518
0.0015259,-0.054474,-0.005226,0.010223,2.5021,4.9789,0
0.0068665,-0.07019,-0.005226,0.0083923,2.5015,4.9777,-0.00030518
0.004425,-0.05188,-0.0047509,0.0032043,2.5024,4.978,0.00030518
0.032959,-0.0059509,-0.005226,0.0012207,2.5021,4.9783,0
0.055084,0.045624,-0.0042758,0.00015259,2.5021,4.9783,-0.00061035
0.023651,0.089111,-0.005226,-0.0010681,2.5009,4.9796,0.00030518
-0.0056458,0.11414,-0.0047509,0.0030518,2.5018,4.9799,-0.00030518
-0.0028992,0.10483,-0.0042758,0.010834,2.5015,4.9789,0.00030518
0.0073242,0.051575,-0.0042758,0.015106,2.5012,4.9799,0.00030518
0.0073242,-0.015564,-0.0042758,0.015717,2.5009,4.9789,0.00061035
0.0013733,-0.052643,-0.005226,0.019226,2.5012,4.9792,0
-0.00015259,-0.062103,-0.0042758,0.018768,2.5006,4.9792,-0.00030518
-0.00076294,-0.053101,-0.0047509,0.013123,2.5015,4.9792,0.00030518
0.00061035,-0.041351,-0.0047509,0.0061035,2.5003,4.9783,0.00030518
-0.011292,-0.045471,-0.0042758,0.0047302,2.5015,4.9786,0
-0.017548,-0.064545,-0.0038007,0.005188,2.5009,4.9789,-0.00061035
-0.019531,-0.079651,-0.005226,0.0012207,2.5012,4.9792,0.00030518
-0.019531,-0.075989,-0.0042758,-0.00045776,2.5015,4.978,-0.00061035
-0.011902,-0.062866,-0.005226,-0.00091553,2.5012,4.9789,0.00030518
-0.011139,-0.051727,-0.0042758,0.0036621,2.5015,4.9789,0.00030518
-0.010834,-0.04364,-0.0042758,0.0053406,2.5,4.9777,-0.00030518
-0.0097656,-0.032349,-0.0042758,0.0016785,2.5018,4.9783,0.00030518
-0.012054,-0.010834,-0.0042758,-0.00076294,2.5015,4.978,-0.00030518
0.0032043,0.0080872,-0.0047509,-0.0056458,2.5009,4.9786,0
0.0091553,0.013428,-0.0047509,-0.0062561,2.5006,4.9786,0
0.0015259,0.0030518,-0.0042758,-0.00061035,2.5015,4.9783,0
-0.004425,-0.0039673,-0.0038007,0.0032043,2.5015,4.9783,0.00030518
-0.0068665,-0.0022888,-0.0042758,-0.0016785,2.5018,4.9789,-0.00030518
-0.015259,0.0041199,-0.0042758,-0.0086975,2.5006,4.9786,0
-0.017853,0.0079346,-0.0047509,-0.0082397,2.5018,4.9792,0.00030518
-0.012207,0.010529,-0.005226,-0.0024414,2.5015,4.9792,-0.00061035
-0.0082397,0.01297,-0.0042758,0.0015259,2.5015,4.9789,0.00030518
-0.01236,0.007782,-0.0038007,0.00076294,2.5006,4.9789,0.00030518
-0.0041199,-0.011749,-0.005226,0.0030518,2.5015,4.9786,-0.00061035
-0.009613,-0.029297,-0.005701,0.011597,2.5009,4.9789,-0.00030518
0.009613,-0.027771,-0.0042758,0.014496,2.5009,4.9792,-0.00030518
0.04303,-0.019226,-0.0042758,0.0093079,2.5018,4.9789,-0.00030518
0.014648,-0.02121,-0.005226,0.0041199,2.5012,4.9786,0
-0.019226,-0.030365,-0.005226,0.0035095,2.5003,4.9789,0
-0.015869,-0.035706,-0.0033257,0.0054932,2.5015,4.9789,0
-0.0016785,-0.031433,-0.0042758,-0.00030518,2.5021,4.9786,0.00030518
-0.00030518,-0.013885,-0.0042758,-0.0054932,2.5009,4.9789,0.00030518
-0.011444,0.0064087,-0.0042758,0.0015259,2.5012,4.9777,0.00030518
-0.011597,0.026855,-0.0047509,0.018311,2.5018,4.9783,-0.00030518
-0.011292,0.040131,-0.0042758,0.025635,2.5018,4.9786,0.00030518
-0.0085449,0.043945,-0.0042758,0.018311,2.5021,4.9786,-0.00061035
-0.0064087,0.046997,-0.0047509,0.0086975,2.5009,4.9796,0.00061035
-0.0093079,0.055084,-0.0038007,0.0033569,2.5015,4.9789,0
-0.0094604,0.059814,-0.0038007,0.0013733,2.5009,4.9796,-0.00061035
-0.0085449,0.052338,-0.0047509,0.0059509,2.5,4.9792,0
-0.010986,0.0354,-0.0042758,0.014191,2.5021,4.9792,0
-0.013885,0.015564,-0.0047509,0.017548,2.5021,4.9796,0.00030518
-0.014954,-0.002594,-0.005226,0.022125,2.5009,4.9789,0.00030518
-0.0035095,-0.0097656,-0.0047509,0.026855,2.5015,4.9796,0
-0.0068665,-0.0083923,-0.0042758,0.025635,2.5003,4.9756,0.00030518
-0.012207,-0.0073242,-0.0038007,0.018768,2.5018,4.975,0
-0.011597,-0.0032043,-0.0047509,0.010223,2.5009,4.9744,0
-0.0091553,-0.0027466,-0.005226,0.0039673,2.5018,4.975,-0.00061035
-0.0024414,-0.009613,-0.0042758,0.0068665,2.5009,4.9747,0
0.0028992,-0.01297,-0.0047509,0.010071,2.5018,4.9747,0.00091553
0.0035095,-0.0071716,-0.0042758,0.010529,2.5003,4.9744,-0.00030518
0.0019836,0.0022888,-0.0047509,0.011902,2.5009,4.9753,0.00061035
-0.00076294,0.015869,-0.0047509,0.011292,2.5,4.9747,0.00030518
0.0059509,0.026245,-0.0042758,0.012665,2.5009,4.9747,0.00091553
0.011292,0.030212,-0.0047509,0.01297,2.5009,4.9753,0.00030518
0.013885,0.031281,-0.0042758,0.0090027,2.5015,4.975,0
0.0094604,0.031128,-0.005226,0.0076294,2.5018,4.9753,0.00030518
-0.0039673,0.030975,-0.0042758,0.015564,2.5009,4.9759,0
-0.0064087,0.039825,-0.0047509,0.02243,2.5021,4.9774,0
0.032959,0.054626,-0.005226,0.022125,2.5021,4.9783,-0.00030518
0.069275,0.058594,-0.0042758,0.018768,2.5018,4.9789,-0.00030518
0.04837,0.051575,-0.0042758,0.017548,2.5018,4.9786,0
-0.00015259,0.05188,-0.0047509,0.020447,2.5009,4.9792,0
-0.014954,0.049591,-0.0047509,0.020752,2.5012,4.9783,-0.00030518
-0.0041199,0.032196,-0.0042758,0.010681,2.5012,4.9789,-0.00030518
0.0027466,0.022736,-0.0042758,-0.0015259,2.5015,4.9786,0.00030518
0.0016785,0.018768,-0.0033257,-0.0033569,2.5006,4.9789,-0.00030518
-0.00030518,-0.0091553,-0.0047509,0.0054932,2.5018,4.9789,-0.00030518
0.0013733,-0.042267,-0.0042758,0.01297,2.5012,4.9792,0
0.027161,-0.052948,-0.0042758,0.0083923,2.5012,4.9789,0.00061035
0.014496,-0.055542,-0.0047509,0.0050354,2.5009,4.9792,0
-0.013733,-0.063782,-0.0047509,0.004425,2.5003,4.9789,0
-0.019226,-0.055847,-0.0047509,0.0056458,2.5018,4.9774,0.00030518
0.0065613,-0.034485,-0.0047509,0.010834,2.5015,4.9789,-0.00030518
0.04364,-0.01297,-0.0033257,0.0010681,2.5012,4.9796,0.00061035
0.052032,-0.0042725,-0.0042758,-0.013733,2.5009,4.9786,-0.00030518
0.012054,-0.0039673,-0.0042758,-0.0073242,2.5012,4.9783,0
-0.018311,-0.014496,-0.0028506,0.0082397,2.5009,4.9789,0.00030518
-0.022736,-0.03067,-0.0042758,0.011597,2.5024,4.9789,0.00061035
-0.018768,-0.038757,-0.0042758,0.0056458,2.5015,4.9792,0
-0.011597,-0.030823,-0.0047509,0.0015259,2.5009,4.9796,0
0.0036621,-0.0065613,-0.0042758,0.0021362,2.5012,4.9783,-0.00061035
0.029449,0.0177,-0.0042758,0,2.5,4.9789,-0.00061035
0.077972,0.020447,-0.0047509,-0.0036621,2.5012,4.9789,0.00030518
0.080719,0.0042725,-0.0042758,-0.0045776,2.5015,4.9796,0
0.050812,-0.013885,-0.0042758,-0.0035095,2.5018,4.9792,-0.00030518
0.012665,-0.035858,-0.005701,0.0010681,2.5018,4.9792,0.00030518
-0.025635,-0.048218,-0.0042758,0.0062561,2.5021,4.9792,-0.00091553
-0.021667,-0.037689,-0.0042758,0.0068665,2.5009,4.9789,0
-0.015717,-0.012665,-0.0047509,0.007019,2.5009,4.9786,0.00061035
-0.020294,0.012665,-0.0047509,0.0062561,2.5015,4.9786,-0.00030518
-0.023651,0.038147,-0.0042758,0.0036621,2.5015,4.9796,0
-0.030823,0.052948,-0.0038007,0.0047302,2.5021,4.9777,0
-0.019379,0.055084,-0.0042758,0.010986,2.5018,4.9789,0
-0.015717,0.053864,-0.0047509,0.021515,2.5012,4.9783,0
-0.023804,0.04364,-0.0047509,0.024567,2.5015,4.9792,0.00061035
-0.019073,0.033875,-0.0042758,0.02121,2.5006,4.978,0.00030518
-0.012054,0.02243,-0.0042758,0.017853,2.5024,4.9796,0.00030518
-0.015717,0.0039673,-0.0042758,0.015106,2.5015,4.9796,0.00030518
-0.023193,-0.0062561,-0.005226,0.015259,2.5015,4.9786,0.00030518
-0.02655,0.0047302,-0.0047509,0.018616,2.5015,4.9789,0.00030518
-0.031281,0.024414,-0.0047509,0.02533,2.5012,4.9792,-0.00061035
-0.045319,0.033417,-0.0042758,0.034332,2.5012,4.9786,-0.00030518
-0.04837,0.033569,-0.0047509,0.03952,2.5027,4.9792,0.00030518
-0.05249,0.029297,-0.005226,0.03952,2.5003,4.9786,-0.00030518
-0.04837,0.020752,-0.0042758,0.039978,2.5021,4.9789,-0.00030518
-0.044861,0.015564,-0.0047509,0.033722,2.5015,4.9786,0
-0.043488,0.0083923,-0.0047509,0.020752,2.5006,4.9789,0
-0.040588,-0.0093079,-0.0042758,0.015106,2.5015,4.9786,0.00061035
-0.03891,-0.023499,-0.0047509,0.02121,2.5015,4.9786,0.00030518
-0.038452,-0.020905,-0.0033257,0.028687,2.5006,4.9786,-0.00030518
-0.034637,-0.0012207,-0.0047509,0.023651,2.5015,4.9789,0
-0.023651,0.01358,-0.005226,0.0088501,2.5021,4.9777,-0.00030518
-0.0028992,0.010223,-0.0038007,-0.0015259,2.5021,4.9789,-0.00030518
0.0019836,0.0018311,-0.0042758,0.0022888,2.5012,4.9789,0.00030518
-0.0086975,-0.0019836,-0.0038007,0.010376,2.5006,4.9786,0
-0.015717,-0.0018311,-0.0042758,0.014343,2.5012,4.9792,0
-0.0094604,-0.0061035,-0.0042758,0.011597,2.5021,4.9786,0.00061035
-0.0041199,-0.013733,-0.0042758,0.0045776,2.5012,4.9799,0.00061035
-0.0090027,-0.034027,-0.0042758,0.0048828,2.5015,4.9786,0
-0.014496,-0.064392,-0.005226,0.0094604,2.5012,4.9789,0
-0.014496,-0.073547,-0.0028506,0.005188,2.5009,4.9792,-0.00061035
-0.010223,-0.054626,-0.0047509,-0.0053406,2.5006,4.9789,0.00030518
0.011597,-0.028076,-0.0047509,-0.013275,2.5018,4.9786,0.00061035
0.019226,-0.0024414,-0.0047509,-0.019226,2.5009,4.9771,0
0.01297,0.019226,-0.005701,-0.024109,2.5018,4.9741,0
0.0038147,0.035858,-0.0042758,-0.022583,2.5009,4.9744,-0.00030518
0.0053406,0.043488,-0.0038007,-0.015869,2.5015,4.9741,-0.00030518
0.033569,0.03418,-0.0047509,-0.012207,2.5018,4.9734,0.00030518
0.070801,0.0085449,-0.005226,-0.012207,2.5009,4.975,-0.00030518
0.057526,-0.024567,-0.0038007,-0.011597,2.5012,4.975,0.00030518
0.01236,-0.061188,-0.0042758,-0.014648,2.5021,4.9744,0.00030518
-0.0057983,-0.085602,-0.005226,-0.019989,2.5003,4.9734,0
0.0064087,-0.083771,-0.0042758,-0.021515,2.5015,4.975,0
-0.00015259,-0.058136,-0.0042758,-0.018311,2.5006,4.9759,-0.00030518
-0.01358,-0.021667,-0.005226,-0.010071,2.5021,4.9759,0.00061035
-0.025177,0.007019,-0.0042758,0.00091553,2.5018,4.9756,-0.00061035
-0.019836,0.015106,-0.0042758,0.011902,2.5015,4.9765,-0.00030518
-0.0036621,0.0053406,-0.0047509,0.0080872,2.5012,4.9777,-0.00061035
-0.0016785,-0.0073242,-0.0042758,-0.00061035,2.5003,4.9783,0.00030518
-0.0061035,-0.02182,-0.0033257,-0.005188,2.5012,4.978,0
-0.005188,-0.029297,-0.005226,-0.007019,2.5018,4.9789,0
-0.0083923,-0.018463,-0.0042758,-0.0061035,2.5003,4.9792,-0.00030518
0.0027466,-0.005188,-0.0042758,0.0027466,2.5009,4.9786,0
0.0038147,-0.0074768,-0.0042758,0.0099182,2.5015,4.9792,-0.00030518
-0.0067139,-0.0086975,-0.0042758,0.0085449,2.5009,4.9792,-0.00061035
-0.0094604,0.0012207,-0.0047509,-0.00015259,2.5009,4.9783,0.00030518
0.0065613,0.0068665,-0.0042758,-0.0036621,2.5015,4.9796,0
0.057526,0.0038147,-0.0038007,-0.0082397,2.5018,4.9796,-0.00030518
0.068512,0.0015259,-0.0042758,-0.0041199,2.5021,4.9783,-0.00030518
0.010834,0.0050354,-0.0038007,0.0041199,2.5012,4.9783,0.00030518
-0.043488,0.0068665,-0.0042758,0.0067139,2.5012,4.9786,0
-0.042572,0.0012207,-0.0047509,0.0053406,2.5021,4.9777,0
-0.015259,-0.002594,-0.0028506,0.004425,2.5009,4.9783,0.00061035
-0.0015259,-0.0042725,-0.0042758,0.0035095,2.5018,4.9786,-0.00030518
-0.0010681,-0.0019836,-0.005226,-0.00030518,2.5082,4.9789,0.00061035
-0.0036621,0.01358,-0.0047509,0.00015259,2.5012,4.9789,0.00030518
-0.0050354,0.0354,-0.0038007,0.0057983,2.5003,4.9792,-0.00030518
-0.005188,0.046997,-0.0042758,0.0068665,2.5018,4.9786,-0.00061035
-0.0024414,0.042267,-0.0047509,0.0019836,2.5012,4.9789,-0.00091553
-0.0032043,0.031891,-0.0042758,0.0042725,2.5021,4.9789,-0.00030518
-0.004425,0.015564,-0.0047509,0.0047302,2.5012,4.9786,-0.00030518
-0.0053406,-0.0021362,-0.0042758,0.0013733,2.5015,4.9789,-0.00030518
0.007782,-0.0073242,-0.0038007,-0.0033569,2.5012,4.978,0
0.012512,0.0028992,-0.0042758,-0.0056458,2.5015,4.9789,0
0.0053406,0.016174,-0.0038007,-0.0090027,2.5018,4.9789,0.00030518
0.0041199,0.023346,-0.0042758,-0.010376,2.5015,4.9789,-0.00030518
0.0038147,0.022125,-0.005226,-0.0035095,2.5009,4.9789,0.00030518
0.011139,0.010529,-0.005226,0.0030518,2.5021,4.9786,0
0.018921,-0.0013733,-0.0033257,0.0039673,2.5012,4.9786,-0.00030518
0.023956,-0.0071716,-0.0042758,0.0042725,2.5015,4.9792,0.00030518
0.022278,-0.011597,-0.0047509,0.0045776,2.5009,4.9789,0.00030518
0.01236,-0.022736,-0.0038007,0.0065613,2.5009,4.9777,0.00061035
0.02243,-0.028076,-0.0042758,0.009613,2.5009,4.978,0
0.026855,-0.023499,-0.0042758,0.010376,2.5018,4.9783,0
0.019073,-0.014801,-0.0047509,0.011902,2.5024,4.9789,-0.00030518
0.014038,-0.00091553,-0.0047509,0.016785,2.5009,4.9786,0
0.0050354,0.015106,-0.0047509,0.019531,2.5021,4.9783,0.00030518
0.0035095,0.026093,-0.0047509,0.016479,2.5006,4.9796,0.00061035
0.0071716,0.024567,-0.005226,0.016632,2.5012,4.9789,-0.00030518
0.0088501,0.0090027,-0.0047509,0.016937,2.5012,4.9799,0
0.013123,0,-0.0047509,0.011292,2.5015,4.9789,0.00030518
0.019379,0.013123,-0.0042758,0.0062561,2.5015,4.9786,-0.00030518
0.023956,0.039063,-0.0042758,0.011139,2.5009,4.9786,-0.00061035
0.01358,0.054779,-0.0038007,0.014801,2.5015,4.9789,0.00030518
0.0050354,0.057373,-0.0042758,0.017242,2.5009,4.9789,-0.00030518
0,0.061188,-0.005226,0.02655,2.5006,4.9789,0.00030518
-0.0080872,0.088196,-0.0042758,0.031128,2.5015,4.9789,0.00061035
-0.018158,0.12527,-0.0033257,0.02121,2.5021,4.9789,0
-0.01358,0.1355,-0.0033257,0.010529,2.5018,4.9796,0
-0.0030518,0.096893,-0.0042758,0.0097656,2.5012,4.9792,0.00061035
0.0035095,0.019989,-0.005226,0.014191,2.5015,4.9786,-0.00061035
-0.0054932,-0.081787,-0.0047509,0.017548,2.5015,4.9774,0.00061035
0.0053406,-0.16129,-0.0042758,0.017242,2.5021,4.9789,0.00091553
0.0013733,-0.15915,-0.0042758,0.017395,2.5009,4.9792,0.00030518
-0.016479,-0.094147,-0.0033257,0.01358,2.5012,4.9783,0
-0.019226,-0.038452,-0.0047509,0.013885,2.5009,4.9783,0.00030518
-0.016174,-0.024109,-0.0033257,0.021667,2.5,4.9789,-0.00030518
-0.019226,-0.024414,-0.0047509,0.021667,2.5012,4.9796,0
-0.019989,-0.014191,-0.0047509,0.012512,2.5012,4.9792,0.00030518
-0.012054,-0.004425,-0.0047509,0.0082397,2.5021,4.9789,-0.00061035
-0.0047302,0.0035095,-0.0038007,0.0056458,2.5018,4.9786,-0.00061035
-0.0071716,0.0086975,-0.0042758,-0.00045776,2.5009,4.9789,-0.00030518
-0.0035095,0.0032043,-0.0028506,-0.0071716,2.5012,4.9792,-0.00061035
-0.0065613,-0.011597,-0.0042758,-0.010071,2.5018,4.9744,0.00030518
-0.0065613,-0.018005,-0.005226,-0.012207,2.5021,4.975,0
-0.012054,-0.018311,-0.0042758,-0.012054,2.5021,4.9747,-0.00030518
-0.017548,-0.014496,-0.0042758,-0.0074768,2.5024,4.9747,0
-0.018005,0.0027466,-0.0042758,0.0018311,2.5003,4.9741,-0.00030518
-0.010376,0.021057,-0.0047509,0.0059509,2.5015,4.975,-0.00030518
0.0016785,0.017548,-0.0042758,0.0019836,2.5012,4.9747,0.00030518
0.0038147,-0.00091553,-0.0042758,-0.0018311,2.5012,4.9747,-0.00030518
-0.0013733,-0.015717,-0.0047509,-0.0039673,2.5012,4.9734,0.00030518
0.0032043,-0.029907,-0.0038007,-0.0018311,2.5024,4.9744,0.00030518
0.0038147,-0.042114,-0.0042758,-0.00076294,2.5015,4.9759,0
0.0033569,-0.04364,-0.0042758,0.0015259,2.5015,4.9759,0.00061035
0.0042725,-0.035095,-0.0038007,0.005188,2.5018,4.9753,-0.00030518
0.0042725,-0.017853,-0.0047509,0.0079346,2.5009,4.9765,0.00030518
0.0079346,0.0053406,-0.0042758,0.0076294,2.5024,4.9771,0.00061035
0.010986,0.019226,-0.005226,0.0076294,2.5012,4.9774,-0.00061035
0.010681,0.025787,-0.0038007,0.009613,2.5021,4.978,-0.00030518
0.009613,0.031891,-0.0042758,0.0090027,2.5018,4.9786,0
0.00076294,0.029449,-0.0038007,0.0082397,2.5018,4.9786,-0.00030518
0.0042725,0.0086975,-0.0042758,0.0097656,2.5021,4.9777,0.00030518
0.0062561,-0.019226,-0.0042758,0.0073242,2.5012,4.9786,-0.00030518
0.0012207,-0.036011,-0.0038007,0.0045776,2.5015,4.9783,-0.00030518
-0.0062561,-0.043488,-0.0047509,0.0082397,2.5012,4.9792,0
-0.010681,-0.045471,-0.0047509,0.012817,2.5003,4.9789,-0.00030518
-0.011139,-0.037994,-0.005226,0.0094604,2.5012,4.9792,-0.00061035
-0.0050354,-0.023804,-0.0047509,0.0010681,2.5015,4.9792,0.00030518
-0.0021362,-0.0047302,-0.0042758,-0.0053406,2.5015,4.9789,-0.00030518
0.0045776,0.011902,-0.0042758,-0.0085449,2.5015,4.9792,-0.00091553
0.014648,0.018311,-0.0047509,-0.014191,2.5009,4.978,0.00030518
0.011444,0.015869,-0.0042758,-0.0090027,2.4997,4.9792,-0.00030518
-0.011749,0.011444,-0.0042758,0.0093079,2.5009,4.9783,0.00030518
-0.02533,0.014191,-0.005226,0.024261,2.5006,4.9789,0.00030518
-0.018768,0.021362,-0.0033257,0.027466,2.5018,4.9792,0.00061035
-0.01297,0.02655,-0.0047509,0.023651,2.5018,4.9792,0
-0.014648,0.026245,-0.0047509,0.018311,2.5009,4.9792,0.00030518
-0.014038,0.02655,-0.0038007,0.014038,2.5009,4.9786,-0.00061035
-0.011749,0.029602,-0.0038007,0.015259,2.5006,4.9789,0.00030518
-0.014496,0.030518,-0.0042758,0.015717,2.5009,4.9789,0
-0.021362,0.028839,-0.0042758,0.01358,2.5015,4.9796,0
-0.019531,0.023346,-0.005226,0.02182,2.5015,4.9789,-0.00030518
-0.026093,0.009613,-0.005226,0.032959,2.5012,4.9799,0.00030518
-0.023499,-0.0074768,-0.0042758,0.029602,2.5018,4.9792,0.00030518
-0.0047302,-0.016022,-0.0047509,0.015564,2.5021,4.9789,0.00030518
0.002594,-0.012817,-0.0047509,0.0045776,2.5015,4.9789,0.00030518
-0.0016785,0.0010681,-0.0042758,-0.0030518,2.5009,4.9792,0
-0.0041199,0.024109,-0.0042758,-0.0074768,2.5018,4.9789,0
0.0038147,0.043793,-0.0047509,-0.0053406,2.5018,4.9783,-0.00030518
0.007019,0.055237,-0.0047509,0.00076294,2.5018,4.9796,0
-0.0097656,0.059357,-0.0038007,0.004425,2.5015,4.9777,-0.00061035
0.0062561,0.054474,-0.0042758,0.009613,2.5012,4.9783,-0.00061035
0.021973,0.033417,-0.005226,0.014648,2.5009,4.9783,0
0.019226,0.013733,-0.0042758,0.01709,2.5009,4.9783,0.00061035
0.0097656,0.011902,-0.0042758,0.014801,2.5009,4.9786,0.00091553
0.0064087,0.017242,-0.0047509,0.010681,2.5024,4.9789,0
0.0091553,0.020599,-0.0047509,0.0054932,2.5006,4.9789,0
0.0068665,0.018005,-0.0042758,-0.00076294,2.5024,4.9786,0.00030518
0.0045776,0.0053406,-0.005226,-0.005188,2.5006,4.978,-0.00030518
-0.00015259,-0.016022,-0.0047509,-0.0033569,2.5024,4.9789,0
-0.0076294,-0.036011,-0.0038007,0.00091553,2.5015,4.9777,0.00030518
-0.00061035,-0.034637,-0.005226,0.00015259,2.5021,4.978,0.00030518
0.0076294,-0.017242,-0.0047509,-0.0013733,2.5021,4.978,-0.00030518
0.005188,-0.0073242,-0.0038007,0.0036621,2.5009,4.9786,0
-0.0062561,-0.023041,-0.0042758,0.01297,2.5015,4.9786,0
-0.011292,-0.04837,-0.0047509,0.019226,2.5009,4.9783,0.00030518
-0.011139,-0.052643,-0.0038007,0.021973,2.5009,4.9789,0.00030518
-0.007782,-0.029144,-0.0038007,0.018005,2.5012,4.9789,-0.00061035
-0.0022888,-0.0013733,-0.0042758,0.011902,2.5009,4.9786,0
-0.00076294,0.0073242,-0.0047509,0.0082397,2.5012,4.9786,0.00030518
0.0086975,0.0015259,-0.0042758,0.0065613,2.5012,4.9774,0.00030518
0.019073,-0.005188,-0.0028506,0.0032043,2.5009,4.9786,0.00030518
0.009613,-0.012207,-0.0038007,0.0027466,2.5009,4.9786,-0.00030518
-0.0041199,-0.014496,-0.005226,0.0065613,2.5021,4.9786,-0.00030518
-0.010376,-0.0086975,-0.0042758,0.015411,2.5021,4.9783,0
-0.010834,-0.007019,-0.0047509,0.02243,2.5018,4.9792,0.00030518
-0.012512,-0.016785,-0.005701,0.027466,2.5021,4.9786,0.00030518
-0.011902,-0.030975,-0.0042758,0.023804,2.5012,4.9783,0
-0.01709,-0.030975,-0.0047509,0.012054,2.5009,4.9789,0
-0.02182,-0.022125,-0.0033257,0.0062561,2.5009,4.9792,-0.00061035
-0.017395,-0.015564,-0.0042758,0.01236,2.5024,4.9792,0
-0.0028992,-0.009613,-0.0047509,0.016479,2.5012,4.9792,-0.00030518
-0.0064087,-0.005188,-0.005226,0.01236,2.5012,4.9762,0.00030518
-0.0032043,-0.0024414,-0.0042758,0.0038147,2.5012,4.975,0
0.011292,-0.00076294,-0.0042758,-0.0064087,2.5015,4.9747,0.00091553
0.02243,0.0083923,-0.0042758,-0.0068665,2.5018,4.9744,0.00061035
0.018921,0.031891,-0.0042758,0.00061035,2.5015,4.975,0.00030518
0.0018311,0.048828,-0.0042758,0.007019,2.5018,4.9738,0.00030518
-0.010681,0.049591,-0.005226,0.0080872,2.5015,4.9747,0.00030518
-0.016632,0.033112,-0.0047509,0.0038147,2.5018,4.9753,-0.00030518
-0.019073,0.005188,-0.0047509,0.0010681,2.5009,4.9741,0.00030518
-0.0059509,-0.013275,-0.0047509,0.0019836,2.5021,4.9744,0.00061035
-0.0041199,-0.0086975,-0.0047509,0.004425,2.5018,4.9756,-0.00061035
-0.0056458,0.0061035,-0.0042758,0.0028992,2.5015,4.9756,0.00061035
0.0053406,0.016785,-0.0038007,0.0015259,2.5018,4.9756,0.00030518
0.019073,0.019684,-0.0047509,-0.0035095,2.5012,4.975,0.00030518
0.013733,0.0085449,-0.0038007,-0.0062561,2.5006,4.9771,0
-0.0041199,-0.0097656,-0.0042758,0.0038147,2.5012,4.978,0.00061035
-0.009613,-0.016022,-0.0047509,0.016174,2.5012,4.9783,0.00030518
-0.0050354,-0.015106,-0.0047509,0.015564,2.5009,4.9783,0.00030518
0,-0.013123,-0.0042758,0.0045776,2.5015,4.9786,0
0.012817,-0.009613,-0.0047509,-0.0021362,2.5003,4.9792,0
0.0073242,-0.00030518,-0.0047509,-0.0045776,2.5012,4.9786,0.00030518
0.0041199,0.010834,-0.0042758,-0.0042725,2.5021,4.9786,0.00030518
0.0033569,0.011444,-0.0042758,-0.0067139,2.5021,4.9792,0
-0.0016785,-0.0038147,-0.0042758,-0.0091553,2.5006,4.9786,0
-0.014343,-0.01709,-0.0033257,-0.0079346,2.5021,4.9789,0.00030518
-0.020294,-0.015717,-0.005226,-0.0064087,2.5012,4.9786,-0.00030518
-0.011139,-0.0050354,-0.0047509,-0.007019,2.5021,4.9796,-0.00030518
0.0059509,0.0035095,-0.0047509,-0.0057983,2.5009,4.9786,-0.00061035
0.017242,0.005188,-0.0047509,-0.0028992,2.5018,4.9777,0
0.021667,0.0024414,-0.005226,-0.0030518,2.5009,4.9777,0.00061035
0.014648,-0.0033569,-0.0042758,-0.0038147,2.5015,4.9777,0
0.0086975,-0.0071716,-0.005226,-0.0024414,2.5015,4.9783,-0.00091553
-0.0021362,-0.004425,-0.0047509,-0.0016785,2.5018,4.9786,-0.00030518
-0.0074768,-0.00030518,-0.0038007,0.0036621,2.5012,4.9786,0
-0.0067139,0.0085449,-0.0047509,0.016022,2.5018,4.9783,0.00061035
-0.009613,0.022278,-0.0042758,0.021667,2.5012,4.9789,-0.00061035
-0.0042725,0.030212,-0.005226,0.013275,2.5018,4.9786,-0.00030518
0.027924,0.026245,-0.005226,0.0053406,2.5021,4.9789,0
0.050659,0.017395,-0.0042758,0.0019836,2.5009,4.9786,-0.00030518
0.020599,0.0032043,-0.0033257,-0.0013733,2.5012,4.9786,0.00030518
-0.013428,-0.018463,-0.0047509,-0.0041199,2.5037,4.978,-0.00030518
-0.010529,-0.036011,-0.005226,-0.010986,2.5018,4.9786,0.00061035
0.0016785,-0.037537,-0.0047509,-0.011597,2.5012,4.9786,-0.00030518
-0.004425,-0.028839,-0.0042758,-0.0039673,2.5018,4.9789,0.00030518
-0.015411,-0.019073,-0.0047509,0.005188,2.5006,4.9789,-0.00061035
-0.012512,-0.013123,-0.0038007,0.007782,2.5018,4.9789,-0.00030518
-0.0022888,-0.0064087,-0.0047509,0.0036621,2.5012,4.978,0.00030518
0.00030518,0.00076294,-0.0033257,-0.0071716,2.5009,4.9792,-0.00030518
-0.0047302,0.0059509,-0.0038007,-0.012817,2.5015,4.9786,0.00061035
0.0088501,0.0099182,-0.0047509,-0.0048828,2.5018,4.9777,0
0.0354,0.012207,-0.005226,0.00061035,2.5018,4.9789,0
0.036774,0.012665,-0.0047509,-0.00045776,2.5012,4.9792,0.00061035
0.015869,0.0047302,-0.005701,0.0035095,2.5009,4.9786,0
0.0042725,-0.011902,-0.005226,0.016479,2.5009,4.9786,0
-0.0027466,-0.024872,-0.0047509,0.018921,2.5015,4.9783,0.00030518
0.0015259,-0.023346,-0.0042758,0.011749,2.5015,4.9789,0
0.041199,-0.020599,-0.0033257,0.0074768,2.5006,4.9786,-0.00061035
0.05661,-0.018921,-0.0047509,0.0028992,2.5009,4.9792,0.00061035
0.0074768,-0.018158,-0.0042758,-0.0019836,2.5003,4.9783,-0.00030518
-0.013428,-0.020599,-0.0038007,-0.0013733,2.5015,4.9786,0.00030518
-0.0016785,-0.026855,-0.0047509,-0.0016785,2.5012,4.978,0.00030518
0.0042725,-0.02655,-0.0047509,-0.0050354,2.5015,4.9786,0.00061035
-0.0012207,-0.0061035,-0.0047509,-0.011902,2.5015,4.9786,0.00061035
-0.0048828,0.0177,-0.0042758,-0.013733,2.5012,4.9789,-0.00030518
-0.0045776,0.032196,-0.0047509,-0.0085449,2.5012,4.9786,0
0.00015259,0.039825,-0.005226,-0.0067139,2.5015,4.9789,0
0.0094604,0.040131,-0.0047509,-0.004425,2.5012,4.9796,0.00030518
0.0091553,0.033264,-0.0042758,0.0012207,2.5015,4.9796,0.00061035
-0.0083923,0.028839,-0.0042758,0.010834,2.5027,4.9771,0
-0.010376,0.032043,-0.0047509,0.010681,2.5018,4.9789,0.00030518
-0.0053406,0.034943,-0.0047509,0.0035095,2.5012,4.9786,0.00030518
0.00030518,0.028992,-0.0042758,-0.0024414,2.5012,4.9783,0.00030518
-0.0047302,0.018921,-0.0042758,-0.0032043,2.5021,4.9799,-0.00061035
-0.011902,0.0083923,-0.0047509,-0.0012207,2.5009,4.9786,0.00030518
-0.015259,-0.005188,-0.0042758,0.0015259,2.5012,4.9792,0.00030518
-0.013885,-0.013123,-0.0047509,0.0067139,2.5018,4.9789,0.00030518
-0.015259,-0.0056458,-0.0047509,0.010986,2.5009,4.9792,0.00030518
-0.015564,0.0039673,-0.0047509,0.015869,2.5015,4.9799,0
-0.01709,0.0022888,-0.005226,0.020294,2.5018,4.9802,-0.00030518
-0.007019,-0.0015259,-0.0042758,0.015411,2.5009,4.978,0
-0.0064087,-0.0015259,-0.0042758,0.0065613,2.5012,4.9756,-0.00030518
-0.011444,-0.00091553,-0.0038007,0.0050354,2.5009,4.9744,0.00030518
-0.010834,0.0012207,-0.0028506,0.0068665,2.5015,4.9744,0
-0.0027466,0.0039673,-0.0047509,0.0056458,2.5018,4.9747,0
0.0035095,0.0039673,-0.0042758,0.0041199,2.5012,4.9744,0
0.014038,0.0088501,-0.0042758,0.009613,2.5006,4.9744,0.00030518
0.052185,0.017548,-0.005226,0.018005,2.5015,4.9744,0.00030518
0.06485,0.024567,-0.0038007,0.019989,2.5009,4.975,0
0.011597,0.02533,-0.005226,0.0177,2.5006,4.9744,0.00030518
-0.017548,0.015106,-0.0038007,0.016785,2.5009,4.9741,0
-0.0090027,-0.0064087,-0.005226,0.016327,2.5009,4.9759,-0.0012207
-0.00030518,-0.021667,-0.0047509,0.015106,2.5015,4.9747,0
-0.004425,-0.01236,-0.0042758,0.016174,2.5012,4.9765,-0.00030518
-0.0099182,0.0030518,-0.0047509,0.017853,2.5012,4.9759,0.00030518
-0.011597,0.00045776,-0.0028506,0.016785,2.5006,4.9774,-0.00030518
-0.012054,-0.016327,-0.0047509,0.015259,2.5009,4.9783,0.00061035
-0.012817,-0.03067,-0.005226,0.013428,2.5009,4.9783,0.00061035
-0.018311,-0.033722,-0.0042758,0.018768,2.5009,4.9789,0
-0.023499,-0.034332,-0.0042758,0.03067,2.5021,4.978,0.00030518
-0.015869,-0.028839,-0.0047509,0.037079,2.5015,4.9783,0
-0.014801,-0.016022,-0.0042758,0.032806,2.5018,4.9786,-0.00061035
-0.010986,-0.0042725,-0.0047509,0.023499,2.4997,4.9786,-0.00061035
-0.0080872,0.0041199,-0.0047509,0.018463,2.5009,4.9786,0.00030518
-0.0061035,0.011597,-0.005226,0.016785,2.5015,4.9783,0
-0.0016785,0.016479,-0.0033257,0.016022,2.5018,4.9792,0
0.00076294,0.018311,-0.0042758,0.021667,2.5015,4.9786,-0.00030518
-0.00076294,0.019989,-0.0042758,0.028839,2.5015,4.9789,-0.00091553
-0.0030518,0.022736,-0.0042758,0.033569,2.5009,4.978,0
-0.0065613,0.020142,-0.0038007,0.030823,2.5015,4.978,0.00061035
0.0041199,0.012512,-0.0047509,0.022583,2.5015,4.9783,-0.00091553
0.0090027,-0.0016785,-0.0042758,0.013428,2.5018,4.9789,0
0.0097656,-0.010223,-0.0047509,0.0085449,2.5018,4.9789,0
0.0088501,-0.0054932,-0.0042758,0.0016785,2.5024,4.9796,0
0.011292,0.0012207,-0.0038007,-0.0053406,2.5015,4.9792,-0.00030518
0.011139,0.0035095,-0.005226,-0.0091553,2.5012,4.9783,0.00030518
0.0027466,0.0041199,-0.0033257,-0.0048828,2.5009,4.9792,-0.00030518
-0.0080872,0.00091553,-0.0038007,0.0022888,2.5009,4.9792,0.00030518
-0.015564,-0.0059509,-0.0047509,0.010529,2.5012,4.9783,-0.00061035
-0.019989,-0.010529,-0.0042758,0.01297,2.5012,4.9783,0.00091553
-0.013428,-0.0090027,-0.0042758,0.0021362,2.5024,4.9786,0
-0.01709,-0.0015259,-0.0038007,-0.014038,2.5006,4.9792,-0.00030518
-0.020905,0.0038147,-0.0047509,-0.025635,2.5015,4.9789,-0.0012207
-0.016022,0.0064087,-0.0047509,-0.032349,2.5012,4.9789,0.00091553
-0.0080872,0.0041199,-0.0038007,-0.035553,2.5009,4.9802,0.00030518
0.0033569,0.0012207,-0.0042758,-0.040131,2.5015,4.9789,0.00030518
-0.0012207,-0.00045776,-0.005701,-0.041809,2.5021,4.9789,0.00030518
-0.0068665,-0.0032043,-0.005226,-0.033875,2.5012,4.9789,-0.00030518
-0.0067139,-0.0085449,-0.0042758,-0.022583,2.5015,4.9792,0.00030518
-0.0080872,-0.010986,-0.0038007,-0.018463,2.5006,4.978,-0.00030518
0.010986,-0.0094604,-0.0038007,-0.021667,2.5021,4.978,-0.00061035
0.023956,-0.007019,-0.0047509,-0.026093,2.5018,4.9792,0
0.023193,-0.0036621,-0.0047509,-0.031128,2.5009,4.9789,0.00061035
0.024109,0.0033569,-0.0047509,-0.034943,2.5012,4.9792,-0.00030518
0.016632,0.0099182,-0.0042758,-0.03006,2.5015,4.9789,0
-0.0039673,0.022125,-0.0042758,-0.019379,2.5003,4.9796,0.00030518
-0.018768,0.032959,-0.0038007,-0.0093079,2.5006,4.9783,-0.00030518
-0.020142,0.037689,-0.0047509,-0.011597,2.5012,4.9799,0.00061035
-0.018768,0.032806,-0.0038007,-0.014801,2.5015,4.9786,-0.00030518
-0.018768,0.01358,-0.0038007,-0.0019836,2.5009,4.9792,-0.00030518
-0.0057983,-0.015411,-0.0047509,0.01358,2.5018,4.9796,0
-0.0062561,-0.037231,-0.0038007,0.011444,2.5018,4.9786,0.00030518
-0.020294,-0.044708,-0.005701,0.0067139,2.5009,4.9777,0
-0.027313,-0.039978,-0.0042758,0.010681,2.5009,4.9783,0.00030518
-0.020752,-0.029297,-0.0047509,0.01236,2.5012,4.9786,0.00030518
-0.017395,-0.017548,-0.0047509,0.017395,2.5009,4.9783,0.00030518
-0.021667,-0.0079346,-0.0047509,0.021667,2.5003,4.9783,0.00030518
-0.023346,0.00076294,-0.0038007,0.023499,2.5015,4.9789,0.00091553
-0.022583,0.011444,-0.0047509,0.023804,2.5003,4.9786,0.00061035
-0.024261,0.017242,-0.0047509,0.023041,2.5021,4.9774,-0.00061035
-0.009613,0.012665,-0.0047509,0.019226,2.5009,4.978,0
0.0010681,-0.00015259,-0.0033257,0.012054,2.5018,4.9783,0
0.00076294,-0.0085449,-0.0047509,0.0048828,2.5009,4.9792,-0.00061035
-0.0027466,-0.0065613,-0.0038007,0.00076294,2.5015,4.9786,0
-0.004425,-0.0030518,-0.0047509,-0.00030518,2.5006,4.9789,0
-0.0022888,-0.0010681,-0.005226,0.0015259,2.5015,4.9802,0.00030518
0.00015259,-0.00045776,-0.0042758,0.0053406,2.5015,4.9789,-0.00091553
-0.0042725,-0.0030518,-0.005226,0.0091553,2.5021,4.9783,0.00030518
-0.015411,-0.0088501,-0.0042758,0.018158,2.5009,4.9792,0.00030518
-0.020752,-0.009613,-0.0033257,0.024872,2.5018,4.9792,0.00030518
0.0024414,-0.0013733,-0.0038007,0.021667,2.5009,4.978,0.00030518
0.012512,0.0057983,-0.0047509,0.019226,2.5015,4.9762,-0.00030518
-0.004425,0.0085449,-0.005701,0.023499,2.5009,4.9747,0.00030518
-0.012817,0.0090027,-0.0047509,0.023804,2.5021,4.9747,-0.00030518
0.0027466,0.0093079,-0.0042758,0.015717,2.5015,4.9744,0.00030518
0.014038,0.0057983,-0.0047509,0.017395,2.5006,4.9744,0.00061035
0.010834,-0.00091553,-0.0042758,0.017548,2.5006,4.9747,0
0.0097656,-0.0045776,-0.005226,0.0041199,2.5012,4.975,0
0.014648,-0.0079346,-0.0042758,-0.011292,2.5012,4.9756,0
0.018311,-0.0086975,-0.0047509,-0.010986,2.5018,4.9741,-0.00030518
0.024261,-0.0057983,-0.0042758,0.0041199,2.5015,4.9744,0.00030518
0.014954,-0.0012207,-0.0042758,0.013885,2.5018,4.9759,0
-0.00076294,0.0032043,-0.0047509,0.013123,2.5018,4.9753,0
-0.0064087,0.0071716,-0.0038007,0.01297,2.5018,4.9762,-0.00030518
-0.0019836,0.0086975,-0.005226,0.016632,2.5015,4.9759,0.00061035
-0.0048828,0.0079346,-0.0047509,0.016785,2.5012,4.9774,0.00061035
-0.007782,0.0045776,-0.005226,0.0062561,2.5018,4.9786,0.00030518
-0.007782,0.0033569,-0.0047509,-0.0015259,2.5018,4.978,0.00030518
-0.010071,0.0062561,-0.005226,-0.0027466,2.5015,4.9783,0.00061035
-0.012665,0.009613,-0.005226,-0.0013733,2.5006,4.9777,0
0.004425,0.011139,-0.0042758,-0.0088501,2.5018,4.978,0
0.024567,0.0090027,-0.0047509,-0.02243,2.5003,4.9789,0
0.062866,0.0048828,-0.0033257,-0.026245,2.5015,4.9789,0
0.075378,0.0012207,-0.0042758,-0.016632,2.5012,4.9789,0.00030518
0.056,-0.0013733,-0.0042758,-0.0024414,2.5012,4.9789,0.00030518
0.015259,-0.0039673,-0.0042758,0.010071,2.5018,4.9792,0
0.0027466,-0.0076294,-0.0038007,0.011292,2.5015,4.9783,0
0.047455,-0.0074768,-0.0047509,0.0062561,2.5015,4.9786,0
0.077362,-0.005188,-0.0042758,-0.00045776,2.5015,4.9786,0.00030518
0.050812,-0.0033569,-0.0047509,-0.0021362,2.5012,4.9771,0.00030518
-0.0024414,-0.0032043,-0.0047509,0.0080872,2.5015,4.9789,-0.00030518
-0.019379,-0.0018311,-0.0047509,0.019073,2.5012,4.9786,0.00030518
-0.0061035,0.0013733,-0.0042758,0.013885,2.5006,4.9796,0
-0.015869,-0.0010681,-0.0047509,0.0062561,2.5015,4.9786,-0.00030518
-0.032196,-0.011749,-0.0042758,0.0053406,2.5006,4.9789,-0.00030518
-0.022888,-0.026398,-0.0047509,0.0088501,2.5015,4.9789,-0.00030518
-0.011444,-0.035248,-0.0042758,0.010376,2.5009,4.9789,0
-0.010529,-0.032349,-0.0047509,0.015411,2.5015,4.9783,0.00061035
-0.027161,-0.024414,-0.0042758,0.023193,2.5015,4.9783,0
-0.037994,-0.010681,-0.0047509,0.028839,2.5009,4.9796,0.00030518
-0.02533,0.0090027,-0.005226,0.03067,2.5018,4.9777,0.00030518
-0.019226,0.02655,-0.0042758,0.026703,2.5021,4.9789,-0.00061035
-0.021667,0.036774,-0.0042758,0.019684,2.5024,4.9792,0.00030518
-0.020752,0.036469,-0.0038007,0.012817,2.5009,4.9789,-0.00061035
-0.024109,0.028839,-0.005226,0.01236,2.5012,4.9783,0
-0.027771,0.017395,-0.0047509,0.014954,2.5015,4.9786,-0.00030518
-0.021362,0.0082397,-0.0033257,0.0088501,2.5009,4.9783,0.00030518
-0.01297,0.00030518,-0.0047509,-0.0027466,2.5009,4.9792,0
-0.0099182,-0.0080872,-0.0042758,-0.0067139,2.5009,4.9789,-0.00030518
-0.017395,-0.0094604,-0.005226,0.00076294,2.5009,4.978,-0.00030518
-0.023041,-0.0039673,-0.0042758,0.0086975,2.5015,4.9789,0.00030518
-0.023804,0.0053406,-0.0042758,0.011444,2.5012,4.978,0.00030518
-0.014191,0.0064087,-0.0038007,0.0056458,2.5006,4.9789,0
-0.0068665,0.0048828,-0.0042758,-0.0048828,2.5015,4.9789,0.00061035
-0.0067139,0.0028992,-0.005226,-0.0079346,2.5021,4.9789,0.00061035
-0.0094604,0.0033569,-0.005701,-0.0021362,2.5009,4.9786,-0.00030518
-0.015564,0.0076294,-0.0047509,0.0079346,2.5006,4.9789,-0.00030518
-0.015869,0.011597,-0.0047509,0.016022,2.5006,4.978,0
-0.017242,0.017395,-0.0047509,0.013733,2.5009,4.9789,0.00030518
-0.019684,0.021973,-0.005701,0.0088501,2.5009,4.9792,-0.00061035
-0.010376,0.025024,-0.0047509,0.0061035,2.5021,4.9789,0.00061035
-0.0085449,0.026093,-0.0047509,0.0079346,2.5018,4.9786,0.00030518
-0.014801,0.02594,-0.0042758,0.010681,2.5,4.9792,0.00030518
-0.021515,0.022888,-0.0042758,0.01236,2.5012,4.9789,0.00091553
-0.023956,0.017242,-0.0042758,0.016327,2.5006,4.9786,-0.00030518
-0.022125,0.019226,-0.0047509,0.026398,2.5015,4.9789,0.00061035
-0.010376,0.020142,-0.0042758,0.028839,2.5009,4.9783,-0.00030518
-0.0038147,0.016022,-0.0042758,0.020905,2.5027,4.9783,0
-0.0050354,0.0090027,-0.0047509,0.015259,2.5006,4.9786,0.00030518
-0.0073242,0.0041199,-0.005701,0.016327,2.5021,4.9774,0
0.0016785,-0.00045776,-0.0042758,0.020294,2.5006,4.9789,-0.00091553
0.011139,-0.0038147,-0.0038007,0.015869,2.5021,4.9783,0.00030518
0.0354,-0.0076294,-0.0047509,0.012054,2.5009,4.9783,0.00030518
0.015564,-0.011292,-0.0047509,0.010223,2.5021,4.9783,0
-0.0073242,-0.012207,-0.005226,0.0054932,2.5006,4.9789,0.00030518
-0.0065613,-0.01297,-0.0047509,-0.00061035,2.5006,4.9786,-0.00061035
-0.0080872,-0.019073,-0.005226,0.0022888,2.5006,4.9789,0.00061035
-0.014648,-0.019989,-0.0047509,0.0057983,2.5018,4.9786,-0.00091553
-0.014954,-0.014648,-0.0047509,0.0027466,2.5009,4.9796,0
-0.019226,-0.011749,-0.005226,0.0028992,2.5015,4.9786,0
-0.012207,-0.0080872,-0.005226,0.0088501,2.5012,4.9792,0
0.0033569,-0.0024414,-0.0047509,0.012665,2.5018,4.9756,0.00030518
0.039978,0.00061035,-0.0042758,0.011444,2.5009,4.975,-0.00061035
0.058899,0.0013733,-0.0042758,0.0076294,2.5018,4.975,0.00030518
0.050507,-0.0018311,-0.0038007,0.0028992,2.5012,4.9744,-0.00030518
0.026398,-0.0080872,-0.0047509,-0.0030518,2.5018,4.9741,-0.00030518
-0.016022,-0.012054,-0.0047509,-0.0064087,2.5015,4.9741,0
-0.029449,-0.0093079,-0.0042758,-0.0045776,2.5012,4.9744,0
-0.02182,-0.0050354,-0.0047509,0.0024414,2.5006,4.975,0.00030518
-0.019379,0.0013733,-0.0047509,0.0028992,2.5018,4.9744,0
-0.013123,0.0056458,-0.0047509,-0.0015259,2.5015,4.9734,0
-0.013275,0.0016785,-0.0042758,0.00015259,2.5009,4.9765,0
-0.020142,-0.0016785,-0.005701,0.0085449,2.5012,4.9753,0.00061035
-0.024261,-0.0030518,-0.0042758,0.017395,2.5012,4.9765,-0.00030518
-0.029144,-0.0056458,-0.0047509,0.019531,2.5012,4.9762,0.00030518
-0.036621,-0.0064087,-0.0042758,0.01236,2.5006,4.978,0
-0.035248,-0.00091553,-0.0047509,0.0053406,2.5024,4.9777,-0.00030518
-0.027924,0.012512,-0.0047509,0.0050354,2.5018,4.9783,-0.00030518
-0.02182,0.023956,-0.0047509,0.010223,2.5018,4.9796,0.00030518
-0.025482,0.027008,-0.0047509,0.015717,2.5009,4.9792,-0.00061035
-0.019836,0.020752,-0.0042758,0.015717,2.5012,4.978,0
-0.019836,0.010834,-0.005701,0.0099182,2.5003,4.9792,0
-0.019989,0.0041199,-0.0047509,0.0068665,2.5021,4.9789,0
-0.021667,0.0057983,-0.0047509,0.011597,2.5012,4.9786,-0.00030518
-0.023193,0.0093079,-0.0042758,0.015259,2.5009,4.9786,0.00030518
-0.021515,0.0074768,-0.0042758,0.015106,2.5012,4.9792,0
-0.016937,0.00045776,-0.0047509,0.015869,2.5009,4.9789,0
-0.014191,-0.0032043,-0.005226,0.014038,2.5015,4.9789,0.00030518
-0.012207,-0.0045776,-0.005226,0.011139,2.5015,4.9789,-0.00061035
-0.01236,-0.005188,-0.0047509,0.0097656,2.5018,4.9771,0
0.0053406,-0.0067139,-0.0042758,0.011444,2.5024,4.9777,-0.00030518
0.013885,-0.0053406,-0.0047509,0.016327,2.5015,4.9786,-0.00061035
0.010681,-0.0074768,-0.0042758,0.017395,2.5015,4.9792,0.00030518
0.0079346,-0.013428,-0.0047509,0.018463,2.5003,4.9783,0
0.0064087,-0.015717,-0.0038007,0.018921,2.5003,4.9792,0
0.0053406,-0.012207,-0.0047509,0.019379,2.5009,4.9786,0.00030518
0.0054932,-0.0039673,-0.0047509,0.014954,2.5021,4.9786,0
0.0074768,0.0028992,-0.0042758,0.013123,2.5015,4.9792,0.00030518
0.0083923,0.0073242,-0.0042758,0.016785,2.5009,4.9789,0.00030518
0.0065613,0.0099182,-0.0047509,0.019836,2.5003,4.9796,0.00030518
0.013733,0.011597,-0.0042758,0.026703,2.5009,4.9783,-0.00091553
0.011902,0.0067139,-0.0042758,0.034332,2.5012,4.9786,0
0.012207,-0.00030518,-0.0047509,0.033264,2.5015,4.9792,0.00030518
0.021667,-0.0045776,-0.005701,0.028229,2.5009,4.9789,0.00030518
0.030975,-0.012665,-0.0042758,0.029755,2.5018,4.9796,-0.00030518
0.033264,-0.014954,-0.0038007,0.037537,2.5006,4.9789,0.00091553
0.029602,0.00076294,-0.0042758,0.036774,2.5015,4.9792,0.00030518
0.026245,0.019989,-0.0042758,0.034485,2.5009,4.9789,-0.00030518
0.016022,0.03006,-0.0042758,0.039215,2.5012,4.9786,0.00030518
0.0028992,0.038147,-0.0047509,0.045624,2.5021,4.9783,0
0.012665,0.039825,-0.0047509,0.04303,2.5012,4.9783,-0.00030518
0.027008,0.028229,-0.0042758,0.038147,2.5003,4.9789,-0.00030518
0.033569,0.010376,-0.0042758,0.033722,2.5009,4.9789,0.00030518
0.027466,0.0018311,-0.0047509,0.033264,2.5009,4.9792,0.00030518
0.022278,-0.0018311,-0.0042758,0.030365,2.5018,4.9783,-0.00091553
0.031738,-0.0076294,-0.0042758,0.022278,2.5015,4.9786,0.00030518
0.043488,-0.015411,-0.005226,0.022888,2.5021,4.9792,0.00061035
0.036621,-0.018158,-0.005226,0.031433,2.5015,4.9783,0
0.021362,-0.012207,-0.0047509,0.033417,2.5012,4.9777,0.00030518
0.013885,-0.0071716,-0.0042758,0.027466,2.5018,4.9786,0.00030518
0.015869,-0.0059509,-0.0042758,0.023956,2.5006,4.9792,0
0.0097656,-0.0080872,-0.005226,0.026093,2.5018,4.9792,0
0.0022888,-0.016937,-0.0038007,0.019684,2.5018,4.9792,0.00030518
-0.004425,-0.025787,-0.0047509,0.0076294,2.5015,4.9792,-0.00061035
-0.0041199,-0.029297,-0.0042758,0.0012207,2.5015,4.9783,-0.00091553
0.01709,-0.024109,-0.0047509,-0.0022888,2.5012,4.9792,-0.00030518
0.058289,-0.016785,-0.0042758,-0.0038147,2.5015,4.9789,0
0.072021,-0.01358,-0.0042758,-0.0083923,2.5012,4.9789,0.00061035
0.029297,-0.012817,-0.0038007,-0.013428,2.5015,4.9789,-0.00030518
-0.0035095,-0.0068665,-0.0038007,-0.018616,2.5024,4.9771,-0.00030518
0.0076294,-0.00091553,-0.0042758,-0.018005,2.5,4.9786,-0.00030518
0.012817,0.0015259,-0.0047509,-0.0083923,2.5015,4.9792,0
0.012512,0.0038147,-0.0047509,-0.0045776,2.5003,4.978,0
0.0030518,0.0059509,-0.0047509,-0.013123,2.5012,4.9789,-0.00030518
-0.00045776,0.0042725,-0.0047509,-0.017548,2.5021,4.9792,-0.00061035
0.0028992,0.0047302,-0.0042758,-0.0085449,2.5015,4.9786,0
0.0067139,0.0038147,-0.0042758,-0.0065613,2.5012,4.9789,0.00030518
0.015869,0.0012207,-0.0047509,-0.017853,2.5024,4.9789,-0.00030518
0.022736,-0.0016785,-0.0042758,-0.032043,2.5015,4.9792,0.00061035
0.02533,-0.0035095,-0.0047509,-0.038605,2.5027,4.978,0
0.028839,-0.0039673,-0.0047509,-0.035248,2.5012,4.9786,0.00030518
0.030518,-0.0019836,-0.0042758,-0.024414,2.5021,4.9759,0.00030518
0.02533,-0.0010681,-0.0047509,-0.017853,2.5021,4.9753,-0.00030518
0.015717,-0.0028992,-0.0038007,-0.020905,2.5,4.975,0.00061035
0.0085449,-0.0048828,-0.0033257,-0.022583,2.5015,4.9744,0
0.0083923,-0.0028992,-0.005226,-0.017395,2.5015,4.9734,-0.00061035
0.0083923,0.00015259,-0.0047509,-0.011597,2.5006,4.9747,0
0.010071,-0.00091553,-0.0042758,-0.010071,2.5018,4.9747,0.00030518
0.012054,-0.00091553,-0.0038007,-0.0099182,2.5018,4.975,0.00061035
0.0090027,-0.0019836,-0.0047509,-0.0091553,2.5,4.9747,0
0.018768,-0.0054932,-0.0042758,-0.010071,2.5024,4.9747,0
0.014038,-0.0047302,-0.0047509,-0.010834,2.5006,4.9756,0
0.0032043,-0.0033569,-0.005226,-0.0062561,2.5015,4.975,0.00030518
0,-0.0056458,-0.0047509,-0.004425,2.5015,4.9756,-0.00030518
0.0067139,-0.0057983,-0.005226,-0.0091553,2.5018,4.9768,-0.00030518
0.01236,-0.0056458,-0.0042758,-0.01709,2.5003,4.9774,0.00061035
0.0099182,-0.0022888,-0.0042758,-0.023193,2.5021,4.9786,0.00030518
0.0022888,0.0032043,-0.0033257,-0.02182,2.5003,4.9783,0.00030518
-0.0012207,0.0035095,-0.0038007,-0.019684,2.5015,4.9789,-0.00061035
-0.0057983,0.0033569,-0.0042758,-0.014801,2.5006,4.9783,-0.00030518
-0.004425,0.005188,-0.0042758,-0.0085449,2.5021,4.978,0.00030518
-0.0074768,0.0061035,-0.0038007,-0.0074768,2.5006,4.9786,-0.00030518
-0.0065613,0.0054932,-0.0042758,-0.012512,2.5009,4.9786,0
-0.0021362,0.0033569,-0.0047509,-0.015717,2.5006,4.9789,0.00061035
-0.0021362,0.0021362,-0.0047509,-0.013123,2.5012,4.9789,0
-0.0019836,0.0016785,-0.0042758,-0.0085449,2.5021,4.9783,0.00030518
0.0061035,0.00045776,-0.0028506,-0.0076294,2.5021,4.9786,0.00030518
0.0074768,0.00076294,-0.0042758,-0.0091553,2.5015,4.9792,0.00030518
-0.013123,0.0016785,-0.005226,-0.0080872,2.5009,4.9783,-0.00061035
-0.031281,0.0042725,-0.0038007,-0.0059509,2.5009,4.978,-0.00030518
-0.0041199,0.0074768,-0.005226,-0.011902,2.5003,4.9783,0.00030518
0.011597,0.0076294,-0.0042758,-0.02121,2.5012,4.9789,-0.00030518
0.0085449,0.0056458,-0.0038007,-0.027313,2.5006,4.978,0
0.0041199,0.0021362,-0.0047509,-0.029297,2.5024,4.9792,0.00030518
0.0054932,-0.0013733,-0.0047509,-0.027924,2.5012,4.9796,0
0.018921,-0.0054932,-0.0047509,-0.024567,2.5012,4.9789,-0.00030518
0.026398,-0.0073242,-0.005226,-0.023041,2.5006,4.9786,0
0.023499,-0.0079346,-0.0042758,-0.024109,2.5021,4.9789,0.00030518
0.016174,-0.010376,-0.0047509,-0.022583,2.5012,4.9786,-0.00061035
0.0064087,-0.016022,-0.005701,-0.017548,2.5021,4.9786,0.00091553
0.010223,-0.018005,-0.0047509,-0.012665,2.5021,4.9789,0.00030518
0.015717,-0.015564,-0.0038007,-0.012512,2.5015,4.9786,-0.00030518
0.0099182,-0.012512,-0.0042758,-0.012817,2.5006,4.9783,0
0.0010681,-0.0085449,-0.005226,-0.012665,2.5015,4.9789,0.00061035
-0.0056458,-0.005188,-0.0033257,-0.013275,2.5015,4.9789,-0.00061035
-0.009613,0.00045776,-0.0047509,-0.016785,2.5012,4.9789,0.00030518
-0.0068665,0.007019,-0.005226,-0.022888,2.5015,4.9792,0
0.0016785,0.013123,-0.0042758,-0.025787,2.5012,4.9789,0.00061035
0.0028992,0.016937,-0.0042758,-0.023499,2.5012,4.9796,0.00030518
-0.0094604,0.018616,-0.0042758,-0.019531,2.5,4.978,0.00061035
-0.0080872,0.015106,-0.0038007,-0.016937,2.5015,4.9783,0.00061035
-0.0091553,0.012817,-0.0042758,-0.011902,2.5021,4.9786,0.00061035
-0.010986,0.0083923,-0.0042758,-0.01358,2.5012,4.9789,0
-0.011292,0.0013733,-0.0047509,-0.013733,2.5006,4.9789,0.00030518
-0.018921,0.0015259,-0.0038007,-0.010529,2.5015,4.9789,0.00030518
-0.025177,0.0056458,-0.005226,-0.010529,2.5015,4.9789,0
-0.019989,0.010986,-0.0042758,-0.011902,2.5012,4.978,0.00030518
-0.0076294,0.014496,-0.0042758,-0.010986,2.5018,4.9786,0.00030518
-0.00030518,0.013733,-0.0047509,-0.010681,2.5015,4.9789,0.00061035
-0.0012207,0.013123,-0.0038007,-0.0094604,2.5012,4.9789,0.00061035
0.0013733,0.012512,-0.0047509,-0.0047302,2.5012,4.9792,0
-0.0093079,0.010834,-0.0047509,-0.0039673,2.5012,4.9783,0.00030518
-0.012512,0.0094604,-0.0042758,-0.0047302,2.5015,4.9789,0
-0.014954,0.010681,-0.005226,-0.0056458,2.5006,4.9789,-0.00061035
-0.020599,0.010529,-0.0042758,-0.0088501,2.5015,4.9783,0.00030518
-0.018463,0.0083923,-0.0042758,-0.015564,2.5012,4.9786,-0.00030518
-0.019379,0.0045776,-0.0038007,-0.015717,2.5012,4.9786,-0.00030518
-0.023041,0.0024414,-0.0038007,-0.01236,2.5015,4.9792,0.00030518
-0.034943,0.0015259,-0.005226,-0.0074768,2.5006,4.9799,0.00030518
-0.041504,0.00030518,-0.0042758,0.0015259,2.5009,4.9768,0.00030518
-0.026398,0.00076294,-0.0028506,0.0032043,2.5015,4.9783,0.00030518
-0.021973,0.0016785,-0.005701,0.0018311,2.5015,4.9792,0
-0.019989,0.00076294,-0.0047509,0.0024414,2.5018,4.9777,0
-0.011139,-0.00030518,-0.005226,-0.0015259,2.5009,4.9792,-0.00030518
-0.0080872,-0.00076294,-0.0047509,-0.0057983,2.5003,4.9783,0.00030518
-0.007782,-0.00061035,-0.0047509,-0.0054932,2.5009,4.9786,0
-0.0045776,-0.00061035,-0.0047509,-0.0047302,2.5024,4.9783,0.00030518
-0.0065613,-0.0053406,-0.0042758,-0.0054932,2.5015,4.9792,0.00030518
-0.020599,-0.010376,-0.0047509,0.00091553,2.5024,4.9786,-0.00030518
-0.031128,-0.0097656,-0.0047509,0.012207,2.5012,4.9783,0.00030518
-0.013885,-0.0097656,-0.0033257,0.016174,2.5012,4.9786,0
-0.0073242,-0.0091553,-0.0042758,0.016785,2.5018,4.9753,0
-0.01358,-0.0047302,-0.0042758,0.015869,2.5018,4.975,0.00061035
-0.010529,-0.0013733,-0.0038007,0.0091553,2.5018,4.9741,-0.00030518
-0.0013733,-0.00061035,-0.005226,-0.0010681,2.5018,4.9744,-0.00030518
0.0091553,0.0021362,-0.0042758,-0.0028992,2.5009,4.9744,0
0.0085449,0.0024414,-0.0047509,0.00091553,2.5012,4.9738,0.00030518
0.0038147,0.0021362,-0.005701,0.0061035,2.5009,4.9738,-0.00030518
-0.0022888,0.00076294,-0.0042758,0.014496,2.5009,4.9734,0
-0.011444,-0.00030518,-0.0042758,0.019226,2.5009,4.9738,0.00030518
-0.005188,0.0018311,-0.0047509,0.023956,2.5015,4.9762,0.00030518
-0.012054,0.0038147,-0.005226,0.025024,2.5009,4.9765,-0.00030518
-0.022736,0.0054932,-0.0042758,0.022278,2.5018,4.9768,0.00030518
-0.021515,0.0073242,-0.005701,0.02594,2.5,4.9771,-0.00030518
-0.018311,0.0061035,-0.0047509,0.032196,2.5012,4.9768,0.00030518
-0.018005,0.0038147,-0.0047509,0.030518,2.5018,4.9777,0.00030518
-0.015869,-0.0016785,-0.005226,0.030975,2.5024,4.9786,-0.00030518
-0.014801,-0.0080872,-0.0047509,0.035095,2.5003,4.9786,0.00030518
-0.016022,-0.015411,-0.0042758,0.035095,2.5018,4.9789,0.00030518
-0.021973,-0.014496,-0.0042758,0.036316,2.5015,4.9789,0.00030518
-0.018921,-0.0054932,-0.0042758,0.037079,2.5021,4.9792,0
-0.022736,0.0022888,-0.0042758,0.031891,2.5015,4.9789,0
-0.028076,0.0085449,-0.0047509,0.022888,2.5021,4.9789,0.00030518
-0.026093,0.011139,-0.0042758,0.015106,2.5015,4.9792,0
-0.024567,0.010071,-0.0047509,0.01236,2.5012,4.9792,0
-0.022583,0.0083923,-0.005226,0.011902,2.5009,4.9786,0.00030518
-0.019379,0.0036621,-0.0047509,0.01297,2.5006,4.9799,0.00030518
-0.0068665,-0.0021362,-0.005226,0.011902,2.5009,4.9789,0.00030518
0.0015259,-0.0047302,-0.0042758,0.0093079,2.5018,4.9796,0.00030518
-0.0018311,-0.0041199,-0.0047509,0.0032043,2.5012,4.9792,0.00030518
0.0065613,-0.0022888,-0.0047509,-0.0064087,2.5012,4.9796,0
0.009613,-0.0021362,-0.0042758,-0.0099182,2.5021,4.9777,0.00030518
0.0056458,-0.0039673,-0.005226,-0.0059509,2.5018,4.9799,0.00030518
-0.0019836,-0.007782,-0.0042758,-0.0045776,2.5018,4.9792,0
-0.0090027,-0.0076294,-0.005701,-0.0013733,2.5015,4.9783,0.00030518
-0.0068665,-0.0022888,-0.0047509,0.0056458,2.5015,4.9786,0
0.0012207,-0.0016785,-0.0038007,0.0097656,2.5006,4.9783,0.00030518
0.0047302,-0.0010681,-0.0038007,0.0094604,2.5006,4.9789,0
0.0041199,0.0015259,-0.005226,0.0076294,2.5006,4.9792,0
0.0036621,0.0012207,-0.0038007,0.0073242,2.5015,4.9783,0.00030518
0.0177,-0.0010681,-0.0038007,0.0083923,2.5018,4.9796,0.00030518
0.020752,-0.0030518,-0.005226,0.0071716,2.5012,4.9796,0.00061035
0.015411,-0.0015259,-0.0047509,0.0059509,2.5018,4.9789,-0.00061035
0.0010681,0.0027466,-0.005226,0.0080872,2.5003,4.9786,0.00030518
0.0065613,0.0093079,-0.0042758,0.011444,2.5012,4.9789,-0.00030518
0.012665,0.014648,-0.0047509,0.013733,2.5015,4.9792,-0.00030518
0,0.013885,-0.0047509,0.010376,2.5015,4.9786,0.00030518
-0.009613,0.0093079,-0.0047509,0.012512,2.5021,4.978,-0.00030518
-0.016327,0.0050354,-0.005226,0.021973,2.5018,4.9789,0.00030518
-0.018463,0.0012207,-0.0042758,0.027008,2.5009,4.9783,0.00091553
-0.004425,0.0021362,-0.0047509,0.019989,2.5018,4.978,0.00030518
-0.0076294,0.0033569,-0.0042758,0.015717,2.5003,4.9792,-0.00030518
-0.024261,0.00045776,-0.005226,0.025482,2.5015,4.9786,0
-0.021515,-0.0010681,-0.005701,0.023346,2.5012,4.9792,0.00091553
0.00076294,-0.0033569,-0.0042758,0.0053406,2.5018,4.9789,0.00061035
0.0090027,-0.0045776,-0.0038007,-0.00030518,2.5009,4.9796,0
0.0099182,-0.0056458,-0.0042758,0.0039673,2.5009,4.9786,0.00030518
0.0091553,-0.004425,-0.0038007,0.0073242,2.5009,4.9792,0.00030518
0.0094604,-0.00091553,-0.0042758,0.0080872,2.5012,4.9789,0.00061035
0.0027466,0.0036621,-0.0042758,0.012512,2.5006,4.9786,0.00030518
0.0021362,0.0039673,-0.0047509,0.016174,2.5006,4.9792,-0.00030518
-0.0045776,0.0010681,-0.005701,0.013885,2.5021,4.9789,-0.00061035
-0.012512,-0.002594,-0.0038007,0.013428,2.5015,4.9789,0.00091553
-0.010223,-0.0082397,-0.0047509,0.019531,2.5012,4.9789,0.00030518
-0.0024414,-0.013123,-0.0038007,0.024567,2.5015,4.9783,-0.00030518
0.0033569,-0.01236,-0.0042758,0.020142,2.5015,4.9783,0
0.0024414,-0.0085449,-0.0042758,0.010376,2.5009,4.9789,0
-0.00076294,-0.0061035,-0.0038007,0.010223,2.5015,4.9792,0.00030518
-0.0047302,-0.0053406,-0.0047509,0.01709,2.5006,4.9786,0.00030518
-0.011139,-0.0054932,-0.0038007,0.019684,2.5009,4.9783,-0.00030518
-0.0059509,-0.0010681,-0.0038007,0.015259,2.5012,4.9783,-0.00030518
-0.010834,0.002594,-0.0042758,0.014648,2.5012,4.9789,0
-0.011139,0.0028992,-0.0042758,0.015564,2.5021,4.9789,0
0.00030518,0.0042725,-0.0042758,0.014954,2.5012,4.9789,0
-0.00076294,0.0085449,-0.005226,0.014648,2.5015,4.9796,0.00061035
-0.0088501,0.0099182,-0.0047509,0.015869,2.5018,4.9783,0
0.00030518,0.0079346,-0.0033257,0.017242,2.5012,4.9783,0
0.0093079,0.0057983,-0.005701,0.015717,2.5018,4.9789,0.00030518
0.013885,0.0054932,-0.005226,0.013733,2.5018,4.9786,-0.00061035
0.016022,0.0036621,-0.005701,0.010071,2.5018,4.9786,0.00030518
0.018463,0.0024414,-0.005226,0.0071716,2.5015,4.9783,-0.00061035
0.010376,0.0030518,-0.0047509,0.0093079,2.5009,4.9762,0.00091553
0.0088501,0.0062561,-0.0038007,0.016022,2.5009,4.9744,0
0.01297,0.0074768,-0.0047509,0.018463,2.5003,4.975,0
0.012665,0.0042725,-0.005226,0.021515,2.5009,4.9734,0
0.0045776,0.0013733,-0.0047509,0.02533,2.5006,4.9744,-0.00030518
0.00076294,0.0021362,-0.005226,0.020599,2.5024,4.9747,0.00030518
-0.00030518,0.0021362,-0.0038007,0.013275,2.5009,4.9747,-0.00030518
0.0061035,0.0045776,-0.0042758,0.011902,2.5009,4.9747,0.00030518
0.0094604,0.0059509,-0.0042758,0.014648,2.5009,4.975,0.00030518
0.017242,0.0042725,-0.0061761,0.021973,2.5015,4.9747,-0.00030518
0.013275,0.0036621,-0.0042758,0.030518,2.5018,4.9747,0
0.0036621,0.0042725,-0.0047509,0.033264,2.5012,4.9762,0.00030518
0.0041199,0.0039673,-0.0042758,0.027618,2.5009,4.9762,-0.00030518
0.0085449,0.0028992,-0.005226,0.023956,2.5006,4.9765,0.00030518
0.009613,0.0045776,-0.0042758,0.026245,2.5009,4.978,-0.00030518
0.0019836,0.0079346,-0.0047509,0.031891,2.5012,4.9783,0.00030518
-0.0032043,0.0074768,-0.0042758,0.030365,2.5009,4.9786,-0.00030518
-0.0065613,0.0056458,-0.0047509,0.028534,2.5021,4.9789,-0.00061035
-0.016937,0.0054932,-0.0047509,0.032349,2.5012,4.9799,0
-0.014343,0.0065613,-0.0042758,0.036163,2.5009,4.9783,0
-0.0082397,0.0067139,-0.0042758,0.034027,2.5012,4.9792,-0.00061035
-0.0022888,0.0065613,-0.0042758,0.026398,2.5009,4.9792,0.00030518
0.00061035,0.007782,-0.0047509,0.017548,2.5006,4.9792,-0.00030518
0.0021362,0.010376,-0.005226,0.013123,2.5015,4.9792,-0.00030518
0.0038147,0.010376,-0.0042758,0.016632,2.5015,4.9786,0
0.0016785,0.0057983,-0.0042758,0.020294,2.5009,4.9786,0.00030518
0.00030518,0.0038147,-0.0047509,0.020599,2.5009,4.9786,0.00091553
-0.0018311,0.0024414,-0.0042758,0.016785,2.5018,4.9783,0.00030518
-0.0039673,-0.0013733,-0.0047509,0.0085449,2.5006,4.978,-0.00030518
0.0027466,-0.0061035,-0.0047509,0.005188,2.5009,4.9774,-0.00061035
0.0056458,-0.0053406,-0.005226,0.0036621,2.5012,4.9783,0
0.0085449,-0.007019,-0.0047509,0.0032043,2.5006,4.9789,0
0.0080872,-0.0059509,-0.0042758,0.0039673,2.5009,4.9786,0.00030518
-0.00076294,-0.0053406,-0.0047509,0.0057983,2.5009,4.9789,0.00030518
-0.0068665,-0.007782,-0.005701,0.0064087,2.5015,4.9789,0.00030518
-0.0061035,-0.010986,-0.0047509,0.0050354,2.5015,4.9792,0.00030518
0.0015259,-0.011139,-0.0042758,0.0045776,2.5027,4.9786,0
0.005188,-0.011139,-0.005226,0.0036621,2.5018,4.9796,0.00030518
-0.00045776,-0.0082397,-0.0042758,0.0027466,2.5012,4.9792,0
0.00045776,-0.0061035,-0.0047509,0.0019836,2.5015,4.9792,0.00030518
0.0050354,-0.0056458,-0.0038007,0.0013733,2.5021,4.9792,-0.00030518
0.013885,-0.0065613,-0.0047509,-0.0013733,2.5009,4.9786,0.00061035
0.010986,-0.0065613,-0.0047509,-0.00061035,2.5024,4.9783,-0.00030518
0.0027466,-0.0022888,-0.0042758,0.0016785,2.5024,4.9786,0
-0.00076294,0.0018311,-0.0042758,0.0059509,2.5015,4.9789,0.00061035
-0.0038147,0.0027466,-0.0047509,0.0047302,2.5018,4.9792,0.00030518
-0.0091553,0.0019836,-0.0042758,0.0053406,2.5021,4.9789,0
-0.0091553,0.0019836,-0.0047509,0.0083923,2.5018,4.9796,0.00030518
-0.010223,-0.00061035,-0.0042758,0.013885,2.5009,4.9774,0.00030518
-0.0016785,0.0010681,-0.0047509,0.015869,2.5009,4.9783,0.00030518
-0.0036621,0.00091553,-0.0047509,0.016174,2.5006,4.9783,-0.00030518
-0.010681,-0.0013733,-0.0042758,0.01297,2.5006,4.9789,-0.00030518
-0.010529,-0.0039673,-0.0042758,0.0042725,2.5003,4.9786,0.00091553
0.00061035,-0.0027466,-0.0033257,-0.00045776,2.5009,4.9796,0
0.023041,-0.0015259,-0.0047509,0.0048828,2.5018,4.9786,0
0.027313,-0.00061035,-0.0042758,0.010071,2.5021,4.9789,-0.00030518
0.011292,0.0019836,-0.0042758,0.010223,2.5018,4.9786,-0.00061035
0.011292,0.0022888,-0.005226,0.016785,2.5006,4.9789,-0.00091553
-0.011139,0.0042725,-0.0047509,0.02594,2.5003,4.9789,0.00030518
-0.019379,0.0062561,-0.0047509,0.026093,2.5009,4.9786,0
-0.016327,0.0056458,-0.0047509,0.020752,2.5009,4.9783,0
-0.010986,0.0021362,-0.005226,0.01358,2.5021,4.9789,0.00061035
-0.0083923,0.0010681,-0.0042758,0.011749,2.5015,4.9783,0.00030518
-0.010376,0.0015259,-0.0047509,0.010681,2.5012,4.9786,0
-0.016479,0.0015259,-0.0047509,0.0061035,2.5015,4.9796,0
-0.019531,0.0016785,-0.0047509,0.009613,2.5012,4.9796,-0.00061035
-0.01709,0.0028992,-0.0042758,0.022278,2.5018,4.978,-0.00061035
-0.018005,0.002594,-0.0042758,0.032959,2.5018,4.9786,0.00030518
-0.013885,0.0033569,-0.005226,0.02594,2.5015,4.9771,0.00030518
-0.0057983,0.0039673,-0.0042758,0.0094604,2.5006,4.9789,0.00030518
-0.0053406,0.0050354,-0.0047509,0.00015259,2.5015,4.978,0.00030518
0.0090027,0.0053406,-0.0047509,-0.0045776,2.5015,4.9792,0.00030518
0.014648,0.0042725,-0.005701,-0.0076294,2.5009,4.978,0.00030518
0.0061035,0.0019836,-0.0042758,-0.015259,2.5012,4.9789,-0.00061035
-0.010681,0.00015259,-0.005226,-0.020599,2.5018,4.9789,0.00091553
-0.013428,0.00061035,-0.0038007,-0.016479,2.5012,4.9783,-0.00030518
-0.0061035,0.0028992,-0.0042758,-0.015106,2.5009,4.9789,0.00030518
-0.0028992,0.0012207,-0.005701,-0.02182,2.5009,4.9789,0
-0.0086975,-0.0035095,-0.005226,-0.027313,2.5018,4.9783,0
-0.00076294,-0.0048828,-0.005226,-0.02533,2.5027,4.9783,0
0.0019836,-0.0019836,-0.0047509,-0.020447,2.5015,4.9762,-0.00030518
0.039978,-0.0022888,-0.0042758,-0.022125,2.5018,4.9756,0
0.071716,-0.0053406,-0.0047509,-0.032806,2.5006,4.975,0.00030518
0.049744,-0.010986,-0.0047509,-0.040588,2.5018,4.9738,0.00061035
-0.00091553,-0.015717,-0.0047509,-0.041199,2.5015,4.9741,0
-0.0085449,-0.01709,-0.0042758,-0.033875,2.5012,4.975,0
0.027618,-0.014343,-0.0047509,-0.022736,2.5012,4.9747,-0.00030518
0.033417,-0.010529,-0.0042758,-0.017548,2.5009,4.975,0.00061035
-0.017853,-0.0094604,-0.0047509,-0.016022,2.5009,4.9747,0
-0.028381,-0.0099182,-0.005226,-0.017395,2.5015,4.9747,0.00030518
-0.009613,-0.0094604,-0.0042758,-0.019989,2.5009,4.9762,0.00030518
-0.0062561,-0.0045776,-0.0047509,-0.02243,2.5021,4.9747,0.00091553
-0.016022,-0.0016785,-0.0042758,-0.018311,2.5018,4.9765,0.00030518
-0.018158,0.0018311,-0.0047509,-0.0082397,2.5018,4.9765,0
-0.011444,0.0053406,-0.0038007,0.0021362,2.5012,4.9774,0
-0.0036621,0.0038147,-0.005226,0.0071716,2.5012,4.9783,0.00061035
-0.0041199,0.0035095,-0.0042758,0.007782,2.5003,4.9789,-0.00030518
-0.010529,0.0068665,-0.0042758,0.010681,2.5015,4.9789,0.00030518
-0.023956,0.0073242,-0.0047509,0.014038,2.5009,4.9786,0
-0.018311,0.0033569,-0.0028506,0.019226,2.5021,4.9786,0.00030518
-0.0082397,-0.00076294,-0.005226,0.022278,2.5018,4.9789,0.00030518
-0.0039673,-0.00015259,-0.0047509,0.022736,2.5006,4.9789,0
-0.016937,0.0022888,-0.0042758,0.023651,2.5006,4.9786,0.00030518
-0.039673,0.0027466,-0.0047509,0.026093,2.5003,4.9792,-0.00061035
-0.048523,0.00061035,-0.0047509,0.030365,2.5006,4.9792,0.00030518
-0.037384,0.0022888,-0.0042758,0.034943,2.5012,4.9789,0.00030518
-0.030365,0.0010681,-0.005226,0.029755,2.5024,4.9786,-0.00030518
-0.043793,-0.0012207,-0.0047509,0.020752,2.5009,4.9796,0.00030518
-0.05661,-0.0028992,-0.005701,0.032043,2.5015,4.978,0
-0.04303,-0.0018311,-0.005226,0.047455,2.5012,4.9789,0.00061035
-0.048065,-0.0010681,-0.0042758,0.042114,2.5015,4.978,0.00030518
-0.049896,-0.0018311,-0.0047509,0.028534,2.5018,4.9786,0.00091553
-0.045624,-0.0016785,-0.0042758,0.019684,2.5018,4.9789,0.00061035
-0.041046,0.00045776,-0.005226,0.018311,2.5009,4.9796,0
-0.042267,0.00015259,-0.005226,0.02533,2.5031,4.9786,0
-0.04837,-0.00015259,-0.0042758,0.039368,2.5,4.9786,-0.00061035
-0.05188,-0.00061035,-0.0042758,0.050964,2.5015,4.9786,-0.00030518
-0.052338,0.00061035,-0.005701,0.050812,2.5006,4.9786,-0.00030518
-0.059357,0.00030518,-0.0042758,0.046844,2.5009,4.9796,0.00061035
-0.050507,-0.00015259,-0.0042758,0.049133,2.5012,4.9786,0.00030518
-0.031586,0.00045776,-0.005226,0.059509,2.5012,4.9786,-0.00061035
-0.02182,0.0024414,-0.005701,0.069733,2.5006,4.9786,0
-0.055847,0.0012207,-0.0047509,0.069733,2.5027,4.9789,-0.00030518
-0.068512,-0.0012207,-0.0038007,0.066528,2.5015,4.9792,0
-0.059204,-0.00030518,-0.005226,0.079498,2.5015,4.9789,0.00030518
-0.059357,0,-0.0042758,0.10269,2.5009,4.9792,0.00030518
-0.067139,-0.0015259,-0.0047509,0.12009,2.5012,4.9786,0.00030518
-0.065002,0.00091553,-0.0042758,0.13107,2.5012,4.9789,0.00030518
-0.068512,0.0035095,-0.0047509,0.14099,2.5009,4.9774,0.00030518
-0.072937,0.0028992,-0.0042758,0.15579,2.5009,4.9783,0
-0.088043,0.00076294,-0.0047509,0.16953,2.5015,4.9789,0
-0.10223,0.0010681,-0.0047509,0.18219,2.5015,4.9786,0.00030518
-0.10529,0.00030518,-0.005701,0.19424,2.5012,4.9796,0
-0.10788,-0.00030518,-0.0047509,0.20477,2.5021,4.9792,0.00030518
-0.12085,0.00045776,-0.005226,0.21423,2.5006,4.9786,0.00061035
-0.13794,0.00015259,-0.0042758,0.22141,2.5012,4.9786,-0.00030518
-0.14572,-0.00030518,-0.0033257,0.23148,2.5012,4.9789,0
-0.15198,0.0019836,-0.005701,0.242,2.5018,4.9789,0.00030518
-0.15915,0.0024414,-0.005226,0.2565,2.5018,4.9792,-0.00061035
-0.15244,0,-0.0042758,0.27557,2.5003,4.9783,0.00061035
-0.15808,-0.0024414,-0.0038007,0.28687,2.5006,4.9786,0.00030518
-0.17136,-0.0016785,-0.005226,0.29785,2.5021,4.9792,0
-0.18097,-0.0019836,-0.0047509,0.31143,2.5018,4.9783,0.00030518
-0.18341,-0.0028992,-0.005226,0.33142,2.5021,4.9783,-0.00030518
-0.16907,-0.0030518,-0.005226,0.35049,2.5009,4.9786,-0.00030518
-0.13199,-0.0032043,-0.0033257,0.36423,2.5009,4.9789,-0.00030518
-0.088654,0.00045776,-0.0047509,0.37659,2.4997,4.9786,-0.00061035
-0.098419,0.0035095,-0.0047509,0.38254,2.5012,4.9789,0.00030518
-0.11475,0.0039673,-0.0038007,0.38559,2.4997,4.9774,-0.00091553
-0.098419,0.0028992,-0.005701,0.38742,2.5006,4.9786,0
-0.09201,0.0042725,-0.0042758,0.39108,2.5021,4.9786,0
-0.090179,0.0059509,-0.0038007,0.39703,2.5012,4.9783,0.00030518
-0.07309,0.0039673,-0.0047509,0.40161,2.5012,4.9786,0
-0.058594,0.0045776,-0.0042758,0.39413,2.5009,4.9792,-0.00030518
-0.049591,0.0061035,-0.0042758,0.38101,2.5021,4.9792,0
-0.029755,0.0042725,-0.0033257,0.36423,2.5015,4.9783,0
0.00076294,0.0038147,-0.0038007,0.34576,2.5012,4.9792,-0.00061035
0.028076,0.0050354,-0.0047509,0.32394,2.5006,4.9792,0.00030518
0.043945,0.0048828,-0.005226,0.29694,2.5012,4.9786,-0.00061035
0.062256,0.0045776,-0.0038007,0.26077,2.5006,4.9783,-0.00030518
0.074615,0.0056458,-0.0038007,0.21515,2.5006,4.9762,-0.00061035
0.089874,0.0036621,-0.0042758,0.17395,2.5012,4.975,0.00030518
0.11475,0.0045776,-0.005226,0.13565,2.5012,4.9741,0.00061035
0.13702,0.0047302,-0.005226,0.091095,2.5012,4.9744,-0.00061035
0.15396,0.0027466,-0.0047509,0.046692,2.5009,4.9747,0
0.16983,-0.00030518,-0.0047509,0.010529,2.5012,4.9744,0
0.18661,-0.00030518,-0.0033257,-0.0177,2.5012,4.9747,0.00030518
0.21713,0.0038147,-0.005226,-0.045624,2.5015,4.9747,0
0.24185,0.0048828,-0.0038007,-0.078583,2.5021,4.9738,0.00030518
0.26855,0.004425,-0.0047509,-0.11154,2.5018,4.9738,0.00030518
0.289,0.0030518,-0.0038007,-0.14481,2.5015,4.9759,0
0.31219,0.0019836,-0.0047509,-0.17334,2.5015,4.9756,-0.00061035
0.33264,0.0030518,-0.005226,-0.19867,2.5009,4.9756,0
0.34363,0.0018311,-0.0042758,-0.22797,2.5018,4.9756,-0.00061035
0.36057,-0.00015259,-0.0042758,-0.26093,2.5018,4.978,0
0.38437,-0.00045776,-0.005226,-0.29297,2.5006,4.9792,-0.00030518
0.40894,0.00045776,-0.0047509,-0.3183,2.5012,4.978,0.00030518
0.42267,-0.00076294,-0.0042758,-0.34592,2.5009,4.9789,-0.00061035
0.42969,-0.0013733,-0.0038007,-0.38406,2.5012,4.9792,0.00030518
0.45242,-0.00076294,-0.0038007,-0.42374,2.5009,4.9777,0.00030518
0.46356,0.00045776,-0.0047509,-0.4631,2.5006,4.9796,0.00061035
0.46524,0.0035095,-0.0038007,-0.49393,2.5009,4.9792,0
0.47028,0.0035095,-0.0047509,-0.51697,2.5012,4.9789,0.00061035
0.46753,0.00091553,-0.0042758,-0.53207,2.5018,4.9789,-0.00091553
0.45624,-0.00045776,-0.005226,-0.55283,2.5015,4.9786,-0.00091553
0.46005,-0.00061035,-0.0042758,-0.57465,2.5021,4.978,-0.00030518
0.47989,-0.00091553,-0.0042758,-0.59067,2.5012,4.9783,0.00030518
0.44189,-0.0019836,-0.0047509,-0.59875,2.5015,4.9792,0.00061035
0.39948,-0.0016785,-0.0042758,-0.61142,2.5015,4.9771,0
0.39673,-0.0019836,-0.0042758,-0.62729,2.5003,4.978,0
0.38101,-0.0041199,-0.0033257,-0.63034,2.5015,4.9789,-0.00061035
0.36758,-0.0039673,-0.0042758,-0.62073,2.5003,4.9786,0.00061035
0.37491,-0.0019836,-0.0038007,-0.62057,2.5015,4.9789,0
0.33005,-0.0021362,-0.0047509,-0.63202,2.5006,4.9789,0.00030518
0.27039,-0.0053406,-0.0042758,-0.64194,2.5018,4.9783,-0.00061035
0.23834,-0.0050354,-0.0038007,-0.63293,2.5012,4.9783,0.00030518
0.20966,-0.0024414,-0.0033257,-0.62256,2.5015,4.9789,-0.00061035
0.18082,-0.0022888,-0.0042758,-0.62836,2.5003,4.9789,-0.00061035
0.16296,-0.0016785,-0.0042758,-0.63171,2.5018,4.9786,0
0.14725,0.0013733,-0.005701,-0.62408,2.5018,4.9789,-0.00061035
0.13168,0.0039673,-0.0047509,-0.6131,2.5012,4.9792,-0.00030518
0.12009,0.00061035,-0.0047509,-0.60333,2.5015,4.9792,0
0.085602,-0.0036621,-0.0042758,-0.59113,2.5015,4.9789,0.00030518
0.053864,-0.0042725,-0.0042758,-0.57404,2.5012,4.9796,0
0.038147,-0.00091553,-0.0042758,-0.55984,2.5006,4.9796,0
0.046082,0.0012207,-0.0047509,-0.54794,2.5009,4.9783,-0.00030518
0.077362,0.00076294,-0.0042758,-0.53513,2.5012,4.978,0.00061035
0.057831,-0.00030518,-0.0042758,-0.52582,2.5024,4.9789,0
-0.002594,0,-0.0047509,-0.51376,2.5015,4.9777,-0.00061035
-0.026703,0.0027466,-0.0042758,-0.48279,2.5018,4.9786,-0.00091553
-0.04303,0.0015259,-0.0047509,-0.44434,2.5006,4.978,-0.00030518
-0.059509,0.00015259,-0.0042758,-0.41214,2.5018,4.9786,-0.00091553
-0.077057,-0.0018311,-0.0038007,-0.37827,2.5018,4.9786,0.00030518
-0.103,-0.0015259,-0.0047509,-0.34424,2.5027,4.9783,0.00030518
-0.11993,0.0013733,-0.005226,-0.31906,2.5006,4.9792,0
-0.13046,0.0027466,-0.0047509,-0.29785,2.5012,4.9796,0.00030518
-0.15472,0.00076294,-0.0042758,-0.27557,2.5009,4.9786,-0.00061035
-0.17181,0.0010681,-0.0042758,-0.24979,2.5015,4.9792,0
-0.16953,0.00015259,-0.0042758,-0.22247,2.5018,4.9789,-0.00030518
-0.16083,-0.0016785,-0.0042758,-0.19012,2.5024,4.9789,0
-0.17288,-0.0018311,-0.0047509,-0.16006,2.5006,4.9783,-0.00030518
-0.17563,-0.00045776,-0.005226,-0.13611,2.5015,4.9792,0
-0.15991,-0.00045776,-0.0042758,-0.11887,2.5006,4.9783,-0.00061035
-0.13962,0.0015259,-0.0042758,-0.09613,2.5024,4.9786,-0.00030518
-0.16006,0.0045776,-0.0042758,-0.066833,2.5003,4.9789,-0.00030518
-0.17136,0.005188,-0.005226,-0.040894,2.5018,4.9786,0.00030518
-0.16525,0.0016785,-0.0042758,-0.027313,2.5024,4.9789,-0.00030518
-0.1683,0.0024414,-0.0047509,-0.013123,2.5006,4.9783,0.00030518
-0.17517,0.0035095,-0.0033257,0.0082397,2.5015,4.9789,0
-0.16174,0.0039673,-0.005226,0.031891,2.5021,4.978,-0.00030518
-0.16342,0.0028992,-0.0047509,0.056915,2.5012,4.9792,0.00091553
-0.18143,0.0033569,-0.0042758,0.077209,2.5021,4.9786,-0.00030518
-0.18494,0.0038147,-0.0042758,0.086365,2.5018,4.9792,0.00030518
-0.15976,0.0042725,-0.0042758,0.094147,2.5009,4.9792,0.00061035
-0.13382,0.0027466,-0.0033257,0.10788,2.5021,4.9789,0.00091553
-0.14679,0.00091553,-0.005226,0.12329,2.5006,4.9789,-0.00061035
-0.17441,0.0021362,-0.0042758,0.14221,2.5012,4.9783,-0.00030518
-0.1857,0.0036621,-0.0033257,0.15884,2.5009,4.9796,-0.00061035
-0.18204,0.0028992,-0.0047509,0.17334,2.5021,4.9796,-0.00061035
-0.17197,0.00091553,-0.0047509,0.18372,2.5015,4.9786,0.00030518
-0.1709,-0.00061035,-0.0042758,0.19333,2.5012,4.9756,0.00030518
-0.17654,0.00045776,-0.0038007,0.2037,2.5009,4.9753,0.00030518
-0.18677,0.0015259,-0.005226,0.21057,2.5015,4.9747,-0.00030518
-0.18402,-0.00076294,-0.0042758,0.2153,2.5012,4.9747,-0.00030518
-0.1825,-0.0010681,-0.005226,0.22461,2.5018,4.9744,0.00091553
-0.19501,0.00045776,-0.0033257,0.23438,2.5018,4.9756,-0.00030518
-0.19501,-0.00091553,-0.0033257,0.23712,2.5015,4.9747,0
-0.18448,-0.0010681,-0.0038007,0.24048,2.5012,4.975,-0.00091553
-0.18295,0.00061035,-0.0033257,0.25681,2.5015,4.9747,0.00030518
-0.19196,0.002594,-0.0042758,0.26932,2.5018,4.9744,0.00030518
-0.1973,0.0013733,-0.0038007,0.26886,2.5015,4.9753,-0.00061035
-0.20035,-0.0013733,-0.0047509,0.27008,2.5021,4.9771,-0.00061035
-0.20325,0.00091553,-0.0047509,0.28473,2.5009,4.9756,0.00030518
-0.20935,0.0033569,-0.005226,0.29846,2.5003,4.975,0.00030518
-0.21805,0.0039673,-0.0042758,0.30136,2.5012,4.9774,0
-0.23087,0.0041199,-0.0033257,0.30426,2.5018,4.9786,0.00030518
-0.23331,0.0053406,-0.0042758,0.31219,2.5012,4.9783,0
-0.22552,0.0076294,-0.0038007,0.31586,2.5018,4.9783,-0.00061035
-0.21896,0.0053406,-0.005701,0.30746,2.5021,4.9792,0.00030518
-0.19547,0.0036621,-0.0042758,0.30762,2.5006,4.9783,-0.00030518
-0.1593,0.0027466,-0.005226,0.31754,2.5012,4.9783,0
-0.13641,0.0010681,-0.0038007,0.32928,2.5015,4.9789,0.00030518
-0.17975,-0.00030518,-0.0038007,0.33386,2.5021,4.9789,0.00030518
-0.24353,-0.0019836,-0.0033257,0.33493,2.5018,4.9786,0
-0.28046,-0.002594,-0.0033257,0.33264,2.5009,4.9786,-0.00091553
-0.29205,-0.0032043,-0.0033257,0.32776,2.5012,4.9783,0.00030518
-0.27542,-0.0056458,-0.0042758,0.32089,2.5015,4.9792,0
-0.25253,-0.0059509,-0.0042758,0.31921,2.5012,4.9789,0
-0.2417,-0.0056458,-0.0047509,0.32135,2.5012,4.978,0.00030518
-0.22278,-0.0059509,-0.0042758,0.32196,2.5015,4.9792,0.00030518
-0.22217,-0.0041199,-0.0047509,0.31677,2.5018,4.9789,-0.00030518
-0.24597,-0.0019836,-0.0047509,0.31113,2.5003,4.9786,0
-0.26398,0.0015259,-0.0047509,0.31326,2.5018,4.9792,-0.00030518
-0.24536,0.0022888,-0.0042758,0.30426,2.5009,4.9786,0.00030518
-0.21805,0.0032043,-0.0038007,0.28412,2.5012,4.9789,0
-0.20142,0.0030518,-0.0038007,0.26855,2.5021,4.9783,0.00030518
-0.18661,0.00076294,-0.005701,0.27069,2.5015,4.9789,0.00030518
-0.16373,-0.00015259,-0.0038007,0.27908,2.5018,4.978,0
-0.14389,0.0016785,-0.0033257,0.2832,2.5009,4.9796,0.00030518
-0.13641,0.0038147,-0.0047509,0.27588,2.5006,4.9796,0.00061035
-0.13718,0.0042725,-0.0042758,0.26337,2.5009,4.9786,0.00030518
-0.15259,0.0054932,-0.0033257,0.26138,2.5015,4.9789,0.00030518
-0.20691,0.0079346,-0.0042758,0.26749,2.5009,4.9786,-0.00030518
-0.22583,0.0062561,-0.0042758,0.26825,2.5021,4.9799,0.00030518
-0.21286,0.0036621,-0.0042758,0.26443,2.5009,4.9786,0.00030518
-0.2063,0.0045776,-0.0047509,0.26291,2.5009,4.9789,0
-0.20889,0.0061035,-0.0038007,0.26199,2.5006,4.9777,-0.00030518
-0.20081,0.0038147,-0.0042758,0.25375,2.5012,4.9789,-0.00030518
-0.17883,-0.00015259,-0.0042758,0.24078,2.5018,4.978,-0.00030518
-0.14542,0.00015259,-0.0047509,0.23392,2.5021,4.9786,0.00030518
-0.13428,0.002594,-0.0038007,0.22003,2.5009,4.9786,0.00030518
-0.13443,0.0036621,-0.0042758,0.20935,2.5024,4.9789,-0.00030518
-0.12558,0.0015259,-0.0047509,0.20767,2.5009,4.9786,-0.00061035
-0.12283,0,-0.005226,0.20981,2.5021,4.9789,0.00030518
-0.10956,-0.00061035,-0.0047509,0.20248,2.5012,4.9792,-0.00091553
-0.081024,0.0030518,-0.0042758,0.18326,2.5018,4.978,-0.00061035
-0.070343,0.0048828,-0.0042758,0.16281,2.5006,4.9792,-0.00030518
-0.079498,0.00091553,-0.0047509,0.14771,2.5009,4.9783,0
-0.088196,-0.0021362,-0.005226,0.14175,2.5003,4.978,0.00061035
-0.072174,-0.0016785,-0.0042758,0.14328,2.5018,4.9786,0.00030518
-0.059204,0.00045776,-0.0042758,0.14648,2.5012,4.9786,0.00061035
-0.049744,-0.0021362,-0.005226,0.14297,2.5015,4.9783,0.00030518
-0.036926,-0.0047302,-0.005226,0.13077,2.5012,4.9786,0
-0.022736,-0.0027466,-0.0042758,0.11642,2.5006,4.9792,-0.00061035
-0.012817,-0.00015259,-0.0047509,0.10818,2.5021,4.9786,0.00030518
-0.0073242,0.002594,-0.005226,0.10132,2.5018,4.9783,-0.00030518
0.0062561,0.0012207,-0.0033257,0.092316,2.5009,4.9799,0
0.019379,-0.00015259,-0.0047509,0.090179,2.5006,4.9786,-0.00030518
0.016479,0.00015259,-0.0033257,0.088654,2.5015,4.9771,0.00030518
0.023804,0,-0.005226,0.081482,2.5018,4.9783,-0.00061035
0.03418,-0.0028992,-0.0047509,0.067749,2.5027,4.9786,-0.00030518
0.040283,-0.0022888,-0.005226,0.054626,2.5006,4.9792,0
0.043182,-0.0012207,-0.0038007,0.049591,2.5015,4.9786,0.00030518
0.043335,-0.0019836,-0.0047509,0.048218,2.5015,4.9786,0
0.050354,-0.0016785,-0.0042758,0.039215,2.5018,4.9792,-0.00030518
0.060272,0.00030518,-0.005226,0.02655,2.5009,4.9783,-0.00030518
0.067749,0.002594,-0.0047509,0.021362,2.5006,4.9786,0.00061035
0.075836,0.0028992,-0.0047509,0.029297,2.5009,4.978,0
0.093384,0.00091553,-0.0042758,0.032349,2.5015,4.9786,0
0.11414,-0.00015259,-0.0042758,0.024719,2.5021,4.9792,0.00030518
0.098114,-0.00045776,-0.005226,0.01297,2.5021,4.9762,-0.00091553
0.085449,-0.00076294,-0.0042758,0.0021362,2.5015,4.975,0.00030518
0.1001,-0.00045776,-0.0033257,-0.0082397,2.5006,4.9744,0.00030518
0.11032,-0.0019836,-0.0033257,-0.021057,2.5009,4.9738,0
0.098877,-0.00045776,-0.0038007,-0.02243,2.5015,4.975,0.00030518
0.090179,0.00015259,-0.0042758,-0.012054,2.5009,4.9744,0.00091553
0.10162,-0.00030518,-0.0042758,-0.0030518,2.5012,4.975,0.00061035
0.11414,-0.0018311,-0.0047509,-0.0090027,2.5009,4.9747,0.00061035
0.10071,-0.0019836,-0.0047509,-0.016479,2.5015,4.9734,-0.00030518
0.095215,-0.0018311,-0.0042758,-0.018616,2.5015,4.9747,0
0.10071,-0.0039673,-0.005701,-0.020447,2.5018,4.975,0
0.10666,-0.0041199,-0.0047509,-0.016632,2.5015,4.9753,0
0.11383,-0.002594,-0.0033257,-0.014954,2.5018,4.9762,0
0.11246,-0.0010681,-0.005226,-0.02655,2.5015,4.9756,0.00030518
0.11551,0.00030518,-0.0042758,-0.045471,2.5012,4.978,-0.00030518
0.1239,0.005188,-0.0047509,-0.054016,2.5009,4.9783,0.00061035
0.12711,0.0082397,-0.0042758,-0.057068,2.5012,4.9786,-0.00091553
0.12619,0.0067139,-0.0047509,-0.059204,2.5012,4.9783,-0.00091553
0.11948,0.0062561,-0.0042758,-0.060425,2.5009,4.9792,0.00061035
0.12482,0.0065613,-0.0042758,-0.059204,2.5012,4.9786,0
0.12344,0.0067139,-0.0047509,-0.061188,2.5015,4.9792,0.00030518
0.1207,0.0053406,-0.0047509,-0.059052,2.5003,4.9792,0.00030518
0.12222,0.007019,-0.0047509,-0.059662,2.5015,4.9789,0
0.11963,0.010071,-0.0047509,-0.071869,2.5009,4.9786,0.00030518
0.11841,0.0073242,-0.0047509,-0.083618,2.5018,4.9789,0.00030518
0.12238,0.0050354,-0.0038007,-0.080109,2.5012,4.9783,0.00030518
0.12894,0.0041199,-0.0042758,-0.077057,2.5012,4.9789,0
0.12527,0.0041199,-0.0042758,-0.079193,2.5012,4.9783,0.00061035
0.10941,0.0041199,-0.0047509,-0.079041,2.5015,4.9774,0.00030518
0.11276,0.004425,-0.0047509,-0.075836,2.5012,4.9777,-0.00091553
0.11429,0.0039673,-0.005226,-0.07431,2.5009,4.9789,0.00030518
0.11139,0.0030518,-0.005226,-0.070496,2.5012,4.9789,0
0.11261,0.0042725,-0.005226,-0.066528,2.5009,4.9792,0
0.11093,0.0050354,-0.0047509,-0.058746,2.5015,4.9774,0.00030518
0.11505,0.0032043,-0.005701,-0.054932,2.5009,4.978,0.00030518
0.11444,0.0010681,-0.005226,-0.04837,2.5015,4.9774,0.00030518
0.1091,-0.00030518,-0.0042758,-0.039825,2.5006,4.9774,0.00030518
0.11185,-0.0015259,-0.0047509,-0.039063,2.5027,4.9765,0.00030518
0.12024,-0.0016785,-0.0038007,-0.048065,2.5012,4.9762,-0.00030518
0.13565,-0.0010681,-0.0047509,-0.056152,2.5018,4.9768,0.00030518
0.13351,-0.0016785,-0.005226,-0.062408,2.5009,4.9765,0.00030518
0.12131,-0.0016785,-0.0047509,-0.066528,2.5012,4.9774,0.00030518
0.10818,-0.0018311,-0.0038007,-0.061798,2.5009,4.9768,0
0.095367,-0.0028992,-0.0047509,-0.049896,2.5018,4.9774,-0.00061035
0.092163,-0.0041199,-0.0042758,-0.043793,2.5015,4.9768,0.00030518
0.10284,-0.0038147,-0.005701,-0.046997,2.5018,4.9771,0.00061035
0.10651,-0.0035095,-0.0038007,-0.049133,2.5015,4.9777,0.00030518
0.087585,-0.0045776,-0.0042758,-0.05127,2.5012,4.9771,-0.00030518
0.076904,-0.0065613,-0.0047509,-0.052948,2.5009,4.978,0
0.088806,-0.0074768,-0.005226,-0.053711,2.5012,4.9768,-0.00061035
0.089417,-0.0056458,-0.0042758,-0.059967,2.5012,4.9774,0.00030518
0.07782,-0.0035095,-0.0042758,-0.066681,2.5012,4.9777,0.00030518
0.067139,-0.0032043,-0.0042758,-0.062256,2.5006,4.9774,0.00030518
0.068359,-0.0033569,-0.005226,-0.050812,2.5006,4.978,0
0.077515,-0.0033569,-0.005226,-0.046844,2.5006,4.9777,0
0.086212,-0.00061035,-0.0042758,-0.057983,2.5015,4.9786,-0.00061035
0.0914,0.0036621,-0.0047509,-0.064545,2.5006,4.9783,0.00030518
0.12238,0.0059509,-0.0047509,-0.05722,2.5018,4.978,0.00030518
0.13443,0.0053406,-0.0038007,-0.045319,2.5015,4.9783,0
0.097961,0.0032043,-0.0042758,-0.041046,2.5015,4.9777,0.00030518
0.052032,0.0019836,-0.0042758,-0.045319,2.5012,4.9777,-0.00030518
0.038147,0.0013733,-0.0042758,-0.04364,2.5018,4.9777,0
0.03891,-0.0018311,-0.005226,-0.036774,2.5015,4.9765,0
0.035706,-0.0036621,-0.0047509,-0.034943,2.5015,4.9771,0.00030518
0.0354,-0.0019836,-0.0042758,-0.040283,2.5009,4.9771,0
0.054779,-0.0019836,-0.0038007,-0.039063,2.5015,4.9777,0.00030518
0.074768,-0.0038147,-0.0047509,-0.032196,2.5015,4.978,0.00030518
0.067596,-0.0039673,-0.0047509,-0.033875,2.5006,4.978,0.00030518
0.05127,-0.0036621,-0.0038007,-0.042572,2.5018,4.9765,0.00030518
0.056152,-0.0032043,-0.0042758,-0.037079,2.5009,4.9777,0.00030518
0.052185,-0.0032043,-0.0047509,-0.020752,2.5012,4.9768,0
0.041656,-0.00076294,-0.0047509,-0.011597,2.5012,4.9771,0
0.037384,0.00015259,-0.0047509,-0.0093079,2.5015,4.9777,-0.00030518
0.04303,-0.002594,-0.0047509,-0.012207,2.5012,4.978,0.00030518
0.045471,-0.0035095,-0.0038007,-0.017395,2.5024,4.978,-0.00061035
0.041504,-0.0022888,-0.0047509,-0.019531,2.5015,4.9777,0.00030518
0.03006,-0.0012207,-0.0047509,-0.019226,2.5021,4.9774,-0.00030518
0.01709,-0.0016785,-0.0038007,-0.011444,2.5009,4.978,0
0.014954,-0.0027466,-0.005226,-0.0061035,2.5012,4.9777,0
0.050354,-0.0033569,-0.0042758,-0.0053406,2.4994,4.9774,-0.00061035
0.082703,-0.0054932,-0.0038007,-0.0059509,2.5015,4.9741,0.00061035
0.074615,-0.0073242,-0.0038007,-0.010834,2.5003,4.9731,-0.00030518
0.026398,-0.007782,-0.005701,-0.013428,2.5012,4.9734,-0.00030518
-0.004425,-0.0030518,-0.0047509,-0.012817,2.5015,4.9728,0.00030518
-0.011292,0.00045776,-0.005226,-0.018768,2.5006,4.9731,0.00030518
-0.016937,0.0015259,-0.0047509,-0.028076,2.5009,4.9728,0.00030518
-0.024719,0.0030518,-0.0047509,-0.032806,2.5021,4.9731,0.00030518
-0.023193,0.0038147,-0.0047509,-0.032196,2.5009,4.9731,0.00030518
-0.0177,0.0054932,-0.0047509,-0.029755,2.5021,4.9741,0
-0.0047302,0.0041199,-0.0042758,-0.031281,2.5018,4.9741,0.00061035
-0.005188,0.0013733,-0.005226,-0.032196,2.5009,4.9744,-0.00061035
-0.013733,0.00076294,-0.0047509,-0.032501,2.5009,4.9747,0
-0.015411,0.0027466,-0.005226,-0.034637,2.5009,4.975,0.00061035
-0.013275,0.0027466,-0.0047509,-0.035858,2.5009,4.9744,0
-0.014343,0.0033569,-0.005226,-0.032806,2.5009,4.9768,0.00030518
-0.015564,0.0050354,-0.0042758,-0.024719,2.5018,4.9765,-0.00030518
-0.014954,0.0048828,-0.0047509,-0.019836,2.5012,4.9786,0.00030518
-0.014496,0.0032043,-0.0047509,-0.024261,2.5015,4.9774,0.00030518
-0.010834,0.00076294,-0.0038007,-0.027161,2.5012,4.9783,0
-0.0015259,-0.0015259,-0.0061761,-0.022278,2.5021,4.9771,0
-0.005188,-0.0016785,-0.0047509,-0.018616,2.5015,4.9771,0
-0.0038147,0.00030518,-0.0042758,-0.021362,2.5021,4.9774,0.00030518
-0.0061035,0.00045776,-0.0047509,-0.025482,2.5018,4.9777,0.00030518
-0.015869,-0.00030518,-0.005226,-0.028687,2.5012,4.9777,0.00030518
-0.014801,-0.0018311,-0.0047509,-0.036926,2.5015,4.9774,-0.00030518
0.00030518,-0.0012207,-0.0047509,-0.041351,2.5015,4.9777,0
0.007782,-0.00076294,-0.0042758,-0.029449,2.5015,4.9774,-0.00030518
-0.0027466,-0.00076294,-0.0047509,-0.015411,2.5018,4.978,0.00030518
-0.011139,-0.0018311,-0.0042758,-0.010681,2.5015,4.9792,0.00061035
0.0083923,-0.0027466,-0.005226,-0.0054932,2.5015,4.9777,0.00030518
0.043335,-0.00091553,-0.0042758,0.002594,2.5018,4.978,0.00061035
0.055542,0.0013733,-0.0047509,0.0047302,2.5015,4.9768,-0.00030518
0.012512,0.0012207,-0.0042758,-0.0010681,2.5012,4.978,0
-0.023346,-0.0019836,-0.0042758,-0.0097656,2.5018,4.9774,0
-0.014801,-0.0050354,-0.0047509,-0.016632,2.5018,4.9774,0.00061035
-0.0022888,-0.0021362,-0.0042758,-0.017853,2.5018,4.9768,0.00030518
-0.0039673,-0.00045776,-0.0042758,-0.015106,2.5009,4.9771,0.00061035
-0.0062561,-0.0015259,-0.0042758,-0.0065613,2.5003,4.978,-0.00030518
-0.0013733,0.0010681,-0.005701,0.0076294,2.5012,4.9771,0.00030518
-0.016022,0.0021362,-0.0047509,0.014343,2.5015,4.9774,-0.00030518
-0.031281,0.0010681,-0.0042758,0.0065613,2.5012,4.978,-0.00030518
-0.023041,-0.00030518,-0.0047509,-0.0059509,2.5018,4.9771,-0.00061035
-0.013428,-0.0015259,-0.0038007,-0.0088501,2.5006,4.9768,0
-0.0033569,-0.0028992,-0.0028506,-0.0065613,2.5009,4.9774,0.00030518
0.00015259,0.00091553,-0.005226,-0.0094604,2.5009,4.9777,-0.00061035
-0.0053406,0.0059509,-0.0047509,-0.0085449,2.5015,4.9774,0.00030518
-0.012817,0.0047302,-0.0047509,-0.0039673,2.5015,4.978,0.00030518
-0.015106,0.0036621,-0.0042758,0.0018311,2.5015,4.9783,0
-0.024109,0.0076294,-0.0042758,0.004425,2.5018,4.978,-0.00030518
-0.019989,0.013123,-0.0047509,0.0028992,2.5024,4.9774,-0.00061035
-0.013733,0.010834,-0.0047509,-0.00061035,2.5018,4.9771,-0.00030518
-0.0074768,0.0038147,-0.0042758,0.00076294,2.5012,4.9771,0
0.0022888,-0.0018311,-0.0038007,0.0013733,2.5009,4.9768,0.00061035
0.0061035,-0.0036621,-0.0042758,0.0032043,2.5021,4.9765,-0.00030518
-0.0079346,-0.0021362,-0.005226,0.011139,2.5018,4.9771,0.00030518
-0.01358,-0.00091553,-0.005226,0.016785,2.5003,4.9774,0.00030518
-0.013123,-0.00045776,-0.0033257,0.013885,2.5015,4.9774,-0.00061035
-0.015411,-0.0016785,-0.0042758,0.010529,2.5018,4.9774,-0.00061035
-0.018616,-0.005188,-0.005701,0.0056458,2.5024,4.9771,0
-0.0016785,-0.0073242,-0.005226,-0.0065613,2.5003,4.9777,0
-0.0010681,-0.0054932,-0.0047509,-0.010986,2.5012,4.9774,0.00030518
-0.012512,-0.0022888,-0.0047509,-0.0033569,2.5003,4.9771,0.00030518
-0.0073242,-0.0021362,-0.0038007,0.0033569,2.5015,4.9783,-0.00091553
-0.0054932,-0.0027466,-0.0047509,0.010376,2.5018,4.9771,0.00030518
-0.0083923,-0.0019836,-0.0038007,0.01236,2.5006,4.9777,0
-0.012512,-0.00076294,-0.0047509,0.0082397,2.5018,4.978,0.00061035
-0.021057,0.00030518,-0.0047509,0.0080872,2.5012,4.978,-0.00030518
-0.018158,-0.00091553,-0.0042758,0.0064087,2.5012,4.9789,0
-0.010986,-0.00015259,-0.005226,0.0038147,2.5012,4.9777,-0.00030518
-0.011749,0.00015259,-0.0019004,0.0061035,2.5018,4.9783,0.00061035
-0.01709,0.0022888,-0.0047509,0.0091553,2.5015,4.978,0.00061035
-0.0050354,0.0035095,-0.005226,0.0080872,2.5015,4.9771,0.00030518
0.029755,0.0039673,-0.0042758,0.0064087,2.5027,4.9774,-0.00061035
0.009613,0.0038147,-0.0047509,0.0048828,2.5009,4.9789,0.00030518
-0.024872,0.0065613,-0.0038007,0.011749,2.5021,4.9789,-0.00030518
-0.037537,0.0086975,-0.0047509,0.02655,2.5009,4.978,0.00030518
-0.032654,0.0091553,-0.005226,0.036774,2.5006,4.9796,-0.00061035
-0.029755,0.0080872,-0.0042758,0.038605,2.5018,4.9792,-0.00030518
-0.033417,0.0083923,-0.0042758,0.041504,2.5021,4.9799,0.00030518
-0.027771,0.0086975,-0.0047509,0.053711,2.5012,4.9786,0.00030518
-0.033569,0.0064087,-0.0047509,0.059052,2.5015,4.9762,0.00091553
-0.038757,0.0047302,-0.0047509,0.050354,2.5003,4.9756,0.00061035
-0.027618,0.0039673,-0.0047509,0.036316,2.5021,4.975,-0.00061035
-0.010834,0.0039673,-0.0047509,0.022583,2.5009,4.9753,0
-0.0039673,0.0030518,-0.005226,0.016479,2.5015,4.9744,0.00061035
-0.0093079,0.0033569,-0.0038007,0.015259,2.5021,4.9753,0.00030518
-0.0016785,0.0050354,-0.0042758,0.011444,2.5015,4.9759,0.00061035
0.005188,0.0088501,-0.0038007,0.010834,2.5015,4.9747,0
0.0035095,0.010986,-0.005226,0.014343,2.5021,4.9747,0.00030518
0.015564,0.016327,-0.0047509,0.016174,2.5015,4.9765,-0.00030518
-0.0021362,0.025177,-0.0042758,0.0050354,2.5021,4.9765,0
-0.022125,0.031128,-0.005226,-0.010681,2.5018,4.9765,-0.00061035
-0.014954,0.030823,-0.0033257,-0.018463,2.5012,4.9765,0.00061035
0.0050354,0.026855,-0.0042758,-0.022888,2.5018,4.9765,0
0.024872,0.018768,-0.005226,-0.021515,2.5009,4.9777,0
0.025482,0.0090027,-0.0033257,-0.011902,2.5021,4.9792,-0.00061035
0.016022,0.0038147,-0.0033257,-0.0021362,2.5012,4.9789,0
0.002594,-0.0024414,-0.005226,0.0022888,2.5015,4.9786,0.00030518
-0.018768,-0.0083923,-0.0047509,0.010529,2.5018,4.9783,0
-0.025787,-0.011444,-0.005226,0.015869,2.5009,4.9792,0
-0.023804,-0.0090027,-0.005226,0.014343,2.5,4.9777,0.00061035
-0.01297,-0.0067139,-0.005226,0.0086975,2.5009,4.9789,-0.00030518
0.0050354,-0.0056458,-0.0042758,0.0024414,2.5015,4.9792,-0.00030518
0.0093079,-0.0041199,-0.0038007,0.00045776,2.5012,4.9792,0
-0.0094604,-0.0021362,-0.005226,0.0019836,2.5009,4.9789,0.00030518
-0.018005,-0.0010681,-0.0047509,0.0074768,2.5012,4.9792,0.00030518
-0.0047302,-0.00076294,-0.0033257,0.013733,2.5009,4.9789,-0.00030518
0.0016785,-0.00045776,-0.0033257,0.015717,2.5015,4.9789,0.00061035
-0.013123,0.00061035,-0.0033257,0.01297,2.5006,4.978,0.00061035
-0.023499,0.0027466,-0.0042758,0.01236,2.5024,4.978,-0.00030518
-0.033417,0.0048828,-0.0042758,0.013733,2.5021,4.9786,0.00061035
-0.030975,0.0041199,-0.0042758,0.024719,2.5012,4.9792,0
-0.016022,0.0022888,-0.0038007,0.030975,2.5012,4.9799,0.00061035
0.0013733,0.0027466,-0.0033257,0.017242,2.5012,4.9789,0.00030518
0.0086975,0.0027466,-0.0047509,-0.00030518,2.5006,4.9789,0.00030518
0.0012207,0.0033569,-0.0038007,-0.00030518,2.5015,4.9789,0.00030518
-0.0061035,0.0054932,-0.0033257,0.0068665,2.5015,4.9792,0
0.00015259,0.0079346,-0.0033257,0.0088501,2.5009,4.9789,0.00030518
-0.0048828,0.0099182,-0.0042758,0.0079346,2.5015,4.9786,-0.00061035
-0.0039673,0.0099182,-0.0042758,0.0018311,2.5003,4.9792,-0.00061035
-0.0067139,0.010681,-0.005226,-0.0015259,2.5009,4.9789,0
-0.014343,0.011444,-0.0042758,-0.00030518,2.5018,4.9792,0.00061035
-0.018158,0.0091553,-0.0047509,0.0030518,2.5009,4.9792,0.00030518
-0.0024414,0.007019,-0.0047509,0.0064087,2.5012,4.9802,-0.00030518
-0.0016785,0.0079346,-0.0038007,0.0030518,2.5015,4.9796,0.00061035
-0.013733,0.0074768,-0.0042758,-0.0012207,2.5018,4.9789,0.00030518
-0.01358,0.0068665,-0.005701,-0.0053406,2.5006,4.9799,0
-0.0038147,0.0065613,-0.0042758,-0.01236,2.5012,4.9792,0.00030518
-0.0028992,0.004425,-0.005226,-0.015869,2.5024,4.9786,0.00030518
0.0047302,0.0022888,-0.0042758,-0.016632,2.5018,4.978,0
0.0019836,0.00091553,-0.005226,-0.012817,2.5012,4.978,-0.00030518
-0.0085449,-0.0015259,-0.0038007,-0.010071,2.5009,4.9792,0
-0.0094604,-0.0039673,-0.0047509,-0.013123,2.5003,4.9789,0.00061035
-0.0091553,-0.0065613,-0.0042758,-0.021515,2.5009,4.9792,0
-0.019379,-0.011292,-0.0038007,-0.018921,2.5018,4.9789,-0.00030518
-0.011444,-0.01709,-0.0038007,-0.0071716,2.5006,4.9796,-0.00061035
-0.0032043,-0.018463,-0.0042758,-0.0013733,2.5018,4.9792,0.00030518
-0.010071,-0.020752,-0.0047509,-0.0022888,2.5009,4.9789,0.00030518
-0.010529,-0.021057,-0.0042758,0.0027466,2.5009,4.978,0
0.0093079,-0.019379,-0.0042758,0.0091553,2.5012,4.9789,0.00061035
0.0016785,-0.018158,-0.0038007,0.0080872,2.5018,4.9792,0.00030518
-0.013885,-0.016632,-0.0047509,0.0050354,2.5018,4.9789,-0.00030518
-0.011749,-0.011139,-0.0042758,-0.00045776,2.5015,4.9792,0
-0.018463,-0.0065613,-0.0038007,-0.00091553,2.5009,4.9783,-0.00030518
-0.0093079,-0.0019836,-0.0038007,0.0073242,2.5009,4.9789,0
0.038605,-0.00045776,-0.0047509,0.021362,2.5009,4.9792,-0.00061035
0.057526,0.0019836,-0.0047509,0.025024,2.5015,4.9792,0.00030518
0.015717,0.0048828,-0.0038007,0.020905,2.5003,4.9796,-0.00030518
-0.022736,0.007782,-0.005226,0.013428,2.5021,4.9771,0
-0.014496,0.011444,-0.0047509,0.0065613,2.5,4.9786,0.00030518
-0.0097656,0.012207,-0.0047509,0.0099182,2.5015,4.9783,0.00030518
-0.030975,0.010834,-0.0047509,0.02243,2.5018,4.9783,0
-0.04425,0.0083923,-0.005226,0.027771,2.5021,4.9792,-0.00030518
-0.040436,0.004425,-0.005226,0.022125,2.5015,4.9792,0.00030518
-0.034943,0.0012207,-0.0038007,0.01709,2.5021,4.9789,0.00030518
-0.030823,0.00076294,-0.0047509,0.016479,2.5018,4.9792,0.00030518
-0.038147,0.00015259,-0.0047509,0.018005,2.5012,4.9792,0.00030518
-0.044556,-0.00045776,-0.0042758,0.016937,2.5012,4.9792,0.00030518
-0.037994,-0.00045776,-0.0033257,0.013733,2.5015,4.9777,0.00091553
-0.019073,0.00076294,-0.005226,0.0054932,2.5003,4.9786,0.00030518
-0.018311,0.0013733,-0.0047509,0.00061035,2.5009,4.9759,-0.00030518
-0.0068665,0.0016785,-0.0023755,0.0028992,2.5,4.9756,0.00061035
0.0074768,0.0053406,-0.0047509,0.0064087,2.5012,4.975,0
-0.00030518,0.010681,-0.0047509,0.0039673,2.5,4.975,-0.00030518
-0.012054,0.013123,-0.0047509,0.0039673,2.5003,4.9756,0
-0.016327,0.010223,-0.0042758,0.0033569,2.5012,4.9756,0.00061035
-0.016632,0.0088501,-0.005226,-0.0010681,2.5009,4.9747,0.00030518
-0.014648,0.011444,-0.0047509,-0.0042725,2.5006,4.9753,0.00030518
-0.016632,0.011139,-0.0042758,-0.0047302,2.5006,4.975,0
-0.0083923,0.0064087,-0.0042758,-0.0013733,2.5015,4.9759,0
-0.0094604,-0.0010681,-0.0038007,0.0038147,2.5009,4.9759,0.00091553
-0.01709,-0.0079346,-0.0047509,0.0079346,2.5015,4.9762,-0.00030518
-0.015106,-0.012054,-0.005226,0.0090027,2.5015,4.9765,0
-0.0097656,-0.010376,-0.0047509,0.010529,2.5009,4.9762,0.00091553
-0.015869,-0.0088501,-0.0042758,0.0067139,2.5009,4.9783,0.00030518
-0.0099182,-0.010834,-0.005226,-0.0030518,2.5015,4.978,0
0.018158,-0.013428,-0.0033257,-0.0042725,2.5009,4.978,0.00030518
0.043945,-0.012665,-0.0047509,0.0073242,2.5018,4.9796,0.00061035
0.01297,-0.012665,-0.005226,0.020752,2.5006,4.9799,-0.00061035
-0.010529,-0.010529,-0.0047509,0.019226,2.5021,4.9792,0.00030518
-0.0073242,-0.0073242,-0.005226,0.0085449,2.5012,4.9796,0
-0.012665,-0.004425,-0.0038007,0.0059509,2.5015,4.9786,-0.00030518
-0.021973,-0.0018311,-0.0047509,0.011749,2.5009,4.9796,0.00030518
-0.024719,-0.00091553,-0.0042758,0.012207,2.5027,4.9786,0.00030518
-0.027771,-0.0032043,-0.0047509,0.014038,2.5018,4.9786,0.00030518
-0.035858,-0.0050354,-0.0038007,0.022583,2.5024,4.9792,0
-0.03952,-0.0056458,-0.0042758,0.030823,2.5018,4.9783,-0.00030518
-0.028381,-0.0067139,-0.0042758,0.032806,2.5021,4.9789,-0.00030518
0.00030518,-0.0050354,-0.0042758,0.024719,2.5006,4.9777,-0.00030518
0.089111,-0.0038147,-0.0042758,0.013275,2.5015,4.9771,-0.00030518
0.14648,-0.0019836,-0.0038007,0.0099182,2.5003,4.9789,0.00030518
0.08606,-0.0021362,-0.0042758,0.010223,2.5018,4.9792,0.00061035
-0.012665,-0.00045776,-0.0038007,0.0057983,2.5012,4.9796,0
-0.03952,0.0036621,-0.0047509,0.0019836,2.5009,4.978,0.00061035
-0.012817,0.0097656,-0.005701,0.0016785,2.5006,4.9789,0.00061035
0.03006,0.01297,-0.0042758,0.0047302,2.5009,4.9789,0.00030518
0.021515,0.014954,-0.0042758,0.0041199,2.5012,4.9789,0
-0.0030518,0.018921,-0.0047509,0.0015259,2.5018,4.9799,0.00061035
-0.012665,0.022278,-0.0042758,0.0038147,2.5012,4.9796,0.00061035
-0.0033569,0.022278,-0.0047509,0.0068665,2.5018,4.9783,0.00030518
-0.00030518,0.01709,-0.0047509,-0.0019836,2.5012,4.9792,0
-0.013428,0.011597,-0.005701,-0.0041199,2.5006,4.9783,0
-0.039368,0.0082397,-0.0042758,0.0085449,2.5012,4.9792,0.00030518
-0.05661,0.0032043,-0.0047509,0.021057,2.5006,4.9792,0.00030518
-0.053101,-0.0033569,-0.0038007,0.027161,2.5009,4.9789,0
-0.036163,-0.010529,-0.0047509,0.027161,2.5027,4.9786,0.00030518
-0.020599,-0.015717,-0.0047509,0.0177,2.5009,4.9792,0
-0.0079346,-0.015411,-0.0047509,0.0079346,2.5006,4.9792,0
0.0080872,-0.014648,-0.0047509,0.0010681,2.5015,4.9768,-0.00030518
0.010223,-0.016479,-0.0047509,-0.0038147,2.5015,4.9777,0
-0.018921,-0.019836,-0.0047509,0.00030518,2.5018,4.9792,0.00030518
-0.039825,-0.021973,-0.005226,0.0097656,2.5012,4.9789,0.00091553
-0.037689,-0.022583,-0.0038007,0.014496,2.5012,4.9792,0.00030518
-0.015564,-0.019073,-0.0047509,0.012665,2.5006,4.9783,-0.00091553
0.024872,-0.014191,-0.005226,0.0083923,2.5009,4.9789,0.00091553
0.012665,-0.0073242,-0.0047509,0.0027466,2.5012,4.9796,-0.00030518
-0.017395,-0.002594,-0.005226,-0.0028992,2.5018,4.9796,0
-0.015869,0.002594,-0.0038007,-0.0032043,2.5009,4.9777,-0.00030518
-0.02182,0.0067139,-0.0042758,0.0038147,2.5006,4.9786,-0.00030518
-0.029144,0.0088501,-0.0047509,0.012665,2.5006,4.9792,0.00091553
-0.031433,0.0094604,-0.005226,0.023346,2.5012,4.978,-0.00061035
-0.02655,0.012817,-0.0042758,0.035706,2.5018,4.9774,0
-0.028992,0.01236,-0.0047509,0.037994,2.5012,4.9789,0
-0.03006,0.0088501,-0.0047509,0.027924,2.5006,4.9786,0.00061035
-0.028839,0.0062561,-0.0038007,0.013275,2.5018,4.9786,0.00030518
-0.018158,0.0021362,-0.0033257,-0.0022888,2.5012,4.9799,0.00030518
-0.02533,-0.0012207,-0.0047509,-0.011444,2.5015,4.9786,0.00030518
-0.041046,-0.0050354,-0.0047509,-0.0053406,2.5012,4.9792,0
-0.041809,-0.0085449,-0.0042758,0.0062561,2.5015,4.9786,0.00030518
-0.024567,-0.010376,-0.0038007,0.0045776,2.5021,4.978,-0.00061035
-0.034485,-0.010376,-0.0061761,-0.0045776,2.5018,4.9783,-0.00061035
-0.040283,-0.0090027,-0.0047509,-0.01297,2.5018,4.9789,0
-0.024109,-0.0097656,-0.005226,-0.013275,2.5015,4.9789,0
-0.042114,-0.0067139,-0.0042758,-0.010071,2.5012,4.9786,0
-0.068817,-0.0038147,-0.0047509,-0.0097656,2.5009,4.9783,0.00030518
-0.070801,-0.0056458,-0.005701,-0.0065613,2.5012,4.9789,0.00030518
-0.036621,-0.0062561,-0.0042758,-0.0024414,2.5018,4.9799,-0.00061035
-0.0048828,-0.004425,-0.005226,-0.0018311,2.5015,4.9786,0
-0.012817,-0.00091553,-0.0047509,0.0010681,2.5021,4.9786,0
-0.024109,0.00091553,-0.0047509,-0.0024414,2.5012,4.9796,0
-0.016327,0.0028992,-0.0047509,-0.0018311,2.5012,4.9768,0.00030518
-0.0082397,0.0015259,-0.0042758,0.0054932,2.5012,4.9759,-0.00061035
-0.013275,0.00091553,-0.0038007,0.010376,2.5009,4.9759,0.00061035
-0.010223,0.0062561,-0.0033257,0.013428,2.5006,4.9756,-0.00030518
-0.0022888,0.0091553,-0.0042758,0.017548,2.5006,4.9759,0
0.00015259,0.0067139,-0.0038007,0.019989,2.5009,4.9756,0.00030518
0.004425,0.0039673,-0.0038007,0.018921,2.5015,4.9759,0
0.0053406,-0.00030518,-0.0038007,0.014954,2.5009,4.9765,0
0.0062561,-0.0021362,-0.0047509,0.017853,2.5012,4.9747,0
0.016785,-0.0030518,-0.005226,0.020905,2.5021,4.9747,0.00030518
0.014496,-0.0045776,-0.005701,0.018158,2.5009,4.9765,0.00030518
0.0074768,-0.0036621,-0.0038007,0.013123,2.5018,4.9762,-0.00030518
0.018463,-0.0054932,-0.005226,0.016632,2.5009,4.9762,0.00030518
0.065918,-0.0097656,-0.0047509,0.0177,2.5015,4.9768,0
0.0914,-0.0099182,-0.0038007,0.015106,2.5012,4.978,0.00030518
0.056,-0.0064087,-0.005226,0.01358,2.5015,4.9789,0.00030518
0.02121,-0.0024414,-0.0047509,0.012512,2.5015,4.9783,0.00030518
0.024872,-0.00091553,-0.0042758,0.0094604,2.5021,4.9786,0
0.026703,-0.00061035,-0.0042758,0.011139,2.5009,4.9792,-0.00061035
0.037231,-0.0010681,-0.005226,0.01236,2.5012,4.9786,0.00061035
0.03479,0.0019836,-0.0042758,0.0091553,2.5009,4.9786,0.00030518
0.023804,0.0024414,-0.005226,0.009613,2.5018,4.9783,0
0.020905,0.00076294,-0.0042758,0.011597,2.5009,4.9786,0
0.016174,-0.002594,-0.0042758,0.007782,2.5015,4.9783,-0.00030518
0.0019836,-0.0035095,-0.0042758,0.00015259,2.5009,4.9789,-0.00030518
-0.00076294,-0.0030518,-0.005226,-0.0032043,2.5012,4.9792,0
0.019989,-0.0018311,-0.0047509,0.0015259,2.5003,4.9789,0.00030518
0.027466,-0.0021362,-0.0047509,0.0091553,2.5018,4.9777,0.00030518
0.018768,-0.002594,-0.0042758,0.00045776,2.5012,4.9771,0
0.02121,-0.0018311,-0.0038007,-0.018158,2.5009,4.9774,0.00030518
0.014038,-0.00076294,-0.0047509,-0.024719,2.5006,4.978,0.00061035
0.0082397,0.00061035,-0.0038007,-0.0065613,2.5012,4.9792,0
0.011749,0.0027466,-0.0042758,0.010834,2.5009,4.9799,0
0.02121,0.0050354,-0.0038007,0.01358,2.5015,4.9789,0
0.025177,0.0074768,-0.0047509,0.0099182,2.5021,4.9792,0.00061035
0.021515,0.011292,-0.0047509,0.0024414,2.5003,4.9792,0.00061035
0.015259,0.013428,-0.0033257,-0.0042725,2.5012,4.9786,-0.00061035
0.014496,0.014496,-0.0047509,-0.0057983,2.5006,4.9789,0.00030518
0.018616,0.015411,-0.0042758,-0.007019,2.5,4.9783,0.00030518
0.034943,0.014038,-0.0042758,-0.013275,2.5012,4.9789,0.00030518
0.036774,0.0097656,-0.0042758,-0.012512,2.5006,4.9792,0.00030518
0.031586,0.0050354,-0.0047509,-0.0068665,2.5021,4.9796,0
0.033875,0.0022888,-0.005226,-0.0062561,2.5009,4.9789,0.00030518
0.040436,0.0016785,-0.0042758,-0.010681,2.5012,4.9792,0
0.047455,0.0015259,-0.0042758,-0.013885,2.5009,4.9792,0.00030518
0.044861,0.0028992,-0.0042758,-0.013275,2.5018,4.9799,-0.00061035
0.028381,0.0038147,-0.0047509,-0.0065613,2.5012,4.9789,-0.00030518
0.012207,0.0019836,-0.0047509,0.00015259,2.5015,4.9792,-0.00030518
0.0038147,0.0013733,-0.005226,0.0053406,2.5009,4.9789,0.00030518
0.010834,0.00030518,-0.0042758,0.0097656,2.5015,4.978,0.00030518
0.0090027,0.00061035,-0.0042758,0.011597,2.4997,4.9786,0.00030518
0.0050354,0.0027466,-0.0042758,0.013733,2.5003,4.9792,0
0.007019,0.0027466,-0.0042758,0.01709,2.5018,4.9789,-0.00061035
0.0076294,0.0019836,-0.005226,0.017395,2.5006,4.9789,0
0,0.0021362,-0.0047509,0.018158,2.5012,4.9792,0.00091553
0.00076294,0.0030518,-0.0042758,0.016022,2.5012,4.9789,0.00061035
0.014954,0.0013733,-0.0038007,0.0099182,2.5015,4.9789,0.00030518
0.019226,-0.00015259,-0.005701,0.0074768,2.5015,4.9789,0.00030518
0.011292,-0.00045776,-0.0042758,0.012665,2.5021,4.978,0.00061035
0.010223,0.00061035,-0.0042758,0.014648,2.5021,4.9786,-0.00030518
-0.002594,0.0010681,-0.0042758,0.011139,2.5015,4.9789,0.00091553
-0.016174,0.0018311,-0.0038007,0.0062561,2.5012,4.9789,0.00061035
-0.019989,0.00061035,-0.0042758,0.0042725,2.5009,4.9786,-0.00061035
-0.013428,-0.00030518,-0.0033257,0.0088501,2.5018,4.9789,-0.00061035
-0.0047302,-0.0041199,-0.005226,0.010986,2.5009,4.9789,0.00030518
-0.0068665,-0.0057983,-0.0038007,0.015106,2.5021,4.9786,0
-0.018768,-0.0033569,-0.0042758,0.025177,2.5018,4.9786,0
-0.032959,-0.00015259,-0.005226,0.033417,2.5012,4.9786,0.00030518
-0.042419,0.0036621,-0.005226,0.0383,2.5018,4.9774,0.00030518
-0.026398,0.0083923,-0.0042758,0.039368,2.5009,4.9783,-0.00030518
-0.018311,0.0083923,-0.0047509,0.038452,2.5009,4.9786,-0.00030518
-0.022736,0.0059509,-0.0042758,0.035248,2.5009,4.9796,0.00030518
-0.021973,0.0047302,-0.0047509,0.025787,2.5012,4.9789,-0.00061035
-0.018921,0.0054932,-0.005226,0.018768,2.5009,4.9789,0.00061035
-0.020142,0.0062561,-0.0047509,0.011902,2.5018,4.9789,-0.00061035
-0.018311,0.005188,-0.005226,0.010834,2.5006,4.9796,0
-0.017548,0.0047302,-0.005701,0.015564,2.5012,4.9783,-0.00030518
-0.018005,0.0039673,-0.0042758,0.021973,2.5012,4.9789,-0.00030518
-0.0050354,0.0027466,-0.0047509,0.018005,2.5012,4.9783,0.00030518
0.0097656,0.0030518,-0.005226,0.0047302,2.5012,4.9799,0.00030518
-0.0036621,0.0036621,-0.0047509,0.0013733,2.5012,4.9759,-0.00061035
0.0035095,0.0041199,-0.0038007,0.012512,2.5003,4.9756,0
0.019684,0.0045776,-0.0042758,0.018616,2.5018,4.9747,0.00030518
0.014496,0.0015259,-0.0047509,0.017548,2.5003,4.975,0.00030518
-0.00061035,-0.0015259,-0.005226,0.015411,2.5018,4.975,0.00030518
-0.016479,-0.00045776,-0.005226,0.016022,2.5006,4.975,0.00030518
-0.014954,0.0022888,-0.005701,0.016479,2.5018,4.9747,0
-0.0053406,0.0024414,-0.0047509,0.014954,2.5009,4.975,0
-0.0024414,0.0028992,-0.0047509,0.013275,2.5021,4.9741,-0.00061035
0.0038147,0.0013733,-0.005226,0.0074768,2.5021,4.9744,0.00030518
0.0047302,0.0012207,-0.0047509,0.004425,2.5015,4.9762,0
0.0016785,0.0024414,-0.0047509,0.0093079,2.5021,4.9756,0
0.0015259,0.0050354,-0.0042758,0.014038,2.5,4.9765,0.00030518
0.007782,0.0059509,-0.0047509,0.022125,2.5021,4.9765,-0.00091553
0.015259,0.0028992,-0.0047509,0.024414,2.5003,4.9786,0
0.027008,-0.0010681,-0.0047509,0.018463,2.5018,4.9783,0
0.022736,-0.0016785,-0.0042758,0.010071,2.5015,4.9783,0.00030518
0.005188,-0.0045776,-0.0047509,0.014496,2.5015,4.9786,0
-0.01358,-0.011139,-0.0042758,0.029602,2.5009,4.9786,0.00030518
-0.01297,-0.014343,-0.005701,0.031433,2.5012,4.9792,-0.00030518
-0.00030518,-0.015717,-0.0047509,0.021973,2.5012,4.9789,0
-0.040741,-0.015564,-0.005226,0.022583,2.5021,4.9786,0
-0.043793,-0.014496,-0.0042758,0.026398,2.5009,4.9786,0.00030518
-0.030823,-0.013428,-0.005226,0.034027,2.5012,4.9789,0.00061035
-0.040436,-0.012817,-0.0042758,0.040894,2.5009,4.9786,0.00030518
-0.024872,-0.0080872,-0.0038007,0.037537,2.5012,4.9796,0
-0.029907,-0.0016785,-0.0047509,0.029449,2.5012,4.9789,0.00030518
-0.002594,0.0047302,-0.0042758,0.024719,2.5015,4.9792,0.00061035
0.013885,0.0082397,-0.0047509,0.025177,2.5012,4.9768,0.00030518
0.012817,0.0067139,-0.0042758,0.023956,2.5015,4.9789,0.00030518
0.00045776,0.0035095,-0.0038007,0.02243,2.5018,4.9783,-0.00030518
-0.015869,0.0033569,-0.0042758,0.020294,2.5012,4.9786,-0.00061035
-0.022888,0.0073242,-0.0047509,0.018921,2.5012,4.9786,-0.00030518
-0.016327,0.011444,-0.005226,0.01709,2.5012,4.9783,0
0.0036621,0.015106,-0.0042758,0.011749,2.5015,4.9796,0.00030518
0.012817,0.017242,-0.0042758,0.0080872,2.5018,4.9789,0
0.010681,0.016174,-0.0038007,0.0068665,2.5012,4.9786,0.00061035
0.020142,0.01358,-0.0038007,0.0076294,2.5012,4.978,-0.00061035
-0.00061035,0.0097656,-0.0047509,0.012665,2.5009,4.9786,0
-0.015869,0.0061035,-0.0047509,0.016022,2.5,4.9789,0.00061035
-0.01709,0.0035095,-0.0047509,0.013123,2.5009,4.9792,-0.00030518
-0.0088501,0.0010681,-0.005226,0.0079346,2.5021,4.9786,0.00061035
0.0016785,-0.0012207,-0.005226,0.00091553,2.5006,4.9799,-0.00030518
0.014343,-0.0028992,-0.0047509,-0.0062561,2.5015,4.9786,0.00091553
0.026398,-0.0053406,-0.005701,-0.0071716,2.5015,4.9792,0.00030518
0.0050354,-0.007019,-0.0042758,-0.0013733,2.5012,4.9792,0
-0.009613,-0.0091553,-0.0047509,0.0068665,2.5006,4.9799,0.00030518
-0.0038147,-0.010376,-0.005226,0.0086975,2.5012,4.9796,0.00030518
-0.0013733,-0.0068665,-0.0042758,0.007782,2.5018,4.9783,0
0.0082397,-0.0041199,-0.005701,0.0079346,2.5015,4.9786,0.00030518
0.017242,-0.0032043,-0.005226,0.0030518,2.5003,4.9792,0.00030518
0.018921,-0.0027466,-0.005226,-0.0013733,2.5009,4.9786,0
0.015411,-0.0030518,-0.0042758,-0.0010681,2.5015,4.9792,-0.00030518
0.007782,-0.0041199,-0.0042758,-0.0030518,2.5012,4.9786,0
0.004425,-0.007782,-0.0042758,-0.0015259,2.5015,4.9789,-0.00030518
0.012054,-0.011139,-0.0047509,-0.0016785,2.5018,4.9783,-0.00030518
0.041656,-0.014954,-0.0047509,-0.0059509,2.5018,4.9783,0.00030518
0.041351,-0.01358,-0.005226,-0.0074768,2.5024,4.9786,0
0.025635,-0.0088501,-0.0038007,-0.0010681,2.5015,4.9777,0.00030518
0.027771,-0.0038147,-0.0047509,0.0065613,2.5015,4.978,0
0.0088501,-0.0012207,-0.0047509,0.0094604,2.5012,4.9783,-0.00030518
0.01358,-0.00061035,-0.0042758,0.0048828,2.5015,4.9786,0.00030518
0.041656,0.00061035,-0.0047509,-0.0041199,2.5012,4.9786,0.00030518
0.028687,0.0038147,-0.0042758,-0.011597,2.5003,4.9789,-0.00030518
0.013428,0.0074768,-0.0047509,-0.015106,2.5015,4.9786,0.00030518
0.013885,0.0086975,-0.0047509,-0.018768,2.5012,4.9786,-0.00091553
0.010986,0.007782,-0.0038007,-0.022736,2.5018,4.9786,0
-0.010681,0.0083923,-0.005226,-0.023346,2.5024,4.9789,-0.00030518
-0.020447,0.0088501,-0.0047509,-0.023651,2.5021,4.9774,0.00030518
0.0047302,0.0090027,-0.0042758,-0.02533,2.5015,4.9786,0
0.013123,0.007782,-0.0042758,-0.025177,2.5024,4.9792,0
-0.0035095,0.004425,-0.0042758,-0.022736,2.5012,4.9783,0.00061035
-0.01236,0.0050354,-0.005701,-0.0177,2.5021,4.9789,0.0012207
-0.02121,0.0057983,-0.0047509,-0.016174,2.5024,4.978,-0.00030518
-0.025482,0.0054932,-0.0042758,-0.018311,2.5012,4.9789,0.00030518
-0.025024,0.0056458,-0.0047509,-0.024567,2.5015,4.9783,-0.00061035
-0.026398,0.0076294,-0.0042758,-0.029449,2.5015,4.9789,0
-0.032349,0.0071716,-0.0047509,-0.025635,2.5006,4.9796,0
-0.04303,0.0071716,-0.0047509,-0.018158,2.5009,4.9786,-0.00030518
-0.032043,0.0079346,-0.0047509,-0.011749,2.5012,4.9786,0.00061035
-0.023346,0.0065613,-0.005701,-0.012207,2.5015,4.9777,0.00091553
-0.019073,0.0057983,-0.0047509,-0.018158,2.5012,4.9774,0.00030518
-0.01358,0.0086975,-0.0047509,-0.022736,2.5012,4.978,-0.00061035
0.014496,0.010071,-0.0047509,-0.023956,2.5006,4.978,0.00061035
0.00091553,0.0080872,-0.0038007,-0.028381,2.5012,4.9771,-0.00030518
-0.025482,0.0021362,-0.0028506,-0.031281,2.5012,4.9783,-0.00030518
-0.020447,-0.0042725,-0.0047509,-0.02655,2.5021,4.9783,0
-0.0067139,-0.0073242,-0.0042758,-0.028534,2.5015,4.9777,0
-0.0012207,-0.0093079,-0.0042758,-0.036011,2.5015,4.9774,0.00030518
0.01236,-0.0086975,-0.0042758,-0.033417,2.5015,4.9771,0
0.013733,-0.007019,-0.005226,-0.019836,2.5003,4.9771,-0.00030518
0.0071716,-0.0054932,-0.0038007,-0.011597,2.5015,4.9774,0.00030518
0.0094604,-0.0065613,-0.005701,-0.010986,2.5006,4.9771,-0.00030518
0.015717,-0.0074768,-0.0038007,-0.0091553,2.5015,4.9771,0.00030518
0.024261,-0.0067139,-0.0047509,-0.0097656,2.5012,4.9786,-0.00030518
0.033722,-0.0057983,-0.0042758,-0.014496,2.5009,4.978,0.00091553
0.024872,-0.0056458,-0.0038007,-0.016022,2.5,4.9789,-0.00030518
0.014954,-0.0056458,-0.0038007,-0.019989,2.5021,4.9783,0
0.01236,-0.0030518,-0.0047509,-0.02655,2.5018,4.9796,-0.00061035
0.022125,0.0036621,-0.0042758,-0.027771,2.5021,4.9789,0
0.022278,0.0064087,-0.0042758,-0.018311,2.5015,4.9783,0.00030518
0.02121,0.0083923,-0.0038007,-0.0065613,2.5012,4.9777,0.00030518
0.021973,0.011444,-0.0042758,-0.0042725,2.5009,4.9789,0
0.039825,0.015106,-0.0042758,-0.007782,2.5015,4.9783,0.00030518
0.027313,0.014954,-0.0047509,-0.0088501,2.5018,4.9789,0
0.0088501,0.016937,-0.0042758,-0.0038147,2.5012,4.9789,-0.00091553
0.0013733,0.018616,-0.005701,0.0065613,2.5,4.9792,0
0.0071716,0.016479,-0.0047509,0.011139,2.5009,4.9796,0.00030518
0.015564,0.015869,-0.0042758,0.004425,2.5006,4.9771,0.00091553
0.027008,0.012512,-0.0042758,-0.0024414,2.5021,4.9777,0.00061035
0.015106,0.0088501,-0.0047509,-0.007019,2.5003,4.9786,0.00030518
0.0010681,0.0068665,-0.0047509,-0.011139,2.5021,4.9792,-0.00030518
0.0073242,0.0056458,-0.0042758,-0.012207,2.5015,4.9789,0.00030518
0.024719,0.0033569,-0.0047509,-0.0090027,2.5003,4.9792,0.00030518
0.025635,0.0021362,-0.0047509,0.0021362,2.5021,4.9783,0.00030518
0.012665,0.0032043,-0.0042758,0.010986,2.5009,4.9792,0.00061035
0.0059509,0.00030518,-0.0042758,0.0079346,2.5021,4.9789,0
0.0027466,-0.0021362,-0.0061761,0.0010681,2.5015,4.9783,0.00030518
-0.0086975,-0.0042725,-0.0047509,-0.0056458,2.5021,4.9786,-0.00030518
-0.012665,-0.0053406,-0.0028506,-0.0045776,2.5015,4.9792,0.00061035
-0.0093079,-0.0054932,-0.0047509,-0.0022888,2.5015,4.9786,-0.00061035
-0.0048828,-0.0068665,-0.0042758,-0.0041199,2.5012,4.9792,-0.00061035
0.0048828,-0.0097656,-0.005226,-0.0032043,2.5012,4.9796,0
0.0354,-0.011139,-0.0038007,-0.0027466,2.5015,4.9789,-0.00091553
0.071106,-0.01297,-0.0047509,-0.0093079,2.5018,4.9792,0.00030518
0.060272,-0.016022,-0.0038007,-0.014191,2.5009,4.9786,0.00030518
0.014954,-0.0177,-0.0047509,-0.019684,2.5012,4.9792,0.00030518
0.0033569,-0.0177,-0.0042758,-0.02655,2.5,4.9783,-0.00091553
0.015869,-0.01297,-0.0033257,-0.029602,2.5018,4.9783,-0.00061035
0.030212,-0.0067139,-0.0042758,-0.030365,2.5006,4.9783,0.00030518
0.015564,-0.00030518,-0.0038007,-0.033112,2.5018,4.9789,0
-0.0079346,0.0056458,-0.0038007,-0.031891,2.5018,4.9792,-0.00061035
-0.019989,0.014801,-0.0033257,-0.028229,2.5015,4.9786,-0.00061035
-0.018768,0.022736,-0.0038007,-0.031586,2.5015,4.9792,0
-0.013733,0.024109,-0.0047509,-0.046844,2.5018,4.9783,0
-0.0041199,0.018005,-0.005701,-0.057526,2.5009,4.9789,0
-0.0074768,0.010681,-0.0042758,-0.057068,2.5024,4.9789,-0.00061035
-0.042877,0.0062561,-0.0038007,-0.043793,2.5015,4.9783,-0.00030518
-0.049744,0.0021362,-0.0042758,-0.028839,2.5003,4.9789,-0.00061035
-0.011902,-0.0027466,-0.0042758,-0.027924,2.5012,4.9792,0
-0.0054932,-0.0035095,-0.0038007,-0.034637,2.5021,4.9796,0
-0.014801,-0.0045776,-0.0042758,-0.041504,2.5012,4.9783,0.00030518
-0.0064087,-0.007782,-0.005226,-0.043182,2.5012,4.9789,0
0.010071,-0.011292,-0.0047509,-0.041199,2.5012,4.9786,-0.00030518
0.0094604,-0.012665,-0.0047509,-0.038605,2.5012,4.9786,0
-0.0016785,-0.014191,-0.0042758,-0.034943,2.5003,4.9796,0
-0.0016785,-0.012665,-0.0047509,-0.028992,2.5015,4.9792,-0.00030518
-0.0032043,-0.010681,-0.0042758,-0.020294,2.5006,4.9792,0.00091553
-0.016022,-0.0094604,-0.0042758,-0.010681,2.5009,4.9783,0
-0.013428,-0.0068665,-0.005226,-0.0036621,2.5015,4.9786,0
0.00091553,-0.0071716,-0.0042758,-0.0010681,2.5012,4.9786,-0.00030518
0.0042725,-0.010071,-0.005226,0.0016785,2.5006,4.9786,0.00061035
0.0035095,-0.011139,-0.0042758,0.0073242,2.5009,4.9786,0
-0.0041199,-0.011749,-0.0038007,0.0090027,2.5009,4.9783,-0.00030518
-0.007019,-0.010071,-0.0042758,-0.0045776,2.5015,4.9796,0.00091553
0.0057983,-0.0086975,-0.005226,-0.0177,2.5015,4.9796,0
0.014191,-0.0093079,-0.0047509,-0.018005,2.5021,4.9777,0
0.024109,-0.0074768,-0.005226,-0.011902,2.5012,4.9792,0
0.03006,-0.0022888,-0.005701,-0.0027466,2.5009,4.9796,0.00030518
0.030212,-0.00045776,-0.005226,0.0068665,2.5018,4.9786,-0.00030518
0.027924,-0.00061035,-0.0047509,0.0028992,2.5012,4.978,-0.00030518
0.025177,0.0033569,-0.0042758,-0.0085449,2.5018,4.9774,0
0.022278,0.007019,-0.0047509,-0.019379,2.5009,4.9783,-0.00061035
0.02655,0.0088501,-0.0042758,-0.028534,2.5012,4.978,0
0.037231,0.0082397,-0.005226,-0.031128,2.5015,4.9777,-0.00030518
0.052948,0.007019,-0.0047509,-0.028687,2.5012,4.9771,0.00061035
0.066223,0.0057983,-0.0042758,-0.024872,2.5015,4.978,0.00030518
0.04715,0.0082397,-0.005226,-0.014343,2.5024,4.9777,-0.00061035
0.0054932,0.013275,-0.0042758,0.0050354,2.5015,4.9771,0
-0.0056458,0.01236,-0.005226,0.02182,2.5018,4.978,0.00061035
-0.0071716,0.007782,-0.0042758,0.031738,2.5006,4.9774,-0.00030518
-0.016785,0.0036621,-0.0038007,0.038452,2.5012,4.978,0
-0.026093,0.0033569,-0.005226,0.039825,2.5009,4.9774,-0.00091553
-0.014343,0.0039673,-0.0047509,0.036621,2.5015,4.9777,0
-0.00061035,0.0065613,-0.005226,0.028839,2.5009,4.9789,0
-0.0067139,0.0071716,-0.0038007,0.023651,2.5018,4.978,0.00030518
-0.017853,0.0057983,-0.0042758,0.020447,2.5009,4.9792,0.00030518
-0.015869,0.00091553,-0.0038007,0.011139,2.5009,4.9783,0.00061035
-0.0064087,-0.0033569,-0.0042758,-0.0016785,2.5012,4.9792,0
0.011444,-0.0065613,-0.0042758,-0.0074768,2.5024,4.9783,-0.00061035
-0.00076294,-0.0064087,-0.0047509,-0.0033569,2.5021,4.9789,-0.00030518
-0.022125,-0.0057983,-0.005226,0.0064087,2.5006,4.9789,0.00030518
-0.019836,-0.0059509,-0.0047509,0.011902,2.5015,4.9786,0.00030518
-0.0038147,-0.0032043,-0.0047509,0.0099182,2.5012,4.9786,0
0.0061035,0.0010681,-0.0047509,0.0064087,2.5009,4.9792,-0.00030518
0.0032043,0.004425,-0.005226,0.01297,2.5012,4.9786,0.00030518
-0.016022,0.0065613,-0.0042758,0.018463,2.5009,4.9796,0.00030518
-0.027466,0.0064087,-0.0047509,0.018921,2.5021,4.9786,0
-0.021057,0.0067139,-0.0042758,0.014954,2.5012,4.9768,0.00030518
0.013275,0.0053406,-0.0042758,0.010223,2.5012,4.9786,0.00030518
0.015259,0.0036621,-0.0047509,0.013275,2.5012,4.9792,0.00030518
-0.017853,0.0021362,-0.0042758,0.018005,2.5018,4.9786,0.00061035
-0.032349,0.0015259,-0.0042758,0.017548,2.5018,4.9789,0.00030518
-0.028229,0.0030518,-0.0038007,0.016174,2.5018,4.9796,0.00061035
-0.021515,0.0015259,-0.0047509,0.019226,2.5021,4.9792,0.00030518
-0.0030518,-0.0024414,-0.0038007,0.020599,2.5012,4.9789,-0.00091553
0.0041199,-0.0047302,-0.0038007,0.019989,2.5018,4.9792,0
-0.014038,-0.0045776,-0.005226,0.021973,2.5003,4.9792,-0.00061035
-0.03479,-0.0022888,-0.0038007,0.028381,2.5015,4.9786,0
-0.024261,-0.0010681,-0.005226,0.030365,2.5015,4.9783,0.00030518
-0.011139,0.00045776,-0.0047509,0.027771,2.5015,4.9792,0.00061035
-0.0062561,0.00030518,-0.0042758,0.024872,2.5015,4.9805,0.00030518
-0.016022,-0.00045776,-0.005226,0.02243,2.5012,4.9792,0.00030518
-0.023193,-0.00045776,-0.0047509,0.03006,2.5012,4.9789,0.00030518
-0.030518,-0.00091553,-0.005226,0.04364,2.5015,4.9792,0.00030518
-0.037384,0.0032043,-0.0042758,0.04715,2.5021,4.9796,0.00030518
-0.025177,0.0071716,-0.0042758,0.038605,2.5012,4.9799,-0.00030518
-0.010071,0.0097656,-0.005226,0.033112,2.5006,4.9783,-0.00030518
-0.015411,0.012512,-0.005226,0.036926,2.5018,4.978,0.00030518
-0.018005,0.011139,-0.0047509,0.04303,2.5018,4.9783,-0.00030518
-0.022125,0.0086975,-0.005226,0.045013,2.5012,4.9786,0.00030518
-0.023346,0.0073242,-0.0047509,0.042572,2.5012,4.9792,0.00061035
-0.011597,0.0053406,-0.0047509,0.034943,2.5015,4.9786,0.00030518
-0.0022888,0.0032043,-0.0047509,0.032349,2.5009,4.9789,0
-0.01358,-0.0027466,-0.0042758,0.037689,2.5006,4.9796,0.00061035
-0.022736,-0.011902,-0.005226,0.041351,2.5012,4.9796,-0.00030518
-0.019226,-0.018005,-0.0047509,0.03952,2.5009,4.9792,0
-0.028687,-0.019989,-0.0047509,0.034943,2.5012,4.9786,-0.00030518
-0.032654,-0.019073,-0.0047509,0.03006,2.5021,4.9792,0.00061035
-0.025482,-0.01709,-0.0042758,0.030823,2.5012,4.9792,0.00030518
-0.035553,-0.011902,-0.0038007,0.032654,2.5012,4.9796,0.00030518
-0.043182,-0.0065613,-0.0047509,0.032806,2.5012,4.9792,0.00030518
-0.041046,-0.0024414,-0.0047509,0.029755,2.5009,4.9789,-0.00061035
-0.029449,0.00015259,-0.0038007,0.023804,2.5021,4.9786,0
-0.014191,0.0028992,-0.005226,0.019531,2.5012,4.9792,-0.00091553
-0.0054932,0.0016785,-0.0047509,0.01297,2.5021,4.9789,0.00061035
-0.0028992,0.0033569,-0.0042758,0.0099182,2.5024,4.9789,-0.00030518
0.015259,0.0080872,-0.0047509,0.011139,2.5009,4.978,0.00030518
0.030975,0.010986,-0.0042758,0.020752,2.5006,4.9783,0.00030518
0.0039673,0.0090027,-0.0033257,0.032806,2.5003,4.9777,0.00030518
-0.019379,0.0057983,-0.0028506,0.036316,2.5009,4.9796,-0.00091553
-0.021362,0.0047302,-0.0047509,0.029144,2.5012,4.9786,-0.00030518
-0.019684,0.0028992,-0.005226,0.020752,2.5009,4.9796,-0.00030518
-0.018616,-0.00045776,-0.0042758,0.017853,2.5012,4.9792,-0.00030518
-0.023041,-0.0024414,-0.0047509,0.019073,2.5012,4.9792,-0.00030518
-0.025177,-0.0016785,-0.0042758,0.02182,2.5006,4.9789,-0.00030518
-0.015106,0.00030518,-0.0038007,0.022278,2.5024,4.9789,0
-0.012054,0.0015259,-0.005226,0.023651,2.5024,4.9786,-0.00030518
-0.018921,-0.00076294,-0.0047509,0.025177,2.5015,4.9789,-0.00030518
-0.016632,-0.0027466,-0.0038007,0.025024,2.5012,4.9796,0
-0.016327,-0.0015259,-0.005226,0.027466,2.5012,4.9783,0
-0.02243,-0.00091553,-0.0047509,0.030212,2.5012,4.9786,0.00030518
-0.023193,0.0015259,-0.0038007,0.028687,2.5015,4.978,-0.00030518
-0.017853,0.0027466,-0.0038007,0.027466,2.5006,4.9777,0.00030518
-0.0177,-0.00015259,-0.0047509,0.026093,2.5012,4.9783,-0.00030518
-0.021973,-0.0035095,-0.0042758,0.029907,2.5018,4.9783,0
-0.023499,-0.0041199,-0.0047509,0.037079,2.5009,4.9792,0
-0.012817,-0.0022888,-0.0033257,0.037537,2.5009,4.9774,-0.00030518
-0.0065613,0.00030518,-0.0047509,0.032196,2.5009,4.9765,0.00030518
-0.00015259,0.0016785,-0.005226,0.029602,2.5015,4.9771,0
-0.0071716,0.0041199,-0.0042758,0.028839,2.5015,4.9774,0.00030518
-0.018158,0.0053406,-0.0042758,0.027008,2.5021,4.9774,-0.00030518
-0.018158,0.0068665,-0.0047509,0.024567,2.5021,4.9771,-0.00030518
-0.018616,0.01236,-0.0042758,0.022888,2.5012,4.978,0
-0.021057,0.015564,-0.0042758,0.023956,2.5006,4.9783,0
-0.017395,0.012817,-0.0038007,0.024109,2.5015,4.9792,-0.00030518
-0.011292,0.0065613,-0.0047509,0.018463,2.5009,4.9789,-0.00030518
-0.014496,0.0027466,-0.0038007,0.009613,2.5018,4.9786,0
-0.025024,-0.00061035,-0.0047509,0.004425,2.5018,4.9789,0
-0.020294,-0.0038147,-0.0047509,0.014648,2.5009,4.9789,0.00061035
-0.018921,-0.0067139,-0.0042758,0.033417,2.5006,4.9786,-0.00030518
-0.011139,-0.0086975,-0.0047509,0.036774,2.5015,4.9792,-0.00061035
0.0033569,-0.011139,-0.0042758,0.021667,2.5012,4.9786,-0.00030518
0.013733,-0.012665,-0.0047509,0.0018311,2.5024,4.9786,0
0.0057983,-0.0091553,-0.0042758,0,2.5009,4.9786,0.00030518
-0.0082397,-0.0048828,-0.005226,0.010986,2.5003,4.9792,-0.00030518
-0.019073,-0.00076294,-0.0047509,0.012512,2.5015,4.9796,0.00030518
-0.018005,0.0022888,-0.0042758,0.0068665,2.5012,4.9789,0.00030518
-0.0097656,0.0036621,-0.0047509,0.0050354,2.5006,4.9774,0.00030518
0.011597,0.0053406,-0.0038007,0.0024414,2.5021,4.9792,-0.00030518
0.016937,0.0088501,-0.0047509,0.0057983,2.5012,4.9792,0
0.0053406,0.01236,-0.0042758,0.010223,2.5009,4.9799,-0.00061035
-0.0041199,0.014038,-0.0047509,0.0083923,2.5009,4.9789,0
-0.00091553,0.011597,-0.0042758,0.0083923,2.5015,4.9789,0
0.0073242,0.0068665,-0.0038007,0.014954,2.5012,4.9796,-0.00030518
0.0015259,0.0048828,-0.005226,0.022125,2.5021,4.9786,0.00030518
-0.015717,0.0065613,-0.0042758,0.021667,2.5006,4.9792,0
-0.015106,0.0083923,-0.005226,0.017548,2.5015,4.9789,0
-0.0019836,0.007782,-0.005226,0.010223,2.5012,4.9789,-0.00030518
0.016479,0.0091553,-0.0042758,0.004425,2.5012,4.9786,-0.00091553
0.015869,0.013428,-0.0047509,-0.0030518,2.5018,4.9786,0
0.010986,0.017242,-0.0042758,-0.0082397,2.5015,4.9789,0
0.0064087,0.018463,-0.005226,-0.0016785,2.5015,4.978,-0.00030518
0.0010681,0.017853,-0.005226,0.012665,2.5012,4.9786,-0.00030518
-0.0071716,0.014038,-0.0042758,0.019684,2.5012,4.9783,0.00030518
-0.014038,0.0074768,-0.005226,0.013885,2.5003,4.9774,0.00030518
-0.0056458,-0.0016785,-0.0038007,-0.0036621,2.5009,4.978,-0.00061035
0.0041199,-0.0067139,-0.0042758,-0.016937,2.5012,4.9774,-0.00030518
0.0032043,-0.0079346,-0.005226,-0.010681,2.5015,4.978,-0.00061035
0.012665,-0.0079346,-0.0042758,0.0065613,2.5015,4.9768,0
0.0090027,-0.007782,-0.0047509,0.017853,2.5012,4.9777,0.00030518
0.0010681,-0.0093079,-0.0047509,0.023804,2.5003,4.9774,-0.00030518
0.0022888,-0.010223,-0.005226,0.02121,2.5009,4.9777,-0.00030518
-0.0045776,-0.011597,-0.0038007,0.014496,2.5009,4.9783,0.00061035
-0.0039673,-0.012512,-0.0042758,0.016479,2.5015,4.978,0.00061035
0.0038147,-0.015106,-0.0047509,0.024567,2.5012,4.9771,0
0.0085449,-0.0177,-0.0042758,0.02655,2.5021,4.9762,0.00030518
0.005188,-0.012665,-0.005226,0.030212,2.5012,4.9777,0
-0.0085449,-0.0065613,-0.005226,0.031433,2.5018,4.9777,0.00030518
-0.005188,-0.0024414,-0.0042758,0.03479,2.5012,4.9774,0.00030518
-0.0079346,0.0028992,-0.0047509,0.034637,2.5012,4.9771,0
-0.007782,0.0047302,-0.005226,0.026703,2.5012,4.978,0.00030518
0.005188,-0.00045776,-0.005226,0.017853,2.5018,4.9774,-0.00030518
0.016479,-0.0067139,-0.0042758,0.01297,2.5003,4.9777,0
0.012512,-0.011139,-0.0047509,0.012817,2.5015,4.9777,0.00061035
0.00076294,-0.011292,-0.0042758,0.018463,2.5003,4.9774,0.00030518
-0.042572,-0.007019,-0.0042758,0.029755,2.5006,4.9786,0
-0.1004,-0.0076294,-0.0047509,0.038452,2.5012,4.9768,0.00030518
-0.092468,-0.0080872,-0.0047509,0.036163,2.5021,4.9777,0.00030518
0.022583,-0.0022888,-0.005226,0.024872,2.5006,4.9777,0.00030518
0.074005,0.0090027,-0.0042758,0.01358,2.5006,4.9774,0
0.041656,0.016022,-0.0047509,0.012207,2.5015,4.9777,0
0.0016785,0.019836,-0.0042758,0.01358,2.5012,4.9783,0.00061035
0.023499,0.02121,-0.005226,0.010529,2.5018,4.9777,0.00030518
0.022278,0.018158,-0.0042758,0.01297,2.5009,4.9777,0.00061035
0.00061035,0.011597,-0.0038007,0.015869,2.5015,4.9774,0.00091553
0.0015259,0.0039673,-0.0042758,0.010834,2.5009,4.9774,0.00030518
0.00030518,-0.0057983,-0.005226,0.00076294,2.5009,4.9786,0
0.005188,-0.011444,-0.0047509,-0.0053406,2.5012,4.9777,0.00061035
0.032043,-0.01297,-0.0047509,-0.0056458,2.5021,4.978,0
0.067291,-0.011902,-0.005226,-0.004425,2.5015,4.9771,0.00030518
0.0383,-0.0093079,-0.0047509,-0.0067139,2.5012,4.9765,0
0.0083923,-0.0073242,-0.0047509,-0.0079346,2.5003,4.9771,0
0.015411,-0.0047302,-0.0047509,-0.010681,2.5015,4.9759,0.00061035
0.041962,-0.0021362,-0.0047509,-0.015106,2.5015,4.9768,-0.00061035
0.023041,0.0013733,-0.0047509,-0.015259,2.5021,4.9765,0.00030518
-0.0071716,0.0048828,-0.0038007,-0.014191,2.5018,4.9771,0.00030518
-0.0048828,0.0050354,-0.0042758,-0.016022,2.5018,4.9774,-0.00030518
0.0010681,0.0035095,-0.0047509,-0.014954,2.5006,4.9765,0
0.0022888,0.0021362,-0.0042758,-0.012054,2.4997,4.9759,0
-0.0053406,0.0032043,-0.0047509,-0.011139,2.5009,4.9744,-0.00061035
-0.0097656,0.0012207,-0.0047509,-0.012512,2.5018,4.9734,0.00030518
-0.0062561,-0.00091553,-0.0047509,-0.014343,2.5012,4.9725,0.00030518
0.0042725,-0.0024414,-0.0042758,-0.015259,2.5018,4.9731,-0.00030518
0.0056458,-0.0019836,-0.005226,-0.015411,2.5009,4.9759,0
-0.0053406,0.0015259,-0.0042758,-0.015106,2.5012,4.9756,0.00030518
-0.014496,0.0032043,-0.0042758,-0.014954,2.5003,4.9762,0.00030518
-0.012207,0.0018311,-0.0042758,-0.013275,2.5015,4.9771,0.00030518
-0.0065613,-0.00015259,-0.0038007,-0.019226,2.5012,4.9777,0
0.010376,-0.0030518,-0.005226,-0.028229,2.5021,4.9765,0
0.012207,-0.007782,-0.0047509,-0.025177,2.5012,4.9768,0.00030518
-0.0018311,-0.0086975,-0.0033257,-0.010681,2.5012,4.9768,0.00030518
-0.016327,-0.0068665,-0.0047509,0.0013733,2.5006,4.9771,0.00030518
-0.019073,-0.0030518,-0.0047509,0.012512,2.5009,4.9777,0.00030518
-0.0099182,0.0035095,-0.0042758,0.0094604,2.5012,4.9777,0.00061035
-0.0030518,0.0068665,-0.0042758,-0.0080872,2.5015,4.9783,-0.00061035
0.0099182,0.004425,-0.0038007,-0.02243,2.5009,4.9786,-0.00061035
0.0048828,0.002594,-0.0047509,-0.016022,2.5012,4.978,-0.00030518
-0.02121,0.0027466,-0.0042758,-0.0032043,2.5012,4.978,0.00061035
-0.025177,0.0076294,-0.0042758,0.0074768,2.5018,4.9786,-0.00030518
-0.019684,0.0083923,-0.005226,0.011902,2.5012,4.9786,0.00030518
-0.015411,0.005188,-0.0042758,0.010681,2.5015,4.978,-0.00030518
-0.010529,-0.00091553,-0.0047509,0.0086975,2.5018,4.9783,0.00030518
0.0027466,-0.0057983,-0.0038007,0.005188,2.5015,4.9786,-0.00030518
0.012817,-0.011597,-0.0047509,0.00076294,2.5009,4.9789,0.00061035
0.010986,-0.015717,-0.005226,-0.0012207,2.5012,4.9786,0.00061035
0.0036621,-0.018768,-0.0042758,0.0019836,2.5021,4.9789,0.00030518
0.00045776,-0.020142,-0.005226,0.010986,2.5012,4.9799,0.00061035
0.00015259,-0.014191,-0.0047509,0.020142,2.5018,4.9789,0.00061035
0.0068665,-0.0047302,-0.0038007,0.02594,2.5009,4.9792,0
0.011292,0.0027466,-0.0047509,0.023346,2.5012,4.9789,-0.00030518
0.011902,0.0074768,-0.005226,0.019836,2.5009,4.9792,0
0.045013,0.0086975,-0.0042758,0.016632,2.5015,4.9789,0.00030518
0.084991,0.011749,-0.0042758,0.017853,2.5015,4.9789,0.00030518
0.084839,0.014801,-0.005226,0.018005,2.5006,4.9792,0
0.068817,0.013733,-0.005226,0.014038,2.5015,4.9799,-0.00030518
0.053101,0.009613,-0.0047509,0.013275,2.5015,4.9796,0
0.016479,0.0048828,-0.0047509,0.016937,2.5009,4.9789,-0.00030518
-0.013428,0.0024414,-0.0047509,0.018463,2.5015,4.978,0
-0.0018311,0.00045776,-0.0047509,0.012665,2.5012,4.9792,-0.00061035
-0.0012207,-0.0028992,-0.0047509,0.010071,2.5009,4.9783,0
-0.014191,-0.0033569,-0.0047509,0.018005,2.5018,4.9783,0.00030518
-0.024261,-0.0038147,-0.005226,0.026855,2.5012,4.9789,-0.00030518
-0.026703,-0.00076294,-0.005701,0.031891,2.5006,4.9796,0.00030518
-0.034943,0.0064087,-0.0047509,0.037994,2.5006,4.9789,-0.00030518
-0.038605,0.010529,-0.005226,0.0354,2.5009,4.9786,0.00030518
0.00015259,0.010223,-0.005226,0.017548,2.5021,4.9789,0
0.042725,0.0057983,-0.0038007,-0.0067139,2.5015,4.9783,0
0.031128,0.0041199,-0.005226,-0.0177,2.5015,4.9799,-0.00030518
-0.01236,0.0054932,-0.005701,-0.012817,2.5012,4.9792,-0.00030518
-0.031891,0.0053406,-0.0042758,-0.0080872,2.5018,4.9792,-0.00030518
-0.019531,0.0033569,-0.005226,-0.0079346,2.5018,4.9786,-0.00030518
0.013733,0.00091553,-0.005226,-0.0094604,2.5012,4.9792,0
-0.0057983,-0.0057983,-0.005226,-0.010376,2.5021,4.9783,0
-0.0068665,-0.011597,-0.0042758,-0.0086975,2.5015,4.9792,0.00030518
-0.014954,-0.013123,-0.005226,0.0013733,2.5009,4.9786,0
-0.027924,-0.0094604,-0.0042758,0.012817,2.5012,4.9789,-0.00030518
-0.032043,-0.0062561,-0.005226,0.016022,2.5012,4.9789,-0.00030518
-0.028992,-0.0042725,-0.0047509,0.014648,2.5015,4.9768,0
-0.010376,0.00015259,-0.005226,0.011292,2.5009,4.9786,0.00030518
-0.023956,0.0045776,-0.005701,0.0093079,2.5021,4.9786,0
-0.043945,0.0038147,-0.0047509,0.0085449,2.5012,4.9789,0.00030518
-0.021362,0.0057983,-0.0047509,0.0039673,2.5012,4.9796,-0.00030518
0.00091553,0.0083923,-0.0038007,-0.00030518,2.5003,4.9789,0.00030518
0.0036621,0.007782,-0.0042758,-0.0061035,2.5018,4.9802,-0.00061035
-0.0035095,0.0056458,-0.005226,-0.0088501,2.5021,4.9792,-0.00030518
-0.0041199,0.0035095,-0.0038007,-0.0083923,2.5018,4.9789,0.00030518
-0.005188,-0.00015259,-0.0047509,-0.0080872,2.5012,4.9789,0
-0.007782,-0.0010681,-0.0042758,-0.0080872,2.5006,4.9792,0.00030518
-0.0021362,-0.0061035,-0.005226,-0.010071,2.5009,4.9792,0.00030518
-0.0088501,-0.0091553,-0.0047509,-0.011139,2.5018,4.9783,0.00030518
-0.0019836,-0.007782,-0.0042758,-0.0094604,2.5024,4.9783,-0.00030518
0.010223,-0.0064087,-0.0042758,-0.0093079,2.5015,4.9783,0
0.0079346,-0.0019836,-0.0047509,-0.007782,2.5009,4.9783,-0.00030518
0.0076294,-0.00061035,-0.0042758,-0.005188,2.5012,4.9777,-0.00030518
0.03067,0.00076294,-0.005226,-0.0076294,2.5006,4.9777,0.00030518
0.071716,0.0013733,-0.0042758,-0.0094604,2.5012,4.9786,0.00030518
0.074615,0.0041199,-0.0042758,-0.0035095,2.5009,4.9792,0.00030518
0.041351,0.009613,-0.005226,0.0015259,2.5009,4.9762,-0.00030518
0.00045776,0.011902,-0.005701,0.0039673,2.5021,4.9777,-0.00030518
-0.014648,0.0085449,-0.0042758,0.012054,2.5003,4.978,-0.00061035
-0.010223,0.002594,-0.0047509,0.015259,2.5012,4.9777,0.00030518
-0.013123,-0.0071716,-0.0047509,0.01358,2.5006,4.978,0.00030518
-0.027161,-0.018311,-0.0047509,0.01358,2.5012,4.9777,0
-0.032654,-0.021362,-0.0047509,0.01236,2.5012,4.9783,0
-0.024261,-0.013275,-0.0038007,0.012054,2.5027,4.9789,0.00061035
-0.018158,-0.0022888,-0.0042758,0.013123,2.5012,4.9796,0.00030518
-0.015869,0.00045776,-0.0042758,0.0091553,2.5015,4.9796,0.00061035
-0.016632,0.00030518,-0.0038007,0.0019836,2.5012,4.9789,0.00030518
-0.009613,-0.00015259,-0.0047509,0.0039673,2.5018,4.9786,-0.00061035
-0.011139,0.00061035,-0.0042758,0.012207,2.5012,4.9792,0.00030518
-0.015411,0,-0.0047509,0.024109,2.5009,4.9786,-0.00030518
-0.019989,0.0028992,-0.0042758,0.028992,2.5012,4.9792,-0.00030518
-0.020294,0.0094604,-0.005226,0.02594,2.5015,4.978,0.00030518
-0.012817,0.0093079,-0.0042758,0.014801,2.5018,4.9792,0
-0.0086975,0.0062561,-0.005226,0.0076294,2.5024,4.9789,0
-0.0093079,0.0042725,-0.0042758,0.0082397,2.5009,4.9783,0.00030518
-0.0045776,0.0041199,-0.0047509,0.0038147,2.5021,4.9786,0.00030518
-0.0022888,0.0038147,-0.0038007,-0.00045776,2.5015,4.9771,0
-0.0019836,0.0027466,-0.0047509,-0.0015259,2.5024,4.9786,0.00030518
-0.007019,-0.00045776,-0.005226,-0.0036621,2.5015,4.9783,0
-0.0032043,0.0010681,-0.005226,-0.0036621,2.5015,4.9799,0.00030518
0.0036621,0.010986,-0.0038007,-0.0041199,2.5018,4.9783,-0.00030518
0.0018311,0.023193,-0.0047509,0.0018311,2.5024,4.9789,0.00030518
-0.0093079,0.029602,-0.0042758,0.015259,2.5015,4.9792,0.00030518
-0.02533,0.023651,-0.005226,0.022278,2.5012,4.9789,0
-0.032349,0.012207,-0.0042758,0.018005,2.5015,4.9786,0
-0.032501,-0.00030518,-0.005226,0.0086975,2.5009,4.9783,0.00030518
-0.028839,-0.0053406,-0.005226,0.0054932,2.5009,4.9796,-0.00030518
-0.01236,-0.0068665,-0.005226,0.01358,2.5012,4.9789,0
-0.00061035,-0.011444,-0.005226,0.020447,2.5015,4.9796,0.00061035
0.010834,-0.0094604,-0.005226,0.014191,2.5006,4.9789,0
0.016174,-0.00076294,-0.005226,-0.0010681,2.5012,4.9792,0
0.010223,0.0074768,-0.0047509,-0.004425,2.5018,4.9789,-0.00061035
0.0012207,0.0082397,-0.0042758,-0.0024414,2.5012,4.9792,0.00030518
-0.00076294,0.0033569,-0.005226,-0.009613,2.5009,4.9792,0.00030518
0.0067139,0.0015259,-0.0047509,-0.0177,2.5018,4.9792,0
0.0177,0.0013733,-0.005226,-0.022888,2.5021,4.9796,0.00030518
0.017242,0.0016785,-0.0047509,-0.015259,2.5012,4.9777,-0.00030518
0.023346,0.00061035,-0.005701,-0.0030518,2.5012,4.9789,0.00030518
0.02121,0.00030518,-0.005226,-0.0028992,2.5009,4.9792,0.00030518
0.010681,0.0050354,-0.0038007,-0.0071716,2.5015,4.9777,0.00030518
0.0054932,0.0094604,-0.0042758,-0.007782,2.5015,4.9789,0.00030518
0.0041199,0.011292,-0.0042758,-0.0085449,2.5018,4.9789,0
0.014648,0.010529,-0.0042758,-0.011139,2.5015,4.9786,0.00030518
0.02121,0.009613,-0.0042758,-0.0091553,2.5009,4.9789,0
0.016327,0.011444,-0.0047509,-0.00091553,2.5006,4.9786,-0.00030518
0.0064087,0.010986,-0.005226,0.0080872,2.5003,4.9796,0.00030518
0.0033569,0.0022888,-0.005226,0.0036621,2.5012,4.9786,0.00030518
0.018005,-0.0039673,-0.0047509,-0.004425,2.5015,4.9792,-0.00030518
0.019684,-0.0053406,-0.0042758,-0.0071716,2.5015,4.9796,-0.00030518
0.012512,-0.011749,-0.0042758,0.00076294,2.5015,4.9792,0
0.0038147,-0.023956,-0.0042758,0.0073242,2.5021,4.9799,0.00030518
0.0038147,-0.028229,-0.0047509,0.0050354,2.5018,4.9789,0.00030518
0.013275,-0.021973,-0.0042758,-0.0010681,2.5012,4.9789,0.00030518
0.023956,-0.010681,-0.0047509,-0.0048828,2.5012,4.9789,-0.00061035
0.02121,0.0012207,-0.0042758,-0.0010681,2.5012,4.9786,-0.00030518
0.031586,0.011597,-0.0047509,0.0056458,2.5006,4.9783,-0.00030518
0.016327,0.014496,-0.005226,0.0090027,2.5018,4.9777,0
0.0036621,0.0085449,-0.005226,0.002594,2.5009,4.9783,-0.00061035
0.0041199,0.00076294,-0.0042758,-0.009613,2.5021,4.9786,0.00030518
0.01236,-0.00091553,-0.0047509,-0.014191,2.5006,4.9783,0.00030518
0.041962,0.00045776,-0.0047509,-0.0073242,2.5018,4.9789,-0.00030518
0.082703,-0.0012207,-0.0042758,0.0015259,2.5006,4.9792,0.00030518
0.081329,-0.0038147,-0.0038007,0.0045776,2.5012,4.9792,-0.0012207
0.023499,-0.00015259,-0.0042758,0.005188,2.5,4.9786,-0.00061035
-0.025635,0.0045776,-0.0042758,0.009613,2.5012,4.9789,0.00091553
-0.029602,0.0024414,-0.0047509,0.013428,2.5021,4.9789,0.00030518
-0.018921,0.0013733,-0.005701,0.0177,2.5021,4.9786,0
-0.012817,0.0041199,-0.0042758,0.019379,2.5003,4.9786,0
-0.016632,0.0073242,-0.005226,0.016785,2.5012,4.9786,-0.00030518
-0.020752,0.0053406,-0.005226,0.020294,2.5006,4.9786,0.00061035
-0.023956,-0.00015259,-0.0047509,0.025787,2.5015,4.9783,0.00030518
-0.027161,-0.0028992,-0.0047509,0.028687,2.5009,4.9777,-0.00030518
-0.02533,0.00076294,-0.0047509,0.031281,2.5018,4.9786,-0.00030518
-0.023041,0.0042725,-0.0047509,0.027771,2.5021,4.978,0.00030518
-0.023346,0.0048828,-0.005226,0.022888,2.5009,4.9786,0.00030518
-0.019531,-0.00045776,-0.005226,0.015411,2.5,4.9783,0.00030518
-0.012207,-0.0042725,-0.0047509,0.0076294,2.5015,4.9759,0.00030518
-0.007019,-0.0041199,-0.0042758,0.012817,2.5012,4.9777,-0.00030518
-0.010681,-0.0045776,-0.005226,0.027161,2.5015,4.9777,-0.00030518
-0.015411,-0.0065613,-0.0047509,0.032043,2.5021,4.9777,0
-0.012054,-0.0088501,-0.0047509,0.03006,2.5006,4.978,0
-0.010223,-0.0090027,-0.005226,0.025177,2.5018,4.9777,-0.00030518
-0.016479,-0.0083923,-0.005226,0.015717,2.5003,4.9783,0
-0.011749,-0.0068665,-0.0042758,0.0021362,2.5015,4.9789,0.00061035
0.0018311,-0.0059509,-0.0047509,-0.005188,2.5006,4.9792,0.00061035
0.0094604,-0.0032043,-0.0047509,0.0010681,2.5015,4.9796,-0.00030518
0.0018311,0.0048828,-0.0047509,0.011749,2.5015,4.9786,0.00061035
0.00061035,0.0088501,-0.0047509,0.01709,2.5015,4.9777,-0.00061035
-0.0047302,0.0067139,-0.0047509,0.017242,2.5,4.9786,0.00030518
-0.0041199,0.0036621,-0.005226,0.018311,2.5021,4.9789,-0.00030518
0.0088501,-0.0013733,-0.005226,0.016785,2.5003,4.9789,0
0.016174,-0.0059509,-0.0047509,0.0062561,2.5018,4.9786,0.00030518
0.022888,-0.0086975,-0.0042758,-0.0038147,2.5015,4.9792,0
0.02533,-0.011292,-0.005701,-0.0086975,2.5018,4.9789,-0.00030518
0.011597,-0.013885,-0.005226,-0.01297,2.5009,4.9783,-0.00030518
-0.0091553,-0.012817,-0.0047509,-0.016022,2.5012,4.9796,0.00030518
-0.024567,-0.010529,-0.0047509,-0.016479,2.5009,4.9786,0.00061035
-0.0048828,-0.0091553,-0.0042758,-0.014191,2.5009,4.9792,0
0.023499,-0.0053406,-0.0038007,-0.011597,2.5021,4.9789,-0.00030518
0.0053406,0.0036621,-0.0033257,-0.010071,2.5009,4.9789,0
-0.011902,0.014648,-0.0042758,-0.0080872,2.5012,4.9792,0.00030518
-0.02243,0.017853,-0.005226,-0.0062561,2.5018,4.9789,-0.00091553
-0.037384,0.010986,-0.0038007,-0.010376,2.5003,4.9792,0
-0.027924,0.0056458,-0.0038007,-0.011902,2.5021,4.9789,0.00030518
-0.017395,0.0067139,-0.0047509,-0.012817,2.5009,4.9786,-0.00030518
-0.013428,0.009613,-0.0047509,-0.013123,2.5006,4.9805,0
-0.010986,0.011292,-0.005226,-0.010986,2.5018,4.9792,0
0.00045776,0.0086975,-0.0042758,-0.007782,2.5003,4.9792,0
0.00091553,0.0099182,-0.0042758,-0.00030518,2.5015,4.9792,0.00030518
-0.0022888,0.013275,-0.0038007,0.0071716,2.5012,4.9796,-0.00030518
-0.00015259,0.010986,-0.005226,0.0064087,2.5018,4.9789,0
0.0021362,0.0015259,-0.0033257,0.0090027,2.5021,4.9792,-0.00030518
-0.0019836,-0.0038147,-0.0047509,0.01236,2.5003,4.9789,0.00061035
-0.0042725,-0.00030518,-0.0047509,0.0042725,2.5018,4.9789,0.00030518
0.0024414,0.0033569,-0.0042758,-0.0041199,2.5009,4.9796,-0.00061035
0.0068665,0.005188,-0.0042758,0.0028992,2.5009,4.9786,0.00030518
-0.0030518,0.0076294,-0.005226,0.016327,2.5012,4.978,0
-0.0013733,0.0076294,-0.0047509,0.016785,2.5018,4.9786,0
-0.0019836,0.0057983,-0.0047509,0.0036621,2.5006,4.9783,-0.00030518
0.0059509,0.0056458,-0.0047509,-0.012054,2.5012,4.9786,0.00030518
0.015411,0.0064087,-0.0038007,-0.014954,2.5006,4.9789,0.00061035
0.011139,0.00015259,-0.0042758,-0.0047302,2.5018,4.9799,-0.00030518
0.0057983,-0.0068665,-0.0047509,0.0030518,2.5018,4.9796,-0.00061035
0.00030518,-0.0083923,-0.0047509,0.0057983,2.5012,4.9789,-0.00061035
0.0053406,-0.0036621,-0.005226,0.0045776,2.5012,4.9789,0
0.002594,0.00076294,-0.0033257,0.0015259,2.5003,4.9789,0.00061035
-0.012817,0.00030518,-0.0042758,0.0013733,2.5018,4.9786,0.00030518
-0.0088501,0.0021362,-0.0047509,0.0024414,2.5009,4.9789,-0.00061035
-0.01358,0.0033569,-0.0038007,0.0038147,2.5006,4.9786,0
-0.021057,0.00045776,-0.0047509,-0.0022888,2.5006,4.9789,0.00061035
-0.0074768,-0.0045776,-0.0047509,-0.01297,2.5012,4.9796,0.00030518
0.0019836,-0.011139,-0.0033257,-0.011139,2.5003,4.9792,0
0.0073242,-0.014343,-0.0047509,0.0030518,2.5009,4.9796,-0.00030518
0.024719,-0.014343,-0.005226,0.0083923,2.5018,4.9786,-0.00030518
0.012054,-0.012054,-0.0042758,0.0054932,2.5015,4.9792,-0.00030518
-0.0036621,-0.0048828,-0.005226,0.007019,2.5009,4.9796,0.00030518
-0.010986,0.0012207,-0.0042758,0.013428,2.5021,4.978,0.00030518
-0.0045776,-0.00061035,-0.0038007,0.014191,2.5015,4.9774,0.00091553
0.0056458,-0.0056458,-0.0042758,0.0079346,2.5012,4.9789,0
0.016327,-0.0039673,-0.0042758,0.004425,2.5009,4.9796,0
0.01297,-0.0053406,-0.0028506,0.007782,2.5015,4.9792,-0.00030518
-0.0067139,-0.010071,-0.0047509,0.011902,2.5015,4.9789,-0.00030518
-0.019989,-0.014648,-0.0042758,0.013123,2.5015,4.9789,0
-0.016022,-0.012512,-0.0038007,0.011597,2.5009,4.9792,0
-0.016022,-0.0015259,-0.005226,0.013885,2.5006,4.9789,0.00030518
-0.022888,0.0038147,-0.0042758,0.019989,2.5012,4.9783,0.00061035
-0.021667,0.0054932,-0.0047509,0.017548,2.5015,4.9789,0
-0.0097656,0.0097656,-0.0042758,0.0067139,2.5012,4.9796,0.00030518
-0.0068665,0.010834,-0.0047509,-0.0021362,2.5015,4.9786,0.00030518
-0.0086975,0.0061035,-0.0042758,0.00015259,2.5015,4.9789,0.00030518
-0.0090027,0.0065613,-0.0038007,0.010681,2.5012,4.9789,0.00030518
0.0010681,0.0094604,-0.0047509,0.020447,2.5009,4.9786,0
0.0013733,0.0050354,-0.0038007,0.020294,2.5015,4.978,0.00030518
0.0059509,-0.010376,-0.0047509,0.021515,2.5015,4.978,0
0.041199,-0.018768,-0.0047509,0.031128,2.5021,4.9783,-0.00030518
0.048828,-0.011902,-0.0047509,0.035248,2.5009,4.9792,0.00030518
0.0027466,0.00091553,-0.0038007,0.030212,2.5015,4.9777,0.00061035
-0.01236,0.0074768,-0.0033257,0.020447,2.5012,4.9774,-0.00030518
-0.018158,0.0080872,-0.0042758,0.010071,2.5015,4.978,-0.00030518
-0.020599,0.0047302,-0.0047509,-0.0035095,2.5015,4.978,-0.00030518
0.014191,-0.0022888,-0.0042758,-0.0067139,2.5006,4.978,0
0.014954,-0.0091553,-0.0038007,0.0039673,2.5018,4.978,0.00030518
-0.011292,-0.012207,-0.0038007,0.01297,2.5009,4.978,0.00030518
-0.023651,-0.0088501,-0.005226,0.0073242,2.5018,4.9786,-0.00030518
-0.013733,-0.0015259,-0.0033257,-0.00076294,2.5,4.9789,-0.00061035
-0.0028992,0.0030518,-0.0047509,0.00015259,2.5015,4.9799,0
-0.010223,0.005188,-0.005226,0.0056458,2.5015,4.9789,0.00061035
-0.011749,0.0086975,-0.0042758,0.0085449,2.5018,4.9783,-0.00061035
-0.016174,0.014648,-0.0042758,0.0086975,2.5006,4.9796,-0.00061035
-0.015717,0.019226,-0.0042758,0.0047302,2.5018,4.9783,-0.00030518
-0.016785,0.018463,-0.0047509,-0.0032043,2.5003,4.9786,-0.00061035
-0.015717,0.01709,-0.0042758,-0.012817,2.5018,4.9789,0
-0.0035095,0.017853,-0.0042758,-0.02121,2.5015,4.9789,0.00030518
0.002594,0.015259,-0.0047509,-0.023804,2.5012,4.9792,0
0.0033569,0.0085449,-0.0038007,-0.021057,2.5021,4.9789,0.00030518
0.016785,0.0028992,-0.0047509,-0.015411,2.5012,4.9783,0
0.014954,0.0012207,-0.0042758,-0.013885,2.5009,4.978,0.00030518
0.016632,0.00045776,-0.0047509,-0.015564,2.5009,4.978,0
0.021057,-0.0028992,-0.0042758,-0.02121,2.5009,4.9792,-0.00030518
0.019836,-0.0059509,-0.0042758,-0.026855,2.5015,4.9789,0.00061035
-0.00045776,-0.0041199,-0.0047509,-0.027161,2.5003,4.9792,0
-0.00091553,0.0019836,-0.005701,-0.025024,2.5012,4.9792,0.00030518
0.037079,0.0068665,-0.0042758,-0.026398,2.5015,4.9789,-0.00030518
0.078278,0.0061035,-0.0042758,-0.029297,2.5015,4.9783,0
0.057373,0.002594,-0.0042758,-0.029755,2.5024,4.9792,0.00030518
-0.0038147,-0.00015259,-0.0047509,-0.019836,2.5012,4.9786,0
-0.016327,0.0032043,-0.0042758,-0.005188,2.5012,4.9796,0
0.0071716,0.0056458,-0.0042758,0.0035095,2.5012,4.9792,0
0.0073242,0.0042725,-0.0042758,0.0062561,2.5015,4.9799,-0.00030518
-0.00091553,0.0022888,-0.0042758,0.0054932,2.5006,4.9789,-0.00030518
-0.0054932,0.0065613,-0.0042758,0,2.5018,4.9789,0.00030518
-0.0059509,0.010529,-0.0047509,-0.0018311,2.5012,4.9789,0.00030518
-0.0039673,0.010376,-0.0038007,-0.00061035,2.5003,4.9786,0.00030518
0.022583,0.0059509,-0.0047509,0.0041199,2.5009,4.9792,0.00030518
0.055389,-0.0012207,-0.005226,0.0074768,2.4997,4.9799,0
0.023956,-0.0057983,-0.0047509,0.0079346,2.5018,4.9783,0.00030518
-0.029297,-0.0053406,-0.0038007,0.011597,2.5009,4.9777,-0.00061035
-0.034943,-0.0024414,-0.005701,0.019073,2.5012,4.9783,0
-0.032654,-0.0033569,-0.0047509,0.0177,2.5021,4.9786,0.00030518
-0.040588,-0.0027466,-0.0047509,0.0071716,2.5021,4.9792,-0.00030518
-0.048218,-0.0010681,-0.0047509,0.00076294,2.5018,4.9789,0.00091553
-0.058289,-0.00076294,-0.0042758,0.0050354,2.5012,4.9789,0
-0.055237,-0.0032043,-0.0042758,0.011597,2.5012,4.9796,0
-0.030518,-0.0076294,-0.0042758,0.014038,2.5012,4.9799,0
-0.0080872,-0.0073242,-0.0028506,0.011749,2.5012,4.978,-0.00030518
-0.0091553,-0.0061035,-0.0047509,0.013123,2.5018,4.9796,0.00030518
-0.009613,-0.0042725,-0.0023755,0.013123,2.5024,4.9789,-0.00061035
0.014038,-0.0033569,-0.0047509,0.0091553,2.5012,4.9792,0.00061035
0.021057,0.0016785,-0.0047509,0.010223,2.5006,4.9796,0.00061035
0.0080872,0.0057983,-0.0047509,0.016022,2.5012,4.9786,-0.00030518
-0.0042725,0.00061035,-0.0042758,0.018158,2.5009,4.9786,0.00030518
-0.007782,-0.0028992,-0.0042758,0.015869,2.5012,4.9786,0.00030518
-0.011139,-0.0019836,-0.005226,0.0061035,2.5021,4.9789,0.00061035
-0.014801,-0.0021362,-0.0042758,0.0015259,2.5012,4.9792,0.00030518
-0.011597,-0.0012207,-0.0047509,0.010681,2.5018,4.9792,0
-0.0047302,0.00045776,-0.0042758,0.021362,2.5018,4.9777,0.00030518
-0.0033569,0.00061035,-0.0038007,0.023346,2.5012,4.9768,-0.00061035
0.004425,-0.00045776,-0.0038007,0.01358,2.5012,4.978,0.00030518
0.00076294,0.0019836,-0.0038007,0.0048828,2.5015,4.9786,0.00030518
-0.007019,0.0048828,-0.0038007,0.007019,2.5,4.9789,-0.00061035
-0.0048828,0.0041199,-0.0038007,0.01709,2.5009,4.9786,0.00061035
0.0067139,-0.0010681,-0.0047509,0.016479,2.5015,4.9783,0.00030518
0.019684,-0.0091553,-0.005701,0.010071,2.5018,4.9786,0.00061035
0.021362,-0.015411,-0.005226,0.004425,2.5018,4.9789,0
0.0067139,-0.019836,-0.0047509,0.0022888,2.5012,4.9802,0
-0.0071716,-0.020752,-0.0047509,0.00030518,2.5021,4.978,0.00030518
-0.014648,-0.015564,-0.0047509,-0.0021362,2.5006,4.9789,-0.00030518
0.01297,-0.010986,-0.0047509,-0.0032043,2.5009,4.9792,0
0.020142,-0.0022888,-0.0047509,-0.0039673,2.5009,4.9786,0
-0.00091553,0.002594,-0.0047509,-0.0064087,2.5015,4.9774,0.00030518
-0.0065613,0.0041199,-0.0038007,0.0021362,2.5015,4.978,0.00030518
0.0050354,0.004425,-0.0042758,0.016174,2.5018,4.978,0.00030518
0.007019,0.0054932,-0.0047509,0.017548,2.5012,4.9774,0.00030518
0.00076294,0.0088501,-0.0047509,0.010223,2.5015,4.978,-0.00030518
-0.0028992,0.010986,-0.0042758,0.0048828,2.5012,4.978,0
-0.0024414,0.0065613,-0.0047509,0.004425,2.5018,4.9777,-0.00061035
-0.0038147,-0.00045776,-0.0038007,0.0062561,2.5012,4.9768,0.00030518
0.0080872,-0.004425,-0.005226,0.010529,2.5015,4.9771,0.00030518
0.0053406,-0.0030518,-0.005226,0.016632,2.5009,4.9774,-0.00030518
-0.0085449,-0.0022888,-0.005226,0.025177,2.5021,4.9774,0.00030518
-0.007782,-0.0038147,-0.0047509,0.022888,2.5003,4.9771,0.00030518
0.002594,-0.0099182,-0.0033257,0.0088501,2.5003,4.9774,0.00061035
0.014801,-0.017853,-0.005226,0.0016785,2.5012,4.9786,0.00030518
0.007019,-0.019379,-0.0047509,-0.00015259,2.5018,4.9783,0.00030518
-0.010071,-0.019684,-0.0042758,-0.00045776,2.5012,4.9792,0.00030518
-0.018463,-0.018768,-0.0042758,0.0010681,2.5012,4.9799,0.00030518
-0.0062561,-0.010834,-0.005701,0.0018311,2.5015,4.9789,0.00030518
0.010223,0.0027466,-0.0042758,0.0019836,2.5009,4.9786,0
0.013733,0.012512,-0.005226,0.0050354,2.5006,4.9792,-0.00061035
-0.00061035,0.018311,-0.005226,0.0048828,2.5009,4.9783,0.00030518
-0.0082397,0.018311,-0.0042758,0.007019,2.5015,4.9796,-0.00030518
0.0022888,0.014191,-0.0047509,0.020447,2.5015,4.9783,0
0.023651,0.0097656,-0.0047509,0.029755,2.5006,4.9792,0.00030518
0.03952,0.0097656,-0.0047509,0.025024,2.5012,4.9796,-0.00030518
-0.0065613,0.014648,-0.0042758,0.020905,2.5012,4.9783,-0.00030518
-0.038605,0.020752,-0.0047509,0.028229,2.5021,4.9792,-0.00030518
-0.021515,0.023346,-0.0047509,0.033112,2.5021,4.978,0.00030518
-0.0024414,0.019379,-0.0047509,0.024872,2.5009,4.9786,0
-0.019836,0.0091553,-0.0047509,0.013733,2.5015,4.9796,-0.00030518
-0.022125,0.0010681,-0.0042758,0.0085449,2.5015,4.9786,0.00030518
0.014954,-0.0033569,-0.0047509,0.0067139,2.5003,4.9783,0.00030518
0.012665,-0.0079346,-0.0047509,0.0042725,2.5015,4.9789,0
-0.0038147,-0.012665,-0.005226,0.0030518,2.5009,4.9796,0
-0.029755,-0.011139,-0.005226,0.011902,2.5018,4.978,-0.00030518
-0.05188,-0.013733,-0.0042758,0.018311,2.5015,4.9789,-0.00030518
-0.02182,-0.019531,-0.0047509,0.020142,2.5006,4.9789,0.00030518
0.035858,-0.018463,-0.005226,0.022278,2.5015,4.9792,0
0.072632,-0.0085449,-0.0047509,0.019226,2.5009,4.9792,-0.00061035
0.065613,0.0024414,-0.0047509,0.0073242,2.5009,4.9799,0.00030518
0.03067,0.011597,-0.005226,0.0088501,2.5012,4.9786,-0.00091553
-0.01236,0.01709,-0.005701,0.023346,2.5009,4.9792,0
-0.0383,0.018768,-0.0038007,0.030365,2.5009,4.9799,0.00030518
-0.045929,0.015411,-0.0038007,0.027008,2.5021,4.9789,0.00030518
-0.047607,0.0086975,-0.005226,0.01709,2.5015,4.9792,0
-0.037537,0.0064087,-0.0042758,0.0065613,2.5015,4.9792,-0.00030518
-0.0099182,0.010376,-0.0047509,0.0012207,2.5015,4.9796,0
0.016174,0.012817,-0.0042758,0.00045776,2.5003,4.9783,0.00030518
0.040436,0.0090027,-0.0038007,0.002594,2.5012,4.9783,0.00030518
0.03418,0.0030518,-0.0042758,0.0045776,2.5021,4.9792,0
0.011597,0.0039673,-0.0047509,0.0079346,2.5006,4.9792,0.00030518
-0.010681,0.0071716,-0.005226,0.010223,2.5018,4.9789,0.00030518
-0.021057,0.0061035,-0.0047509,0.0053406,2.5012,4.9786,0.00030518
-0.02594,-0.0012207,-0.0047509,-0.0073242,2.5024,4.9786,0.00030518
-0.023651,-0.012665,-0.0042758,-0.0085449,2.5006,4.9799,-0.00030518
-0.018768,-0.019989,-0.0042758,0.0079346,2.5003,4.9792,0.00061035
-0.0079346,-0.019989,-0.0042758,0.017548,2.5015,4.9789,0
0.0067139,-0.019836,-0.0038007,0.0097656,2.5015,4.9792,0.00061035
0.02655,-0.021362,-0.0042758,-0.0022888,2.5015,4.9792,0
0.02594,-0.0177,-0.0047509,-0.0093079,2.5012,4.9786,0
0.007782,-0.0090027,-0.0042758,-0.0090027,2.5009,4.9783,0.00030518
-0.0038147,-0.0018311,-0.005226,-0.009613,2.5012,4.9789,0.00030518
-0.00030518,-0.0013733,-0.0042758,-0.017548,2.5018,4.9786,-0.00030518
0.0056458,-0.0048828,-0.0042758,-0.0177,2.5012,4.9799,0
0.010071,-0.002594,-0.0038007,-0.0059509,2.5009,4.9789,-0.00030518
0.017242,0.0041199,-0.0042758,0.0024414,2.5018,4.9786,0
0.018158,0.007019,-0.005226,0.0035095,2.5012,4.9802,-0.00030518
0.010223,0.0093079,-0.0047509,0.0080872,2.5009,4.978,-0.00030518
0.0086975,0.01358,-0.0042758,0.014038,2.5009,4.9786,0
-0.0027466,0.017242,-0.005701,0.017242,2.5006,4.978,0.00061035
-0.011902,0.016327,-0.0042758,0.015869,2.5021,4.9789,0
-0.010223,0.014496,-0.0047509,0.0088501,2.5015,4.9786,0.00061035
-0.0091553,0.0065613,-0.0042758,0.00061035,2.5009,4.9789,0.00030518
-0.0061035,-0.0010681,-0.0047509,-0.0054932,2.5006,4.9792,0.00030518
0.0022888,-0.0012207,-0.005226,-0.011749,2.5021,4.9789,0
0.0090027,0.0048828,-0.0047509,-0.014648,2.5009,4.9792,0.00030518
0.005188,0.007019,-0.0047509,-0.014954,2.5015,4.9786,0.00030518
-0.0036621,0.0067139,-0.005226,-0.012665,2.5021,4.9786,0
0.0035095,0.0053406,-0.005226,-0.0071716,2.5018,4.9792,0.00030518
0.0056458,0.00076294,-0.0038007,-0.00061035,2.5018,4.9783,-0.00030518
-0.0032043,-0.007019,-0.0038007,0.0024414,2.5009,4.9777,0.00091553
-0.0090027,-0.01297,-0.0038007,0.0028992,2.5009,4.9783,0.00030518
-0.0071716,-0.013733,-0.0042758,0.00076294,2.5012,4.9777,0.00061035
0.0028992,-0.0032043,-0.0038007,-0.005188,2.5015,4.978,-0.00030518
0.016785,0.0080872,-0.0038007,-0.0086975,2.5021,4.9783,0.00030518
0.029907,0.0091553,-0.0042758,-0.0085449,2.5012,4.9783,-0.00061035
0.01709,0.0050354,-0.0047509,-0.007782,2.5015,4.9786,-0.00091553
-0.0013733,0.0038147,-0.0042758,-0.0068665,2.5012,4.9768,0.00030518
-0.0012207,0.0088501,-0.0042758,-0.0082397,2.5012,4.9771,0.00030518
-0.010071,0.015106,-0.0042758,-0.004425,2.5018,4.9765,0
-0.014496,0.01709,-0.0047509,0.00030518,2.5021,4.9774,0.00061035
-0.010529,0.015717,-0.0047509,-0.0042725,2.5006,4.9771,-0.00061035
-0.010376,0.010834,-0.0047509,-0.013733,2.5012,4.9774,0.00061035
-0.007019,0.005188,-0.0038007,-0.0177,2.5009,4.9789,0
-0.0027466,-0.0016785,-0.0047509,-0.007019,2.5006,4.9789,-0.00061035
-0.00076294,-0.009613,-0.0042758,0.0056458,2.5015,4.9783,0.00030518
0.0048828,-0.015259,-0.0042758,0.010223,2.5015,4.9792,0.00061035
0.0071716,-0.015106,-0.0042758,0.011292,2.5009,4.9796,-0.00030518
0.0053406,-0.007782,-0.0042758,0.0088501,2.5006,4.9789,0
-0.0062561,0.0015259,-0.005226,0.0018311,2.5006,4.9789,0.00030518
-0.0071716,0.004425,-0.005226,-0.0062561,2.5015,4.9786,0.00030518
0.0019836,0.0032043,-0.0047509,-0.015717,2.5012,4.9789,0
0.0074768,0.0035095,-0.0038007,-0.019226,2.5024,4.9789,-0.00091553
0.013275,0.0090027,-0.0042758,-0.016174,2.5021,4.9792,-0.00091553
0.017395,0.012665,-0.0047509,-0.0048828,2.5015,4.9786,0.00030518
0.041199,0.011444,-0.0047509,0.0035095,2.5018,4.9789,-0.00030518
0.18127,0.0012207,-0.0047509,0.00045776,2.5018,4.9786,0.00030518
0.23392,-0.012054,-0.0038007,-0.0073242,2.5009,4.9783,-0.00030518
-0.036621,-0.017395,-0.0038007,-0.0067139,2.5009,4.9789,0.00030518
-0.08255,-0.018005,-0.0047509,-0.0041199,2.5018,4.9792,-0.00030518
-0.0097656,-0.019379,-0.0042758,-0.0010681,2.5009,4.9792,0.00030518
0.0053406,-0.0177,-0.005226,0.0013733,2.5021,4.9789,-0.00030518
-0.012665,-0.0085449,-0.005226,0.0038147,2.5015,4.9789,-0.00030518
-0.012512,0.0038147,-0.005226,-0.00076294,2.5009,4.9796,-0.00030518
-0.0085449,0.01236,-0.0042758,-0.0024414,2.5018,4.9792,-0.00091553
-0.0083923,0.018158,-0.0042758,0.0048828,2.5024,4.9786,0.00030518
-0.016785,0.019531,-0.0047509,0.017548,2.5015,4.9792,-0.00030518
-0.022736,0.016785,-0.0047509,0.022125,2.5012,4.9789,0.00061035
-0.011749,0.014648,-0.0047509,0.020752,2.5,4.9789,0
-0.0085449,0.014191,-0.0038007,0.019226,2.5006,4.9789,0.00030518
-0.015564,0.014038,-0.0047509,0.016785,2.5015,4.9792,-0.00061035
-0.026703,0.012817,-0.0038007,0.011444,2.5015,4.9789,0.00030518
-0.031281,0.0082397,-0.005226,0.0076294,2.5018,4.9792,0.00030518
-0.023499,0.00015259,-0.0047509,0.0064087,2.5015,4.9786,0.00030518
-0.010223,-0.009613,-0.0042758,0.010529,2.5012,4.9792,0
-0.004425,-0.014343,-0.0038007,0.016174,2.5015,4.9789,0
-0.010834,-0.015411,-0.005226,0.018768,2.5,4.9799,0
-0.022736,-0.01297,-0.0047509,0.020599,2.5015,4.978,0.00030518
-0.025177,-0.0099182,-0.0047509,0.020294,2.5009,4.9783,0.00030518
-0.032959,-0.0097656,-0.0042758,0.022736,2.5018,4.9792,-0.00030518
-0.03479,-0.010376,-0.005226,0.022583,2.5012,4.9792,0.00030518
-0.020447,-0.0090027,-0.0042758,0.016632,2.5006,4.9792,0.00030518
-0.0085449,-0.0059509,-0.0033257,0.012207,2.5012,4.9783,-0.00030518
-0.0059509,-0.0033569,-0.005226,0.015259,2.5018,4.9789,0.00030518
-0.0093079,-0.00061035,-0.0042758,0.019836,2.5015,4.9786,0
-0.0064087,0.0074768,-0.0047509,0.023346,2.5018,4.9786,0.00061035
0.01358,0.013885,-0.0038007,0.02594,2.5009,4.9789,0.00030518
0.013275,0.013275,-0.0042758,0.028076,2.5009,4.9783,0.00061035
-0.0093079,0.01358,-0.0047509,0.030365,2.5,4.9789,0
-0.016632,0.014038,-0.0033257,0.029755,2.5018,4.9786,0.00030518
-0.019226,0.014191,-0.0047509,0.021973,2.5015,4.9783,0.00030518
-0.02121,0.012817,-0.0047509,0.013885,2.5018,4.9786,0.00030518
-0.028992,0.011749,-0.0038007,0.014191,2.5003,4.9783,-0.00061035
-0.030212,0.010376,-0.0047509,0.011139,2.5012,4.9792,0
-0.020447,0.009613,-0.005226,0.0027466,2.5015,4.9786,0.00030518
-0.010834,0.0079346,-0.0047509,0.0042725,2.5006,4.9792,0
-0.010529,0.0035095,-0.0047509,0.010071,2.5018,4.9799,0.00030518
-0.015106,0.00015259,-0.0042758,0.0090027,2.5015,4.9777,-0.00061035
-0.0039673,-0.0033569,-0.0038007,0.0048828,2.5006,4.9783,-0.00030518
-0.00030518,-0.0053406,-0.0042758,0.0050354,2.5015,4.978,0
-0.0047302,-0.0041199,-0.0042758,0.0024414,2.5021,4.9789,0
0.0057983,-0.0035095,-0.0042758,-0.0012207,2.5015,4.978,0.00061035
0.053864,-0.004425,-0.0038007,-0.0018311,2.5018,4.9789,0
0.065002,-0.0062561,-0.0042758,0.0010681,2.5018,4.9783,0.00030518
0.019531,-0.011597,-0.005226,0.0080872,2.5009,4.9789,0.00030518
-0.0057983,-0.016022,-0.005226,0.014648,2.5015,4.9792,0.00030518
-0.0010681,-0.021362,-0.005226,0.015259,2.5012,4.9792,-0.00030518
-0.0032043,-0.024261,-0.005226,0.014801,2.5012,4.9796,-0.00030518
-0.0035095,-0.020294,-0.0047509,0.016022,2.5015,4.9792,0.00030518
-0.012817,-0.011597,-0.0038007,0.019073,2.5006,4.9783,0.00061035
-0.020142,-0.0033569,-0.005226,0.025787,2.5021,4.9783,0.00061035
-0.015717,-0.00045776,-0.0047509,0.029602,2.5006,4.9777,0.00061035
-0.0074768,0.0010681,-0.005226,0.022736,2.5015,4.9777,-0.00030518
-0.0016785,0.0018311,-0.0047509,0.016022,2.5012,4.9774,-0.00030518
-0.0010681,0.0030518,-0.005226,0.017395,2.5006,4.9777,-0.00030518
-0.0068665,0.0039673,-0.0047509,0.018158,2.5003,4.9783,-0.00030518
-0.012817,0.0018311,-0.0042758,0.016632,2.5018,4.978,0
-0.013275,-0.0022888,-0.005226,0.01297,2.5012,4.9759,0
-0.0021362,-0.0073242,-0.0042758,0.0091553,2.5006,4.9768,0.00091553
-0.0065613,-0.010986,-0.0042758,0.0094604,2.5009,4.9777,0.00030518
-0.0062561,-0.012512,-0.005226,0.0061035,2.5015,4.9771,0.00061035
0.0073242,-0.012817,-0.0047509,0.0036621,2.5021,4.9777,0.00030518
0.011597,-0.0093079,-0.0047509,0.007019,2.5015,4.9777,0
0.0019836,-0.0013733,-0.0042758,0.0061035,2.5012,4.9783,0.00030518
-0.0018311,0.0041199,-0.0042758,0.0013733,2.5021,4.9792,0.00030518
0.028534,0.0013733,-0.0047509,0,2.5012,4.9783,-0.00061035
0.045929,-0.0032043,-0.005701,0.0012207,2.5018,4.9789,-0.00061035
0.017242,-0.0039673,-0.0047509,0.0033569,2.5015,4.9789,0
-0.0079346,-0.0032043,-0.0047509,0.0059509,2.5018,4.9792,0
-0.014648,-0.0042725,-0.0042758,0.016174,2.5012,4.9799,-0.00091553
-0.019226,-0.0061035,-0.0042758,0.028992,2.5006,4.9783,0
-0.030212,-0.0062561,-0.0038007,0.028229,2.5018,4.9789,-0.00091553
-0.024109,-0.0018311,-0.0038007,0.011902,2.5021,4.9786,-0.00030518
-0.0086975,0.0021362,-0.0042758,-0.00045776,2.5003,4.9789,0
-0.0041199,0.0064087,-0.0047509,-0.0039673,2.5012,4.9792,-0.00061035
-0.014954,0.0099182,-0.0042758,-0.0016785,2.5012,4.9792,0
-0.016632,0.014648,-0.005701,0.0019836,2.5006,4.9796,0.00030518
-0.00076294,0.02182,-0.0033257,0.0021362,2.5009,4.9786,0.00030518
0.019531,0.023041,-0.0047509,0.0018311,2.5006,4.9783,-0.00030518
0.011597,0.023346,-0.0047509,0.0030518,2.5009,4.9796,0.00061035
-0.0056458,0.025024,-0.0042758,0.0010681,2.5018,4.9789,0
-0.01358,0.02243,-0.0038007,0.0030518,2.5012,4.9789,0
-0.011444,0.01236,-0.0047509,0.0047302,2.5015,4.9792,0
-0.0085449,-0.00045776,-0.0047509,0.007019,2.5018,4.9799,-0.00030518
0.0024414,-0.0036621,-0.0047509,0.013428,2.5006,4.9796,0.00030518
0.0090027,-0.0012207,-0.0042758,0.01358,2.5021,4.9796,-0.00030518
-0.0082397,0.00091553,-0.0042758,0.0021362,2.5003,4.9792,0.00091553
-0.011749,-0.004425,-0.005226,-0.014954,2.5021,4.9792,0
0.0061035,-0.0064087,-0.0033257,-0.024414,2.5006,4.9789,0
0.0016785,-0.0076294,-0.0038007,-0.018768,2.5012,4.9789,0
-0.0035095,-0.0067139,-0.005226,-0.013885,2.5009,4.9792,0.00030518
0.013885,-0.0041199,-0.0047509,-0.014954,2.5018,4.9789,-0.00030518
0.019226,-0.0033569,-0.0047509,-0.011597,2.5,4.9792,0.00030518
0.010529,-0.0016785,-0.0038007,-0.0054932,2.5015,4.9796,0.00030518
-0.0015259,0.00030518,-0.0042758,-0.0027466,2.5015,4.9789,0.00030518
-0.0032043,0.0022888,-0.0042758,-0.0033569,2.5015,4.9799,0
-0.0047302,0.0050354,-0.0047509,-0.00015259,2.5009,4.9792,0.00030518
-0.0093079,0.0039673,-0.0042758,0.0080872,2.5018,4.978,0.00061035
0.020752,0.004425,-0.0042758,0.0076294,2.5009,4.9786,0.00030518
0.036774,0.011139,-0.0047509,0.007019,2.5024,4.9783,0.00030518
-0.0032043,0.014038,-0.0047509,0.013885,2.5021,4.9786,0.00030518
-0.027313,0.015717,-0.005701,0.018463,2.5021,4.9789,0
-0.021667,0.013885,-0.0033257,0.0080872,2.5024,4.9799,0.00030518
-0.004425,0.010986,-0.0042758,-0.0030518,2.5,4.9792,0
0.0048828,0.007019,-0.0047509,-0.0012207,2.5021,4.9786,0.00030518
-0.0013733,0.0061035,-0.0038007,0.0056458,2.5006,4.9786,0.00061035
-0.01236,0.0038147,-0.005701,0.0082397,2.5009,4.9799,0
-0.020905,-0.0013733,-0.0047509,0.0079346,2.5012,4.9792,-0.00061035
-0.014648,-0.009613,-0.0042758,0.010223,2.5012,4.9789,0.00030518
-0.0038147,-0.016632,-0.0042758,0.0090027,2.5009,4.9783,0.00030518
0.0080872,-0.019836,-0.0047509,0.0048828,2.5015,4.9792,0.00061035
0.011597,-0.02121,-0.0047509,0.005188,2.5012,4.9786,0.00030518
0.028229,-0.019989,-0.0047509,0.0021362,2.5009,4.9789,0.00030518
0.023346,-0.015869,-0.005226,-0.0047302,2.5018,4.9789,0
-0.0093079,-0.011139,-0.005226,-0.007782,2.5015,4.9789,0
-0.027618,-0.0061035,-0.0033257,-0.0038147,2.4997,4.9786,-0.00030518
-0.027161,-0.0012207,-0.0047509,0.0035095,2.5021,4.9789,-0.00030518
-0.021667,0.0062561,-0.005226,0.0015259,2.5015,4.9783,0.00030518
-0.0054932,0.015259,-0.0047509,-0.0080872,2.5015,4.9789,0
-0.00030518,0.016479,-0.0066512,-0.012207,2.5018,4.9792,-0.00030518
-0.007782,0.013885,-0.0047509,-0.0097656,2.5009,4.9783,0.00030518
-0.013733,0.0080872,-0.0042758,-0.0082397,2.5009,4.9789,0
-0.0086975,0.0048828,-0.0042758,-0.014648,2.5012,4.9783,-0.00091553
-0.0018311,0.0042725,-0.0042758,-0.019379,2.5003,4.9792,0
0.0050354,0.0065613,-0.0042758,-0.016174,2.5015,4.9789,0.00061035
0.025787,0.0097656,-0.0042758,-0.010986,2.5015,4.9802,0
0.038757,0.010071,-0.0038007,-0.0080872,2.5015,4.9792,0
0.010071,0.0042725,-0.0047509,-0.01358,2.5006,4.9789,-0.00030518
0.0038147,-0.0019836,-0.0042758,-0.019226,2.5,4.9792,0.00061035
0.018921,-0.004425,-0.0047509,-0.020599,2.5012,4.9783,-0.00061035
0.0088501,-0.0042725,-0.005226,-0.019989,2.5018,4.978,-0.00061035
-0.011902,-0.0047302,-0.0042758,-0.016479,2.5009,4.9774,0.00030518
-0.023956,-0.0041199,-0.005226,-0.0033569,2.5024,4.9777,-0.00091553
-0.020599,-0.0033569,-0.0042758,0.0076294,2.5003,4.9786,-0.00030518
-0.010071,-0.0016785,-0.0047509,0.005188,2.5018,4.9786,-0.00061035
0.0015259,-0.00076294,-0.0042758,-0.002594,2.5012,4.9783,0.00030518
0.0082397,-0.0016785,-0.0042758,-0.0080872,2.5006,4.9777,0.00030518
0.0038147,-0.00061035,-0.0038007,-0.00076294,2.5021,4.9765,-0.00030518
0.0097656,-0.00076294,-0.0042758,0.011444,2.5009,4.9765,0.00061035
0.024567,-0.0012207,-0.005226,0.016022,2.5012,4.9786,-0.00061035
0.019684,0.002594,-0.0047509,0.011749,2.5006,4.9777,-0.00030518
0.011444,0.0071716,-0.0047509,0.0086975,2.5015,4.9774,-0.00061035
0.021973,0.0088501,-0.0042758,0.010071,2.5006,4.9783,0.00030518
-0.0028992,0.0080872,-0.0042758,0.010834,2.5015,4.9786,0
-0.016632,0.0057983,-0.0038007,0.017548,2.5009,4.9786,0.00061035
0.0016785,0.0033569,-0.0047509,0.02655,2.5009,4.9792,0
0.018463,0.0018311,-0.0047509,0.031433,2.5015,4.9796,0.00030518
0.0086975,0.0028992,-0.0047509,0.028381,2.5006,4.9792,-0.00061035
0.0035095,0.002594,-0.0047509,0.026703,2.5015,4.9786,0.00030518
-0.0053406,-0.00045776,-0.0042758,0.024719,2.5015,4.9789,-0.00030518
-0.018005,-0.0036621,-0.005701,0.024719,2.5009,4.9792,0
-0.027466,-0.005188,-0.0047509,0.027008,2.5018,4.9792,-0.00061035
-0.027466,-0.0032043,-0.0047509,0.026398,2.5006,4.9786,0
-0.022278,-0.0022888,-0.0038007,0.023804,2.5012,4.9786,0.00061035
-0.009613,-0.0028992,-0.005701,0.017242,2.5009,4.9789,0
0.0067139,-0.00076294,-0.0047509,0.014191,2.5018,4.978,0
-0.030365,-0.0012207,-0.0047509,0.022888,2.5018,4.9789,0.00030518
-0.043335,-0.005188,-0.0042758,0.037994,2.5009,4.9777,0.00030518
0.0065613,-0.0085449,-0.0033257,0.045013,2.5012,4.9792,0.00091553
-0.0012207,-0.0090027,-0.0047509,0.045929,2.5009,4.9796,0.00030518
-0.056763,-0.0082397,-0.0047509,0.042725,2.5003,4.9789,0.00030518
-0.032349,-0.0082397,-0.0038007,0.040741,2.5018,4.9789,-0.00030518
-0.0088501,-0.007782,-0.0042758,0.036621,2.5021,4.9792,0
-0.029449,-0.010834,-0.005226,0.027771,2.5018,4.9789,0.00030518
-0.017548,-0.012512,-0.0047509,0.020142,2.5018,4.9789,0.00030518
0.0041199,-0.010529,-0.0042758,0.010223,2.5,4.9799,0.00030518
0.0074768,-0.0061035,-0.0047509,0.0012207,2.5012,4.9786,0
-0.0036621,-0.0048828,-0.0047509,-0.0016785,2.5012,4.9789,0
-0.0048828,-0.0053406,-0.0047509,0.0016785,2.5018,4.9789,0.00030518
-0.0061035,-0.0079346,-0.005226,0.010071,2.5006,4.9789,0.00030518
-0.013428,-0.0097656,-0.0047509,0.014191,2.5018,4.9796,-0.00091553
-0.014648,-0.0054932,-0.0042758,0.013123,2.5012,4.9786,0
-0.0085449,0.00045776,-0.0047509,0.012817,2.5009,4.9796,-0.00030518
-0.0079346,0.0024414,-0.005226,0.014648,2.5006,4.9786,-0.00030518
-0.012665,0.004425,-0.005226,0.013428,2.5009,4.9792,-0.00030518
-0.007019,0.0059509,-0.0042758,0.014038,2.5012,4.9789,0.00030518
0.0056458,0.0042725,-0.0042758,0.016479,2.5015,4.9789,0.00061035
0.0015259,0.00091553,-0.0042758,0.013275,2.5006,4.9777,0.00030518
-0.0024414,0.0019836,-0.0047509,0.0091553,2.5009,4.9786,0.00030518
-0.00076294,-0.00015259,-0.0042758,0.002594,2.5009,4.9792,-0.00030518
0.0012207,-0.0035095,-0.0038007,-0.0019836,2.5018,4.9786,-0.00030518
0.0021362,-0.0038147,-0.0042758,-0.0088501,2.5015,4.9789,-0.00061035
0.007782,0.00045776,-0.0061761,-0.015717,2.5031,4.9786,0.00061035
0.011749,0.0035095,-0.005226,-0.015259,2.5015,4.9789,0
0.0082397,0.0048828,-0.0047509,-0.010986,2.5006,4.9792,0.00030518
0.0074768,0.0064087,-0.0028506,-0.010986,2.5,4.9796,0.00030518
0.0071716,0.0067139,-0.0042758,-0.015869,2.5012,4.9792,0.00061035
0.0091553,0.007782,-0.005226,-0.020294,2.5009,4.9789,0
0.023956,0.011139,-0.0033257,-0.019684,2.5021,4.9783,0
0.036774,0.014801,-0.005226,-0.021515,2.5006,4.9789,0.00030518
0.061035,0.013428,-0.0047509,-0.022125,2.5009,4.9786,0
0.039825,0.009613,-0.0047509,-0.019073,2.5009,4.9792,0.00030518
-0.0010681,0.005188,-0.005226,-0.015411,2.5021,4.9789,0
-0.00076294,0.0035095,-0.005226,-0.0074768,2.5006,4.9796,0.00030518
0.010071,0.0016785,-0.005701,-0.00076294,2.5018,4.9786,0.00030518
0.0054932,-0.00015259,-0.0047509,-0.0015259,2.5024,4.9789,0.00061035
0.00061035,-0.0016785,-0.0042758,0.0042725,2.5015,4.978,0
0.0027466,-0.0015259,-0.005226,0.010834,2.5012,4.9774,-0.00061035
0.007782,0.00030518,-0.0047509,0.012207,2.5015,4.9792,-0.00030518
0.0042725,0.00015259,-0.0047509,0.0036621,2.5003,4.9792,0
0.0053406,-0.0013733,-0.0047509,-0.0085449,2.5015,4.9789,0.00030518
0.0086975,-0.0013733,-0.0038007,-0.011597,2.5009,4.9789,0.00061035
0.00015259,-0.00076294,-0.0047509,-0.0010681,2.5009,4.9786,0.00061035
-0.0091553,-0.00015259,-0.0042758,0.0061035,2.5018,4.9796,-0.00061035
-0.0062561,-0.00091553,-0.0047509,-0.00030518,2.5003,4.9792,0.00030518
-0.0013733,-0.00030518,-0.0042758,-0.0013733,2.5012,4.9792,0.00030518
-0.0067139,-0.0018311,-0.0047509,0.0064087,2.5015,4.9786,0.00030518
-0.02121,-0.004425,-0.005226,0.013428,2.5021,4.9786,0.00030518
-0.022125,-0.0028992,-0.0047509,0.0093079,2.5012,4.9786,0.00091553
-0.012817,-0.0022888,-0.005226,-0.00030518,2.5018,4.9777,0
0.0033569,-0.0028992,-0.0047509,-0.016327,2.5015,4.9783,-0.00030518
0.0093079,-0.00045776,-0.0038007,-0.025177,2.5021,4.978,0.00061035
0.0062561,-0.0012207,-0.0047509,-0.017853,2.5018,4.9786,0
0.0085449,-0.0038147,-0.005226,-0.010681,2.5015,4.9777,0.00061035
0.016479,-0.0064087,-0.0047509,-0.0061035,2.5012,4.9777,-0.00030518
0.011597,-0.0064087,-0.0038007,0.0013733,2.5009,4.9771,-0.00061035
0.00061035,-0.0071716,-0.0042758,0.014038,2.5009,4.9777,0.00030518
-0.0074768,-0.0041199,-0.0047509,0.019531,2.5021,4.9762,0
0.002594,0.00091553,-0.0042758,0.0086975,2.5006,4.9777,0.00061035
0.012207,0.0032043,-0.005226,0.0019836,2.5012,4.9771,-0.00061035
0.0091553,0.0050354,-0.0047509,0.0059509,2.5015,4.9777,-0.00030518
0.0019836,0.0086975,-0.005226,0.009613,2.5012,4.9777,-0.00030518
-0.0039673,0.0085449,-0.005226,0.0076294,2.5018,4.9768,-0.00030518
-0.0039673,0.0073242,-0.0047509,0.007019,2.5015,4.9783,0.00030518
-0.0057983,0.0057983,-0.0047509,0.014496,2.5018,4.9786,0
-0.0094604,0.0033569,-0.0047509,0.014801,2.5018,4.978,0.00030518
-0.014191,0.00061035,-0.0047509,0.0073242,2.5015,4.9783,0.00030518
-0.019531,-0.00045776,-0.0047509,0.0082397,2.5031,4.9789,0.00030518
-0.015869,0.0013733,-0.0047509,0.019073,2.5021,4.9786,0
-0.015564,0.0050354,-0.0047509,0.025024,2.5009,4.9786,0.00030518
-0.01236,0.0050354,-0.0047509,0.021057,2.5009,4.9796,0.00061035
-0.0067139,-0.00045776,-0.0042758,0.015106,2.5015,4.9786,0
-0.0056458,-0.0067139,-0.0061761,0.012054,2.5006,4.978,0.00061035
-0.0090027,-0.0099182,-0.0047509,0.010223,2.5015,4.9789,0
-0.0068665,-0.0080872,-0.0047509,0.0097656,2.5003,4.9789,-0.00030518
-0.0021362,-0.0048828,-0.0042758,0.0093079,2.5012,4.9783,0
0.00030518,-0.00091553,-0.0042758,0.010529,2.5012,4.9796,-0.00030518
-0.0054932,0.00076294,-0.0038007,0.007019,2.5006,4.978,0.00030518
-0.0053406,-0.00061035,-0.0042758,0.00091553,2.5015,4.9783,0.00091553
-0.0019836,0,-0.005226,0.00076294,2.5012,4.978,-0.00030518
0.0050354,-0.0013733,-0.0047509,0.0082397,2.5018,4.9789,-0.00061035
0.0093079,-0.002594,-0.0047509,0.013885,2.5024,4.9792,-0.00030518
0.0064087,-0.0028992,-0.0033257,0.01358,2.5012,4.9796,0
0.0090027,-0.007019,-0.005226,0.0088501,2.5018,4.9792,0.00030518
0.015564,-0.0085449,-0.0047509,0.0024414,2.5018,4.9783,0
0.028381,-0.0080872,-0.0042758,-0.0065613,2.5009,4.9792,0.00030518
0.02655,-0.007782,-0.0042758,-0.011292,2.5021,4.9786,0.00030518
0.0019836,-0.0067139,-0.0038007,-0.0053406,2.5012,4.9792,0.00030518
0.011292,-0.0036621,-0.0042758,0.0022888,2.5009,4.9792,0
0.049591,-0.0015259,-0.0047509,0.004425,2.5012,4.9792,-0.00030518
0.037537,0.0028992,-0.005226,0.0042725,2.5012,4.9796,0
-0.0068665,0.0057983,-0.005226,0.0042725,2.5018,4.9789,-0.00030518
-0.022888,0.007782,-0.0042758,0.0015259,2.5012,4.9783,-0.00030518
-0.020142,0.0090027,-0.005226,-0.0045776,2.5009,4.9792,0.00030518
-0.016174,0.010223,-0.0047509,-0.014496,2.5015,4.9792,0
-0.016632,0.0088501,-0.0047509,-0.016022,2.5015,4.9805,0.00030518
-0.026093,0.0061035,-0.0038007,-0.0090027,2.5012,4.9796,0.00061035
-0.025635,0.0038147,-0.0042758,-0.0028992,2.5021,4.978,0.00061035
-0.011444,0.0045776,-0.0038007,-0.00076294,2.5015,4.978,0.00030518
-0.010529,0.0033569,-0.0038007,0.00091553,2.5003,4.9796,0.00030518
-0.010529,0,-0.0042758,0.0010681,2.5009,4.9796,0.00030518
-0.0059509,-0.0022888,-0.0047509,-0.0010681,2.5012,4.9786,-0.00030518
-0.0099182,-0.0028992,-0.0047509,0.00045776,2.5009,4.9786,0.00030518
-0.010529,-0.0035095,-0.0042758,-0.00091553,2.5003,4.9789,-0.00030518
0.0010681,-0.0016785,-0.0047509,-0.0082397,2.5012,4.9789,0
0.016327,0.0018311,-0.0047509,-0.014343,2.5018,4.9783,0.00030518
0.019379,0.0050354,-0.0028506,-0.014648,2.5009,4.9799,0
0.011292,0.0064087,-0.0047509,-0.010681,2.5003,4.9789,-0.00061035
0.018158,0.0054932,-0.0047509,-0.0050354,2.5012,4.9786,0.00030518
0.022125,0.0028992,-0.0047509,0.00030518,2.5009,4.9789,-0.00030518
0.0093079,0.0019836,-0.0047509,0.0050354,2.5015,4.9792,-0.00030518
-0.0047302,0.0030518,-0.0047509,0.0056458,2.5012,4.9783,0
0.0033569,0.005188,-0.0047509,0.0039673,2.5012,4.9789,0.00030518
0.0039673,0.0039673,-0.0038007,0.0065613,2.5006,4.9783,0.00030518
-0.011597,0.0012207,-0.0038007,0.018005,2.5015,4.9789,0.00030518
-0.020294,-0.00061035,-0.0047509,0.023651,2.5009,4.9796,0.00030518
-0.0177,-0.0033569,-0.0047509,0.015717,2.5009,4.9792,-0.00061035
-0.013885,-0.0061035,-0.0047509,0.0074768,2.5018,4.9771,0.00061035
0.0022888,-0.0073242,-0.0038007,0.010376,2.5006,4.9789,0.00030518
0.014038,-0.0079346,-0.0042758,0.015717,2.5018,4.9789,-0.00030518
-0.0050354,-0.0068665,-0.0038007,0.016937,2.5006,4.9786,-0.00030518
-0.02243,-0.0033569,-0.0047509,0.019073,2.5018,4.9783,0.00030518
-0.024872,0.0010681,-0.0038007,0.019684,2.5021,4.9799,0.00091553
-0.02243,0.0071716,-0.0042758,0.015717,2.5012,4.9796,0.00061035
-0.019684,0.010834,-0.0047509,0.011292,2.5009,4.9786,0.00061035
-0.015106,0.010529,-0.0042758,0.0083923,2.5021,4.9789,0.00030518
-0.0085449,0.0068665,-0.0033257,0.0099182,2.5003,4.9783,0
-0.0073242,0.0036621,-0.005226,0.0086975,2.5012,4.9789,-0.00061035
0.0032043,-0.00045776,-0.0047509,0.0030518,2.5018,4.9789,0.00030518
-0.0024414,-0.0013733,-0.0042758,0.0013733,2.5015,4.9786,0.00030518
-0.0062561,-0.0010681,-0.0033257,-0.00061035,2.5021,4.9774,0
-0.0012207,-0.00091553,-0.0042758,-0.0032043,2.5003,4.9771,-0.00030518
0.0010681,-0.0019836,-0.0042758,0.00015259,2.5003,4.978,0.00030518
0.002594,-0.0027466,-0.0038007,0.0030518,2.5015,4.9777,0
-0.0016785,-0.0028992,-0.0047509,0.0050354,2.5006,4.978,0.00061035
-0.0024414,-0.0019836,-0.0047509,0.0091553,2.5018,4.9777,0.00030518
-0.004425,-0.00076294,-0.0042758,0.011444,2.5012,4.9786,-0.00030518
-0.012207,-0.0032043,-0.0047509,0.011292,2.5009,4.9768,-0.00030518
-0.0074768,-0.0050354,-0.005226,0.0076294,2.5015,4.9768,0
0.00076294,-0.0042725,-0.0042758,0.0038147,2.5009,4.9777,0.00061035
0.0073242,-0.0010681,-0.0047509,0.0038147,2.5018,4.9774,-0.00061035
0.0097656,0.00015259,-0.0042758,0.0048828,2.5021,4.9774,0.00030518
0.0097656,-0.0018311,-0.0042758,0.0082397,2.5018,4.978,0.00030518
0.0062561,-0.0015259,-0.0042758,0.010834,2.5012,4.978,0.00061035
-0.0056458,0.0015259,-0.0042758,0.01358,2.5015,4.9789,0
-0.010223,0.0048828,-0.005226,0.016022,2.5003,4.9802,0.00030518
-0.010376,0.0088501,-0.0042758,0.018005,2.5006,4.9789,-0.00030518
-0.014954,0.010986,-0.0047509,0.018158,2.5015,4.9789,0.00030518
-0.012817,0.011749,-0.0042758,0.015869,2.5012,4.9789,0
-0.0079346,0.0079346,-0.0042758,0.015564,2.5021,4.9786,-0.00061035
0,0.0027466,-0.0033257,0.011902,2.5009,4.9789,0.00091553
0.0041199,-0.002594,-0.0047509,0.0067139,2.5018,4.9789,0
0.0053406,-0.0050354,-0.0042758,0.010681,2.5012,4.9789,0
0.0073242,-0.0057983,-0.0042758,0.017548,2.5018,4.9783,0.00030518
0.0086975,-0.0054932,-0.0047509,0.020447,2.5021,4.9786,-0.00061035
0.0073242,-0.0016785,-0.0047509,0.0177,2.5021,4.978,0
0.00015259,0.00091553,-0.0042758,0.015869,2.5,4.9799,0
-0.0032043,0.0042725,-0.0038007,0.015564,2.5009,4.9765,-0.00061035
0.013733,0.0086975,-0.0042758,0.01297,2.5009,4.9783,0.00091553
0.020142,0.010681,-0.0028506,0.01236,2.5009,4.9792,-0.00061035
0.011902,0.010529,-0.0042758,0.01358,2.5021,4.9786,-0.00030518
0.0048828,0.0097656,-0.0028506,0.013275,2.5012,4.9786,-0.00061035
-0.0013733,0.0091553,-0.0038007,0.011749,2.5012,4.9786,0.00030518
-0.0064087,0.010376,-0.0042758,0.016479,2.5015,4.9789,-0.00030518
-0.0032043,0.012817,-0.0042758,0.020142,2.5015,4.9796,0.00030518
0.004425,0.013885,-0.0042758,0.021667,2.5006,4.9789,0
-0.0030518,0.010376,-0.005226,0.025024,2.5009,4.9789,-0.00030518
-0.015411,0.0074768,-0.0047509,0.025024,2.5018,4.9792,-0.00061035
-0.0076294,0.004425,-0.0042758,0.020752,2.5015,4.9786,0.00030518
-0.0028992,0,-0.0042758,0.015259,2.5003,4.9786,-0.00061035
0.0021362,-0.0022888,-0.0047509,0.0057983,2.5009,4.9792,0.00030518
0.007019,-0.0028992,-0.0047509,0.00061035,2.5009,4.9802,0.00030518
0.005188,-0.004425,-0.0047509,0.0061035,2.5021,4.9789,0.00030518
0.0038147,-0.0053406,-0.0042758,0.018768,2.5012,4.9786,-0.00030518
0,-0.0041199,-0.0038007,0.02655,2.5015,4.9792,-0.00030518
-0.0032043,-0.0018311,-0.005226,0.025635,2.5012,4.9796,0
-0.007782,-0.0059509,-0.0042758,0.024414,2.5021,4.9792,-0.00030518
-0.012207,-0.018158,-0.0047509,0.030365,2.5018,4.9783,0
-0.004425,-0.023193,-0.0047509,0.031891,2.5006,4.9777,-0.00030518
-0.0015259,-0.012054,-0.0047509,0.018158,2.5015,4.9783,0
-0.0022888,0.00015259,-0.0033257,0.0053406,2.5015,4.9789,0.00030518
-0.00015259,0.0054932,-0.0042758,0.0033569,2.5015,4.9786,-0.00030518
0.0045776,0.0065613,-0.0047509,0.010223,2.5009,4.9786,0
0.0045776,0.0053406,-0.0042758,0.014038,2.5012,4.9792,0
0.00030518,0.0019836,-0.005226,0.020905,2.5009,4.9792,0.00061035
-0.00045776,-0.0047302,-0.0038007,0.021667,2.5009,4.9783,0
-0.0039673,-0.0082397,-0.0042758,0.015259,2.5012,4.9789,-0.00030518
-0.012512,-0.0067139,-0.0047509,0.011749,2.5021,4.9786,0
-0.010529,-0.0062561,-0.005701,0.011902,2.5012,4.9792,0
-0.009613,-0.0056458,-0.0038007,0.0071716,2.5012,4.9789,0.00030518
-0.012665,-0.0054932,-0.0042758,0.0048828,2.5015,4.9792,0
-0.020599,0.00061035,-0.0042758,0.010834,2.5018,4.9792,0.00030518
-0.023804,0.0074768,-0.0042758,0.0045776,2.5015,4.9792,0.00061035
-0.014038,0.010834,-0.005701,-0.0088501,2.5018,4.9792,0.00030518
0.00076294,0.011749,-0.0042758,-0.010223,2.5003,4.9789,0
0.005188,0.010681,-0.0042758,-0.0042725,2.5018,4.978,0.00030518
-0.0028992,0.0080872,-0.005701,-0.0027466,2.5009,4.9792,0.00030518
-0.01236,0.0097656,-0.0047509,-0.00045776,2.5012,4.9774,0
-0.0016785,0.0099182,-0.0047509,0.0050354,2.5009,4.978,0.00030518
-0.0028992,0.0080872,-0.005226,0.010529,2.5021,4.9783,-0.00030518
-0.01236,0.0059509,-0.0047509,0.0086975,2.5015,4.9792,0.00061035
-0.009613,0.0032043,-0.0042758,-0.0021362,2.5018,4.9786,-0.00030518
0.0016785,0,-0.0042758,-0.016022,2.5006,4.9786,-0.00030518
0.0032043,0,-0.005701,-0.020447,2.5009,4.9792,0
0.0015259,0.0024414,-0.0047509,-0.017395,2.5018,4.9799,0.00061035
0.0021362,0.0013733,-0.0042758,-0.01358,2.5015,4.9789,0
0.0018311,0.00091553,-0.0047509,-0.010071,2.5,4.9796,0
0.0016785,0.00015259,-0.0047509,-0.010071,2.5018,4.9792,0
0.02243,-0.0016785,-0.0047509,-0.010376,2.5003,4.9792,0.00030518
0.035858,0.0032043,-0.0047509,-0.0083923,2.5027,4.9783,0
0.037842,0.011444,-0.0047509,-0.0065613,2.5009,4.9783,0.00030518
0.028839,0.014191,-0.0047509,-0.0047302,2.5021,4.9783,0.00030518
0.01297,0.013123,-0.005226,-0.0090027,2.5009,4.978,0
0.0083923,0.011902,-0.0047509,-0.014648,2.5003,4.9783,0.00061035
0.0019836,0.0091553,-0.0038007,-0.014191,2.5,4.978,0
0.0036621,0.0048828,-0.0038007,-0.0074768,2.5006,4.9771,0
0.0074768,0.0061035,-0.0047509,-0.0065613,2.5015,4.9786,0.00030518
0.015411,0.0099182,-0.0047509,-0.0091553,2.5015,4.9774,0
0.019836,0.0074768,-0.0047509,-0.0061035,2.5012,4.9771,0
0.0027466,0.0035095,-0.0047509,0.0021362,2.5012,4.9771,-0.00030518
-0.0041199,0.0036621,-0.0038007,0.0045776,2.5012,4.9777,0.00061035
-0.0030518,0.002594,-0.0042758,0.0093079,2.5015,4.978,0.00091553
-0.0076294,-0.00030518,-0.0047509,0.025177,2.5024,4.9786,0
-0.010986,-0.0036621,-0.0047509,0.032196,2.5003,4.9786,0.00061035
-0.011444,-0.0065613,-0.0042758,0.026703,2.5012,4.9789,-0.00030518
-0.010681,-0.0090027,-0.0042758,0.020905,2.5009,4.9792,0
-0.010529,-0.0053406,-0.0028506,0.023804,2.5009,4.9786,0
-0.013428,0.0041199,-0.0042758,0.024414,2.5009,4.9789,0.00030518
-0.0085449,0.0086975,-0.0047509,0.016632,2.5015,4.9786,0.00030518
-0.0076294,0.010223,-0.005226,0.015259,2.5006,4.9789,0
-0.0012207,0.0050354,-0.005226,0.016937,2.5021,4.9786,0
0.0048828,-0.0016785,-0.0047509,0.013428,2.5012,4.9792,0.00030518
0.005188,-0.0010681,-0.0047509,0.0027466,2.5006,4.9792,-0.00030518
-0.0068665,0.0019836,-0.0047509,0.00015259,2.5009,4.9786,0
-0.015259,0.005188,-0.0042758,0.0074768,2.5009,4.9789,0
-0.014038,0.0013733,-0.0047509,0.012207,2.5009,4.9786,0.00030518
-0.015717,-0.0032043,-0.0047509,0.011902,2.5027,4.9789,0
-0.019989,-0.0039673,-0.0047509,0.012207,2.5012,4.978,0.00030518
-0.010986,-0.0068665,-0.0047509,0.012207,2.5015,4.9783,0
-0.01709,-0.011902,-0.0038007,0.005188,2.5009,4.9783,-0.00091553
-0.027924,-0.015717,-0.005226,0.0015259,2.5003,4.9792,0.00030518
-0.028534,-0.014801,-0.0042758,0.0032043,2.5015,4.978,0
-0.028229,-0.0088501,-0.0042758,0.010071,2.5018,4.9783,0.00030518
-0.027466,-0.004425,-0.005226,0.01358,2.5018,4.9792,-0.00030518
-0.034027,-0.0093079,-0.0033257,0.015106,2.5006,4.9796,-0.00061035
-0.042267,-0.02121,-0.0047509,0.011292,2.5012,4.9786,-0.00030518
-0.041962,-0.027161,-0.0038007,0.0016785,2.5009,4.9789,0
-0.036163,-0.025482,-0.0047509,-0.0036621,2.5015,4.9783,0.00030518
-0.016022,-0.019684,-0.0047509,-0.0047302,2.5012,4.9789,0
-0.012665,-0.015259,-0.0047509,-0.011597,2.5012,4.9789,0
-0.014801,-0.009613,-0.0042758,-0.0065613,2.5018,4.9792,-0.00030518
0.0097656,-0.002594,-0.0042758,0.0039673,2.5009,4.9796,-0.00030518
0.013428,0.00015259,-0.005226,0.007782,2.5006,4.9796,0.00030518
-0.0016785,-0.0019836,-0.0038007,0.0053406,2.5012,4.9799,0.00030518
-0.0042725,-0.0016785,-0.0047509,0.0039673,2.5009,4.9792,0.00030518
0.0030518,0.0038147,-0.0042758,0.0062561,2.5021,4.9789,0.0012207
0.0097656,0.010376,-0.005226,0.0050354,2.5021,4.9799,0.00061035
0.0047302,0.013733,-0.0038007,0.0059509,2.5015,4.9777,0
0.0021362,0.010071,-0.005701,0.012512,2.5018,4.978,0
0.00061035,0.0064087,-0.005226,0.014496,2.5009,4.9789,0
0.007019,0.0056458,-0.0047509,0.0088501,2.5015,4.9789,-0.00030518
0.010986,0.002594,-0.0042758,0.0076294,2.5015,4.9789,0
0.013123,-0.0033569,-0.0047509,0.0079346,2.5015,4.978,-0.00091553
0.024567,-0.010834,-0.0038007,0.0090027,2.5015,4.9789,0
0.027924,-0.015869,-0.0042758,0.016479,2.5009,4.9789,0
0.01709,-0.014954,-0.0047509,0.02533,2.5012,4.978,-0.00030518
0.01236,-0.009613,-0.0047509,0.022888,2.5018,4.9796,0.00061035
0.0054932,-0.0013733,-0.005226,0.017395,2.5015,4.9792,0
0.015106,0.004425,-0.0047509,0.016785,2.5009,4.9789,0
0.025482,0.0086975,-0.0042758,0.018616,2.5021,4.9789,-0.00061035
0.025024,0.0085449,-0.0047509,0.020447,2.5,4.9786,-0.00030518
0.019379,0.007019,-0.005226,0.019379,2.5024,4.9789,0
0.024109,0.007782,-0.005226,0.017395,2.5015,4.9789,-0.00030518
0.035858,0.011139,-0.0047509,0.0177,2.5015,4.9789,0.00030518
0.036316,0.01236,-0.005226,0.021973,2.5012,4.9796,-0.00061035
0.03006,0.007782,-0.0047509,0.024872,2.5015,4.9792,0
0.023346,0.00015259,-0.0038007,0.023193,2.5006,4.9799,0.00030518
0.021057,-0.0054932,-0.0042758,0.024567,2.5012,4.9777,0.00030518
0.035095,0.00045776,-0.0047509,0.023346,2.5006,4.9792,-0.00030518
0.039063,0.013275,-0.0047509,0.01358,2.5021,4.9783,0.00030518
0.037842,0.01358,-0.0042758,-0.00061035,2.5009,4.9786,0
0.032959,0.0054932,-0.0042758,-0.002594,2.5024,4.9786,0.00030518
0.016479,0.0018311,-0.005226,0.0073242,2.5018,4.978,0.00030518
-0.0018311,0.0015259,-0.0047509,0.015564,2.5009,4.9783,0.00030518
0.002594,0.00045776,-0.0047509,0.011139,2.5006,4.9792,0.00030518
0.016479,-0.0028992,-0.0047509,0.012665,2.5009,4.9792,0.00061035
0.029144,-0.0053406,-0.005226,0.02182,2.5024,4.9796,-0.00030518
0.017395,-0.0015259,-0.0038007,0.025635,2.5015,4.9792,-0.00030518
0.015411,0.0016785,-0.0042758,0.019226,2.5024,4.9792,0
0.015106,0.0010681,-0.005226,0.012665,2.5006,4.9786,0.00030518
0.031281,0,-0.005226,0.0074768,2.5012,4.9777,0.00061035
0.039063,0.0016785,-0.0042758,0.00076294,2.5009,4.9777,0.00061035
0.028839,0.0061035,-0.0047509,-0.0094604,2.5015,4.9774,0.00030518
0.023804,0.0097656,-0.0042758,-0.018463,2.5018,4.978,-0.00030518
0.023193,0.015106,-0.005226,-0.018768,2.5018,4.9777,0.00030518
0.018921,0.01709,-0.0061761,-0.010681,2.5015,4.9783,0
0.011749,0.015564,-0.0038007,-0.00061035,2.5012,4.978,0.00030518
0.0093079,0.0079346,-0.0042758,0.0030518,2.5006,4.9759,-0.00030518
0.028229,-0.0076294,-0.0042758,0.0019836,2.5018,4.978,0.00030518
0.045166,-0.023956,-0.0042758,0.00015259,2.5012,4.9774,0.00030518
0.061493,-0.023651,-0.005226,0.0022888,2.5018,4.9774,-0.00030518
0.034485,-0.0094604,-0.005226,0.007019,2.5015,4.9783,0
-0.0047302,0.0038147,-0.0042758,0.0032043,2.5018,4.978,-0.00061035
-0.0012207,0.0064087,-0.0047509,-0.0041199,2.5,4.9789,0.00030518
0.015106,0.002594,-0.0047509,-0.0050354,2.5018,4.9796,-0.00030518
0.014191,0.0027466,-0.0042758,0.0050354,2.5012,4.9789,0.00030518
0.0068665,0.0035095,-0.0047509,0.0048828,2.5015,4.9796,-0.00030518
-0.00061035,0.0039673,-0.0042758,-0.0039673,2.5015,4.9789,-0.00061035
0.0053406,0.00045776,-0.005226,-0.004425,2.5,4.9786,-0.00061035
0.007019,-0.0033569,-0.005226,0.0012207,2.5009,4.9792,0.00030518
0.0036621,-0.00045776,-0.0042758,0.0061035,2.5015,4.9792,0
-0.0010681,0.0042725,-0.0038007,0.012207,2.5015,4.9792,0.00030518
-0.0076294,0.0038147,-0.005226,0.01709,2.5015,4.9783,0.00030518
-0.01358,0.002594,-0.005226,0.018005,2.5015,4.9786,0
-0.012207,0.0016785,-0.005226,0.015564,2.5015,4.9783,0.00061035
-0.015717,0.0018311,-0.005701,0.012207,2.5018,4.978,0.00030518
-0.011444,0.00030518,-0.0042758,0.0057983,2.5006,4.9799,0
0.029144,0.0021362,-0.0047509,-0.0010681,2.5021,4.9783,-0.00030518
0.033569,0.0074768,-0.005226,0.0015259,2.5021,4.9786,0.00030518
-0.016785,0.0067139,-0.0042758,0.015717,2.5009,4.9786,0.00030518
-0.051117,-0.0022888,-0.0047509,0.029297,2.5,4.9789,0.00030518
-0.047302,-0.012512,-0.0047509,0.031433,2.5012,4.9789,0.00030518
-0.039825,-0.0071716,-0.0042758,0.029602,2.5,4.9796,0
-0.037384,0.011902,-0.0047509,0.023651,2.5018,4.9792,0.00030518
-0.028534,0.028076,-0.0042758,0.0091553,2.5009,4.9799,0
-0.016632,0.032043,-0.0047509,-0.0067139,2.5024,4.9792,0.00030518
-0.019073,0.026855,-0.0047509,-0.015411,2.5003,4.9792,0.00091553
-0.018463,0.021362,-0.0038007,-0.020599,2.5012,4.9792,-0.00061035
0.00045776,0.014343,-0.0042758,-0.026703,2.5003,4.9789,-0.00030518
0.00076294,-0.00091553,-0.0038007,-0.030823,2.5018,4.9786,-0.00030518
-0.0080872,-0.017395,-0.0042758,-0.033569,2.5003,4.9792,0.00030518
-0.010986,-0.031891,-0.0042758,-0.033112,2.5021,4.9792,0
-0.0027466,-0.04303,-0.005226,-0.032959,2.5027,4.9792,0.00030518
0.0059509,-0.037231,-0.0028506,-0.033875,2.5067,4.9796,0.00030518
0.004425,-0.02121,-0.0042758,-0.033264,2.5012,4.9796,0.00030518
-0.0067139,-0.0090027,-0.005701,-0.033264,2.5018,4.9805,-0.00030518
-0.021973,-0.0053406,-0.0047509,-0.029755,2.5009,4.9783,0.00061035
-0.026398,-0.0027466,-0.005226,-0.029907,2.5018,4.978,-0.00030518
-0.0054932,0.0015259,-0.0047509,-0.038757,2.5012,4.9783,0
0.0086975,0.0062561,-0.005226,-0.04715,2.5009,4.9796,-0.00061035
0.005188,0.0076294,-0.0047509,-0.045624,2.5015,4.9789,-0.00030518
-0.0030518,0.0068665,-0.0042758,-0.031586,2.5006,4.9786,-0.00030518
-0.0056458,0.0042725,-0.0042758,-0.021667,2.5015,4.9792,0
-0.011597,0.0010681,-0.0047509,-0.019531,2.5021,4.9783,-0.00030518
-0.022888,-0.0027466,-0.0047509,-0.025177,2.5021,4.9783,-0.00030518
-0.028839,-0.0088501,-0.0042758,-0.031891,2.5012,4.9789,0.00030518
-0.028839,-0.0071716,-0.0047509,-0.035553,2.5012,4.9783,-0.00030518
-0.028381,0.0019836,-0.0042758,-0.042725,2.5006,4.9786,-0.00091553
-0.018768,0.0099182,-0.005701,-0.050964,2.5021,4.9783,0
-0.019684,0.011749,-0.0047509,-0.046234,2.5015,4.9789,0.00030518
-0.019073,0.0091553,-0.0047509,-0.029755,2.5006,4.9786,0
-0.014648,0.0074768,-0.005226,-0.023804,2.5024,4.9789,-0.00030518
-0.0028992,0.0038147,-0.0047509,-0.026855,2.5009,4.9783,0.00061035
0.019073,-0.0036621,-0.005701,-0.018616,2.5015,4.9783,0.00061035
0.0030518,-0.0090027,-0.0038007,0.00030518,2.5009,4.9789,-0.00030518
-0.019073,-0.014191,-0.0047509,0.010376,2.5012,4.9789,-0.00061035
-0.02533,-0.019684,-0.0042758,0.0068665,2.5009,4.9792,-0.00030518
-0.027008,-0.021973,-0.0042758,0.0018311,2.5009,4.9774,0.00030518
-0.010681,-0.025177,-0.0042758,-0.0027466,2.5015,4.9783,0.00030518
0.020294,-0.025787,-0.0042758,-0.007782,2.5012,4.9796,0.00030518
0.050201,-0.017853,-0.0047509,-0.010376,2.5006,4.9792,-0.00030518
0.016632,-0.0050354,-0.0038007,-0.011749,2.5006,4.9786,0.00030518
-0.017853,0.0059509,-0.0042758,-0.011749,2.5021,4.9792,0
-0.011292,0.01297,-0.005226,-0.015106,2.5012,4.9796,0.00030518
-0.0032043,0.018311,-0.0047509,-0.022278,2.5015,4.9786,0.00061035
-0.0082397,0.024567,-0.005226,-0.018463,2.5015,4.9799,0
-0.013885,0.02655,-0.0047509,-0.010986,2.5015,4.9789,0
-0.010986,0.024261,-0.0042758,-0.012817,2.5012,4.9786,0
-0.00045776,0.014496,-0.0047509,-0.021057,2.5003,4.9796,-0.00030518
-0.0041199,0.0057983,-0.0047509,-0.025177,2.5015,4.9792,-0.00030518
-0.0093079,0.00015259,-0.0042758,-0.023651,2.5015,4.9786,0.00030518
-0.0093079,-0.0050354,-0.0047509,-0.021973,2.5015,4.978,0.00030518
-0.0074768,-0.0047302,-0.005226,-0.022583,2.5012,4.9777,-0.00061035
-0.011292,-0.0073242,-0.0047509,-0.017395,2.5009,4.9777,0
-0.012054,-0.013275,-0.0047509,-0.0056458,2.5009,4.9777,0.00061035
-0.0076294,-0.011902,-0.0042758,-0.0057983,2.5018,4.9789,0.00030518
0.0042725,-0.0054932,-0.0047509,-0.011749,2.5012,4.9792,0
-0.0045776,-0.00045776,-0.0047509,-0.012512,2.5018,4.9774,0.00030518
-0.010376,0.002594,-0.0047509,-0.010071,2.5009,4.9768,0
-0.016632,0.0062561,-0.0047509,-0.0038147,2.5006,4.9774,-0.00030518
-0.019684,0.013733,-0.005226,-0.0018311,2.5012,4.9774,0
-0.023193,0.020447,-0.0038007,-0.009613,2.5024,4.9777,0.00030518
-0.027618,0.023193,-0.0047509,-0.012817,2.5009,4.9774,0.00030518
-0.028229,0.019989,-0.0042758,-0.0061035,2.5003,4.9783,0.00030518
-0.024719,0.015259,-0.0038007,0.0083923,2.5012,4.9783,-0.00030518
-0.010529,0.01236,-0.005701,0.021057,2.5015,4.9786,-0.00030518
0.018768,0.010681,-0.0047509,0.023651,2.5015,4.9786,-0.00030518
-0.0038147,0.0079346,-0.0047509,0.015106,2.5012,4.9789,0.00030518
-0.014343,0.0030518,-0.005226,0.0064087,2.5009,4.9792,0
-0.0059509,-0.0061035,-0.005226,0.0041199,2.5021,4.978,0.00030518
-0.0057983,-0.016174,-0.0047509,0.010529,2.5009,4.9786,0
-0.013123,-0.020447,-0.0042758,0.013885,2.5012,4.9789,0.00030518
-0.015869,-0.018005,-0.0038007,0.0083923,2.5009,4.9789,0
-0.013123,-0.012512,-0.0042758,0.002594,2.5009,4.9786,0.00030518
-0.007782,-0.011597,-0.005226,0.0030518,2.5018,4.9792,0.00030518
-0.0010681,-0.01236,-0.005226,0.010681,2.5015,4.9786,0.00030518
-0.0028992,-0.011597,-0.0047509,0.025024,2.5012,4.9786,-0.00061035
-0.010834,-0.014343,-0.005226,0.032349,2.5015,4.9771,-0.00091553
-0.00061035,-0.019226,-0.0047509,0.032501,2.5006,4.9777,0
0.00076294,-0.019684,-0.005226,0.033722,2.5006,4.9792,-0.00030518
-0.0036621,-0.015106,-0.0047509,0.033569,2.5012,4.9789,-0.00030518
-0.0088501,-0.011292,-0.005226,0.031891,2.5012,4.9792,0.00030518
-0.015411,-0.0068665,-0.0047509,0.031128,2.5015,4.9792,0
-0.020752,-0.0042725,-0.005226,0.025177,2.5015,4.9792,-0.00030518
-0.017242,-0.0028992,-0.005226,0.015564,2.5003,4.9786,0.00030518
-0.016174,-0.0016785,-0.0042758,0.012054,2.5015,4.9789,-0.00030518
-0.024261,0.0012207,-0.0038007,0.025787,2.5012,4.9789,0.00030518
-0.031128,0.002594,-0.005226,0.03952,2.5012,4.9786,-0.00091553
-0.017548,-0.00045776,-0.005226,0.036774,2.5012,4.9796,0.00030518
-0.0079346,-0.0047302,-0.0042758,0.030212,2.5024,4.9789,0
-0.0076294,-0.0035095,-0.005226,0.022278,2.5021,4.9789,0
-0.013428,0.0021362,-0.0042758,0.017242,2.5012,4.9799,0
-0.0065613,0.0068665,-0.0047509,0.018158,2.5018,4.9796,0.00061035
0.026398,0.009613,-0.0047509,0.019836,2.5009,4.9792,-0.00030518
0.0062561,0.0099182,-0.005226,0.019379,2.5018,4.9789,0.00030518
-0.019226,0.007019,-0.0042758,0.023804,2.5006,4.9783,0.00061035
-0.014954,0.0022888,-0.0042758,0.025787,2.5018,4.9789,0
-0.014038,-0.00076294,-0.0038007,0.027313,2.5003,4.9786,-0.00030518
-0.0086975,-0.0015259,-0.005226,0.030975,2.5015,4.9783,-0.00030518
-0.0091553,0.00061035,-0.005226,0.037994,2.5015,4.9786,0
-0.014343,0.0010681,-0.0038007,0.040436,2.5018,4.9796,0.00030518
-0.016174,0.004425,-0.0042758,0.032806,2.5012,4.9783,-0.00061035
-0.015259,0.0048828,-0.005701,0.028534,2.5012,4.9792,0.00030518
-0.012207,0.0033569,-0.005226,0.029907,2.5003,4.9783,0.00030518
0.0013733,0.007019,-0.0042758,0.030975,2.5018,4.9789,0
0.014343,0.015106,-0.0047509,0.029602,2.5012,4.9786,0.00061035
-0.00091553,0.017548,-0.005226,0.027771,2.5009,4.9792,0.00030518
-0.024567,0.018158,-0.0042758,0.02655,2.5012,4.9796,-0.00061035
-0.012512,0.021057,-0.005701,0.024567,2.5003,4.9786,0.00030518
0.00030518,0.024719,-0.0042758,0.022278,2.5015,4.9799,-0.00030518
0.0015259,0.024414,-0.005226,0.020142,2.5015,4.9783,0
0.012817,0.022888,-0.0042758,0.019073,2.5009,4.9796,0
0.0062561,0.022888,-0.0042758,0.014648,2.5012,4.9792,-0.00061035
-0.0019836,0.027313,-0.005226,0.0068665,2.5009,4.9789,0
-0.0012207,0.036469,-0.0047509,0.0010681,2.5012,4.9786,0
-0.00076294,0.042877,-0.0047509,0.004425,2.5009,4.9789,0
-0.0047302,0.044403,-0.0042758,0.0054932,2.5006,4.9783,-0.00061035
-0.0097656,0.032654,-0.005226,0.0030518,2.5012,4.978,-0.00030518
0.0022888,0.011749,-0.0042758,0.0010681,2.5015,4.9783,0.00030518
0.0048828,-0.0074768,-0.005226,0.0033569,2.5012,4.9786,-0.00061035
0.0027466,-0.02121,-0.0047509,0.004425,2.5006,4.9792,-0.00061035
0.0045776,-0.021515,-0.0047509,0.00015259,2.5015,4.9792,0.00061035
0.0076294,-0.012817,-0.0042758,-0.0015259,2.5012,4.9786,0.00030518
0.0041199,-0.015869,-0.0047509,0.00015259,2.5012,4.9792,-0.00030518
-0.00015259,-0.029449,-0.0047509,0.0021362,2.5021,4.9786,0.00030518
0.00076294,-0.032349,-0.005226,0.0059509,2.5012,4.9792,-0.00030518
0.0036621,-0.034943,-0.0047509,0.011292,2.5009,4.9786,0.00061035
0.0018311,-0.037842,-0.005226,0.013428,2.5009,4.9789,0
0.014496,-0.028229,-0.005226,0.014801,2.5006,4.9789,-0.00061035
0.012512,-0.011749,-0.005701,0.015106,2.5015,4.9789,0.00030518
0.013123,-0.0015259,-0.0047509,0.013885,2.5012,4.9783,-0.00061035
0.012207,0,-0.005701,0.016937,2.5015,4.9783,0
0.009613,-0.0015259,-0.0047509,0.02243,2.5006,4.9783,0.00030518
0.0090027,-0.0022888,-0.0038007,0.023499,2.5009,4.9777,-0.00030518
0.0097656,0.0016785,-0.0038007,0.020905,2.5009,4.9783,0.00030518
0.011139,0.010376,-0.0042758,0.018311,2.5009,4.9789,0
0.023804,0.018005,-0.005226,0.011139,2.5021,4.978,-0.00030518
0.02243,0.013275,-0.0047509,0.0039673,2.5027,4.9771,0
0.01358,0.0035095,-0.0042758,0.0068665,2.5018,4.9774,-0.00030518
0.014038,-0.0053406,-0.005701,0.016632,2.5018,4.978,0
0.017395,-0.0035095,-0.0042758,0.021057,2.5006,4.9777,-0.00061035
0.014648,0.010071,-0.0047509,0.018463,2.5006,4.978,-0.00030518
0.005188,0.017548,-0.0033257,0.014648,2.5021,4.978,-0.00061035
0.002594,0.010071,-0.0047509,0.012512,2.5006,4.9783,0.00030518
0.0013733,-0.009613,-0.0047509,0.019379,2.5009,4.9789,0.00061035
-0.0036621,-0.029297,-0.0047509,0.027313,2.5015,4.9789,-0.00061035
-0.0036621,-0.030365,-0.0042758,0.019989,2.5006,4.9796,-0.00061035
-0.0038147,-0.016022,-0.0042758,0.0047302,2.5003,4.9792,0.00061035
0.0038147,0.0038147,-0.0038007,0.0048828,2.5015,4.9789,0
0,0.017548,-0.0047509,0.013123,2.5009,4.9789,0.00061035
-0.005188,0.020294,-0.0047509,0.01358,2.5018,4.9786,-0.00061035
-0.007782,0.019836,-0.0047509,0.015869,2.5018,4.9792,0.00030518
-0.0028992,0.019226,-0.0047509,0.016327,2.5003,4.9792,0.00030518
0.0086975,0.011597,-0.0047509,0.010529,2.5009,4.9783,0
0.018616,0.0035095,-0.0028506,0.0076294,2.5021,4.9796,0.00030518
0.020599,0.0048828,-0.005226,0.0091553,2.5009,4.9789,0.00030518
0.013428,0.011749,-0.005226,0.013885,2.5021,4.9789,0.00030518
0.0041199,0.010681,-0.0047509,0.015869,2.5012,4.9771,-0.00061035
0.01297,0.0076294,-0.0042758,0.015411,2.5012,4.9774,0.00030518
0.0076294,0.013885,-0.0042758,0.017853,2.5006,4.9796,-0.00030518
0.00015259,0.023499,-0.0047509,0.021667,2.5003,4.9786,0
0.0030518,0.019226,-0.0042758,0.019989,2.5009,4.9789,0.00030518
0.0064087,0.0048828,-0.0033257,0.018005,2.5012,4.9786,-0.00030518
0.010529,-0.0068665,-0.0038007,0.016632,2.5018,4.9789,0
0.016174,-0.016785,-0.0047509,0.014954,2.5009,4.9783,0.00030518
0.014191,-0.02655,-0.0047509,0.013885,2.5006,4.9802,0
0.00076294,-0.032349,-0.0042758,0.01358,2.5006,4.9799,0
-0.015259,-0.034637,-0.0042758,0.017853,2.5012,4.9792,0.00030518
-0.0042725,-0.029907,-0.0042758,0.023804,2.5018,4.9789,0.00030518
0.0054932,-0.020294,-0.0038007,0.028381,2.5009,4.9789,-0.00091553
0.0053406,-0.007019,-0.0047509,0.024414,2.5021,4.9789,0
0.0068665,0.005188,-0.0038007,0.015717,2.5006,4.9799,0
0.010071,0.015564,-0.005226,0.0094604,2.5015,4.9789,0.00030518
0.016785,0.020294,-0.0042758,0.0088501,2.5009,4.9789,0.00030518
0.025787,0.0041199,-0.005226,0.0073242,2.5018,4.9796,0
0.021667,-0.03006,-0.005226,0.0053406,2.5021,4.9789,0.00030518
0.0042725,-0.052795,-0.0033257,0.004425,2.5027,4.9783,0
-0.007782,-0.050659,-0.0042758,0.0057983,2.5009,4.9774,-0.00030518
-0.005188,-0.038452,-0.0042758,0.010376,2.5015,4.978,0.00061035
-0.0032043,-0.020752,-0.0042758,0.0088501,2.5012,4.9796,0.00061035
-0.0056458,0.00045776,-0.0047509,0.0036621,2.5012,4.9792,0
-0.014648,0.016479,-0.0047509,0.0068665,2.5024,4.9783,0.00030518
-0.01709,0.02121,-0.0047509,0.018311,2.5018,4.9789,0.00061035
-0.011292,0.014191,-0.0038007,0.024872,2.5009,4.9783,0.00030518
-0.0094604,0.0071716,-0.0042758,0.019226,2.5,4.9796,-0.00030518
-0.011444,0.0057983,-0.0042758,0.014496,2.5009,4.9792,-0.00030518
-0.016022,0.0076294,-0.0038007,0.012817,2.5027,4.9783,0.00061035
-0.016479,0.0050354,-0.0047509,0.0088501,2.5012,4.9792,0
-0.00076294,0.00030518,-0.0042758,0.0083923,2.5009,4.9799,0.00030518
-0.0030518,-0.0048828,-0.0047509,0.013123,2.5021,4.9783,0.00030518
-0.020447,-0.0086975,-0.005226,0.013275,2.5012,4.978,0.00030518
-0.027924,-0.007782,-0.0047509,0.0099182,2.5012,4.9783,0
-0.019379,-0.0047302,-0.0042758,0.0177,2.5009,4.9783,0
-0.0083923,-0.0048828,-0.0042758,0.022278,2.5009,4.9792,0.00030518
-0.015564,-0.0042725,-0.0047509,0.0094604,2.5003,4.9786,0.0012207
-0.018311,-0.0042725,-0.0042758,-0.0048828,2.5021,4.9783,0
-0.0086975,-0.014038,-0.0047509,-0.0059509,2.5012,4.9796,-0.00030518
-0.0050354,-0.026093,-0.0047509,-0.0032043,2.5012,4.978,0
0.0010681,-0.028992,-0.0042758,-0.0062561,2.5006,4.9786,0.00030518
0.0010681,-0.024109,-0.0042758,-0.007782,2.5021,4.9796,0.00091553
-0.0018311,-0.018768,-0.0042758,-0.0018311,2.5012,4.9796,0
-0.0056458,-0.014496,-0.0033257,0.00061035,2.5018,4.9789,-0.00061035
-0.007019,-0.010986,-0.0047509,0.00030518,2.5009,4.9799,-0.00061035
0.005188,-0.0050354,-0.0042758,0.0030518,2.5021,4.9786,-0.00091553
0.041656,0.00091553,-0.0038007,0.011597,2.5009,4.9796,0.00030518
0.023651,0.0048828,-0.0038007,0.013275,2.5009,4.9789,0
-0.0086975,0.0053406,-0.005226,0.0016785,2.5015,4.9796,0.00030518
-0.014496,0.0041199,-0.0038007,-0.0094604,2.5009,4.9796,0.00061035
-0.0030518,0.0093079,-0.0047509,-0.010834,2.5018,4.9792,0.00030518
-0.00030518,0.015717,-0.005226,-0.011139,2.5018,4.9786,0
0.0036621,0.018005,-0.0038007,-0.01297,2.5012,4.978,0
0.007019,0.018921,-0.0047509,-0.0054932,2.5009,4.9783,-0.00030518
0.0041199,0.019073,-0.0038007,0.0074768,2.5003,4.9786,0.00030518
-0.0010681,0.0088501,-0.005226,0.011902,2.5015,4.978,0.00030518
-0.0054932,-0.0059509,-0.0047509,0.0093079,2.5024,4.9783,0.00030518
-0.007019,-0.012054,-0.005226,0.011444,2.5015,4.978,0.00030518
-0.0091553,-0.010681,-0.005701,0.022278,2.5021,4.9789,-0.00061035
-0.015717,-0.0047302,-0.0042758,0.025635,2.5009,4.9762,0
-0.0016785,-0.00015259,-0.0047509,0.019989,2.5012,4.9768,0
0.0074768,0.0012207,-0.0047509,0.015259,2.5012,4.9783,0.00061035
0.00015259,0.0039673,-0.0038007,0.0082397,2.5018,4.9771,0.00091553
-0.0088501,0.0086975,-0.0047509,0.00091553,2.5003,4.9777,0.00030518
0.0036621,0.015717,-0.0047509,0.00015259,2.5024,4.9777,-0.00030518
0.020447,0.024109,-0.005226,0.0027466,2.5012,4.9786,-0.00030518
0.016785,0.031281,-0.0038007,-0.0030518,2.5018,4.9786,-0.00030518
-0.0013733,0.030518,-0.0042758,-0.011749,2.5015,4.9792,-0.00061035
-0.011749,0.023346,-0.0042758,-0.016174,2.5018,4.9789,0
-0.013428,0.021362,-0.0047509,-0.0177,2.5015,4.9792,0.00030518
-0.00076294,0.017548,-0.0047509,-0.016785,2.5024,4.9783,0.00030518
0.004425,0.014496,-0.0042758,-0.013428,2.5006,4.9786,-0.00061035
-0.0082397,0.020294,-0.0047509,-0.015717,2.5015,4.9792,0
-0.015564,0.020905,-0.0042758,-0.025024,2.5012,4.9786,-0.00091553
-0.0024414,0.023651,-0.005226,-0.0354,2.5012,4.9786,-0.00061035
0.014038,0.037842,-0.005226,-0.032806,2.5021,4.9789,0
0.010834,0.046844,-0.0038007,-0.023041,2.5009,4.9792,-0.00061035
-0.0019836,0.032501,-0.0038007,-0.011139,2.5006,4.9792,0.00061035
-0.0035095,0.016937,-0.0042758,-0.0048828,2.5012,4.9792,0.00061035
-0.0032043,0.011749,-0.0033257,-0.0033569,2.5015,4.9777,0.00030518
0.0019836,0.0038147,-0.0038007,-0.0010681,2.5018,4.9786,-0.00030518
0.004425,-0.016174,-0.0038007,-0.00091553,2.5012,4.9783,0
0.010223,-0.027618,-0.0042758,-0.0022888,2.5012,4.9786,0
0.013885,-0.014038,-0.005226,-0.0027466,2.5015,4.9789,-0.00091553
0.002594,0.010529,-0.0047509,-0.0015259,2.5012,4.9786,0.00030518
-0.014496,0.030212,-0.0047509,0.0062561,2.5024,4.9796,0.00030518
-0.027008,0.036926,-0.0047509,0.01358,2.5012,4.9805,0.00030518
-0.020599,0.032043,-0.0047509,0.009613,2.5021,4.9786,-0.00030518
-0.0053406,0.014191,-0.0047509,0.0036621,2.5012,4.9789,0.00030518
-0.007782,-0.017395,-0.0047509,0.0065613,2.5006,4.9799,-0.00061035
-0.0056458,-0.042419,-0.0047509,0.0083923,2.5015,4.9786,-0.0012207
-0.0091553,-0.055847,-0.0047509,0.011444,2.5024,4.9792,0
-0.019531,-0.059509,-0.0047509,0.014801,2.5009,4.9789,0.00030518
-0.031433,-0.05249,-0.0047509,0.018311,2.5012,4.9792,0
-0.026703,-0.035553,-0.0042758,0.022888,2.5012,4.9786,0.00030518
-0.019226,-0.015717,-0.0047509,0.028839,2.5018,4.9783,0.00030518
-0.023651,-0.00061035,-0.0042758,0.031281,2.5015,4.9789,0.00030518
-0.03418,0.011597,-0.005701,0.028229,2.5006,4.9789,0.00030518
-0.037842,0.023804,-0.005226,0.033875,2.5018,4.9796,0.00061035
-0.02655,0.028381,-0.0038007,0.055695,2.5024,4.978,0.00030518
0.0035095,0.020294,-0.0047509,0.06546,2.5009,4.9789,-0.00061035
-0.029755,0.0073242,-0.0042758,0.061951,2.5012,4.9789,-0.00030518
-0.07309,0.00091553,-0.0042758,0.062103,2.5012,4.9799,-0.00030518
-0.090332,-0.00076294,-0.005701,0.067596,2.5009,4.9786,-0.00061035
-0.093842,-0.00061035,-0.0038007,0.070038,2.5009,4.9786,0.00061035
-0.08606,0.0042725,-0.005226,0.066681,2.5018,4.9799,0.00030518
-0.074615,0.014191,-0.005226,0.066986,2.5009,4.9789,-0.00030518
-0.059204,0.020905,-0.0042758,0.061798,2.5009,4.9796,-0.00030518
-0.049591,0.024719,-0.0042758,0.062256,2.5003,4.9783,0.00030518
-0.054321,0.029755,-0.0033257,0.079193,2.5006,4.9792,-0.00030518
-0.047913,0.028839,-0.0042758,0.099182,2.5003,4.9792,-0.00030518
-0.04425,0.015869,-0.005226,0.11261,2.5009,4.9789,-0.00061035
-0.041351,-0.0054932,-0.0042758,0.12512,2.5009,4.9789,0.00030518
-0.049744,-0.024719,-0.0047509,0.13779,2.5015,4.9802,0
-0.077362,-0.035553,-0.0038007,0.15076,2.5009,4.9783,0.00030518
-0.090942,-0.041351,-0.0047509,0.16647,2.5018,4.9789,0.00030518
-0.09903,-0.03891,-0.0042758,0.18219,2.5018,4.9792,-0.00061035
-0.11154,-0.031586,-0.005226,0.19104,2.5018,4.9789,0
-0.11734,-0.021667,-0.005226,0.19623,2.5012,4.9792,0.00061035
-0.12054,-0.012817,-0.0047509,0.1976,2.5012,4.9777,0.00061035
-0.12192,-0.007782,-0.005226,0.2005,2.5009,4.978,-0.00061035
-0.13809,-0.0083923,-0.0047509,0.20828,2.5006,4.9792,0.00030518
-0.14877,-0.017242,-0.0047509,0.21744,2.5009,4.9789,0
-0.13657,-0.025635,-0.0047509,0.22858,2.5009,4.9799,0.00030518
-0.12802,-0.019073,-0.005226,0.24582,2.5018,4.9799,0.00030518
-0.16327,0.0045776,-0.0047509,0.26276,2.5006,4.9789,0
-0.17746,0.031891,-0.0047509,0.27283,2.5015,4.9786,-0.00030518
-0.1741,0.046082,-0.0042758,0.27771,2.5009,4.9799,-0.00061035
-0.17044,0.045166,-0.0047509,0.28793,2.5012,4.9792,0
-0.16632,0.034943,-0.005226,0.30136,2.5015,4.9789,-0.00061035
-0.15549,0.015564,-0.0042758,0.31326,2.5015,4.9789,0.00061035
-0.15732,-0.0048828,-0.0047509,0.33005,2.5021,4.978,-0.00030518
-0.15427,-0.021667,-0.0038007,0.34714,2.5018,4.978,-0.00030518
-0.13718,-0.028229,-0.005226,0.35904,2.5009,4.9777,0.00061035
-0.11871,-0.034943,-0.005226,0.3627,2.5012,4.978,0.00091553
-0.10666,-0.04715,-0.0038007,0.36652,2.5009,4.9774,0.00030518
-0.10483,-0.058136,-0.0042758,0.37155,2.5015,4.9771,-0.00030518
-0.10208,-0.055847,-0.005226,0.37292,2.5021,4.978,-0.00030518
-0.085297,-0.044098,-0.005701,0.3743,2.5006,4.9771,-0.00030518
-0.062866,-0.032959,-0.0061761,0.36789,2.5009,4.9768,0.00030518
-0.036316,-0.028992,-0.0047509,0.35629,2.5006,4.978,-0.00030518
-0.022736,-0.025177,-0.005701,0.34286,2.5006,4.9777,0
-0.0086975,-0.023193,-0.005701,0.32516,2.5015,4.9777,-0.00030518
0.012054,-0.020294,-0.0038007,0.30487,2.5024,4.9777,0.00030518
0.033417,-0.01236,-0.0047509,0.28412,2.5009,4.9777,-0.00030518
0.050049,-0.00091553,-0.0047509,0.2507,2.5015,4.9786,-0.00030518
0.065613,0.005188,-0.0047509,0.20172,2.5,4.9786,0
0.092468,0.0018311,-0.0042758,0.15656,2.5015,4.9799,0.00030518
0.12222,-0.0032043,-0.0042758,0.12878,2.5015,4.9789,-0.00061035
0.1355,-0.0039673,-0.005226,0.10284,2.5012,4.9789,0.00030518
0.15717,-0.0019836,-0.0038007,0.069885,2.5012,4.9796,0
0.17975,0.00030518,-0.0047509,0.023651,2.5027,4.9789,-0.00030518
0.2037,0.00045776,-0.005226,-0.027466,2.5009,4.9786,0.00030518
0.22324,0.00061035,-0.0047509,-0.061951,2.5012,4.9789,0.00030518
0.24475,0.0015259,-0.0047509,-0.073547,2.5009,4.9786,-0.00061035
0.26505,-0.00045776,-0.0042758,-0.084686,2.5012,4.9789,0.00030518
0.28412,-0.0024414,-0.0042758,-0.11826,2.5015,4.978,0.00030518
0.30594,-0.0042725,-0.0047509,-0.16266,2.5012,4.9789,0.00030518
0.33356,-0.0041199,-0.0047509,-0.20966,2.5003,4.9789,0.00030518
0.35217,0.00030518,-0.0042758,-0.24826,2.5015,4.9774,-0.00061035
0.37521,0.0042725,-0.0042758,-0.27481,2.5009,4.9783,0.00030518
0.39337,0.0062561,-0.0038007,-0.29678,2.5015,4.9783,0
0.4155,0.0079346,-0.0042758,-0.32532,2.5018,4.9786,-0.00061035
0.42374,0.0088501,-0.0042758,-0.35446,2.5015,4.9792,-0.00061035
0.41824,0.014191,-0.0042758,-0.38162,2.5009,4.9789,-0.00030518
0.41916,0.021515,-0.005226,-0.41183,2.5015,4.9789,0.00030518
0.43396,0.027924,-0.0047509,-0.44113,2.5003,4.9792,0.00030518
0.45517,0.028229,-0.005226,-0.46265,2.5012,4.9783,0
0.45517,0.025635,-0.0042758,-0.47699,2.5009,4.9789,0.00061035
0.44052,0.020905,-0.0047509,-0.4895,2.5021,4.9789,0
0.44632,0.011139,-0.0042758,-0.50629,2.5012,4.9796,0.00030518
0.45212,0.0056458,-0.005226,-0.53299,2.5009,4.9786,0.00030518
0.44479,0.010376,-0.0042758,-0.55664,2.5009,4.9792,0.00030518
0.43655,0.017395,-0.0033257,-0.5722,2.5021,4.9786,0
0.42892,0.020905,-0.0038007,-0.58273,2.5021,4.9786,0
0.41336,0.024872,-0.0038007,-0.5954,2.5018,4.9792,0.00030518
0.39444,0.029144,-0.0038007,-0.60883,2.5015,4.9805,0
0.3772,0.029602,-0.0047509,-0.61874,2.5009,4.9786,0
0.35965,0.026855,-0.0038007,-0.62622,2.5018,4.9796,-0.00030518
0.32623,0.025635,-0.0042758,-0.63385,2.5015,4.9789,-0.00061035
0.29861,0.024872,-0.005226,-0.63873,2.5018,4.9783,0.00030518
0.26978,0.021667,-0.0033257,-0.64072,2.5015,4.9792,0
0.24841,0.018311,-0.005226,-0.64163,2.5012,4.9789,0
0.20996,0.019379,-0.0047509,-0.64209,2.5012,4.9786,-0.00030518
0.16495,0.022278,-0.005226,-0.63339,2.5018,4.978,0
0.13794,0.02243,-0.005226,-0.61905,2.5009,4.9789,0
0.12619,0.024109,-0.0047509,-0.60928,2.5015,4.9792,-0.00061035
0.11093,0.019379,-0.0042758,-0.60822,2.5015,4.9783,0.00030518
0.089569,0.0082397,-0.0042758,-0.60562,2.5018,4.9789,0.00030518
0.064392,0.013428,-0.0038007,-0.58823,2.5015,4.9786,0.00030518
0.053101,0.056458,-0.0042758,-0.56244,2.5009,4.9792,0
0.040741,0.10559,-0.005226,-0.54245,2.5006,4.9789,0
0.034637,0.12375,-0.0047509,-0.52948,2.5015,4.9792,-0.00030518
0.010834,0.10635,-0.0042758,-0.51468,2.5021,4.9792,0
-0.012054,0.054932,-0.0047509,-0.49683,2.5024,4.9789,-0.00030518
-0.02594,-0.021515,-0.0047509,-0.4715,2.5018,4.9789,0
-0.036621,-0.093842,-0.0047509,-0.44342,2.5009,4.9786,-0.00030518
-0.053711,-0.121,-0.0042758,-0.41458,2.5003,4.9786,0.00030518
-0.079956,-0.098419,-0.0047509,-0.38086,2.5009,4.9786,-0.00030518
-0.1001,-0.053101,-0.0047509,-0.34821,2.5018,4.9777,0
-0.10803,-0.015564,-0.005226,-0.32104,2.5015,4.978,-0.00061035
-0.12512,0.0094604,-0.005226,-0.29449,2.5018,4.9789,0.00061035
-0.14084,0.020905,-0.0047509,-0.26352,2.5018,4.9783,-0.00030518
-0.13992,0.014954,-0.0038007,-0.22583,2.5015,4.9792,0.00030518
-0.14435,0.0038147,-0.0042758,-0.1915,2.5009,4.9789,-0.00061035
-0.15717,-0.00045776,-0.0038007,-0.16602,2.5018,4.9789,-0.00030518
-0.16769,-0.0082397,-0.0047509,-0.14023,2.5015,4.9796,-0.00030518
-0.17105,-0.021362,-0.0047509,-0.11429,2.5018,4.9789,0
-0.17258,-0.026855,-0.0042758,-0.088959,2.5021,4.9789,0
-0.17349,-0.020447,-0.005226,-0.066223,2.5021,4.9789,0
-0.15747,-0.012054,-0.0047509,-0.046082,2.5009,4.9789,0
-0.15121,-0.0073242,-0.005226,-0.028229,2.5021,4.9777,-0.00030518
-0.15945,-0.0059509,-0.0047509,-0.011749,2.5006,4.9771,0
-0.16556,-0.0064087,-0.0038007,0.0050354,2.5006,4.9783,-0.00030518
-0.16479,-0.0090027,-0.0047509,0.027161,2.5021,4.9774,-0.00030518
-0.15762,-0.011139,-0.005226,0.04837,2.5006,4.9783,-0.00030518
-0.13779,-0.010376,-0.0047509,0.062866,2.5018,4.9792,0.00061035
-0.13596,-0.0024414,-0.0042758,0.073395,2.5018,4.9774,0.00030518
-0.17899,0.0074768,-0.0047509,0.085144,2.5015,4.9786,0.00030518
-0.20615,0.010071,-0.0042758,0.10193,2.5015,4.9768,0.00030518
-0.19714,0.007782,-0.0047509,0.11917,2.5015,4.9771,0.00061035
-0.19653,0.0021362,-0.0047509,0.13443,2.5012,4.9777,0.00030518
-0.19485,-0.0022888,-0.0042758,0.14999,2.5015,4.9774,-0.00061035
-0.18753,-0.0048828,-0.0042758,0.16724,2.5009,4.9777,0
-0.18448,-0.00061035,-0.0042758,0.17853,2.5012,4.978,0.00030518
-0.18036,0.0032043,-0.0042758,0.18204,2.5018,4.9786,0
-0.16632,0.0027466,-0.0038007,0.1828,2.5003,4.9799,-0.00061035
-0.14618,0.004425,-0.0042758,0.19577,2.5024,4.9783,0.00061035
-0.17242,0.0086975,-0.0042758,0.21088,2.5012,4.978,0
-0.19409,0.0088501,-0.0042758,0.21317,2.5012,4.9789,0.00030518
-0.18097,0.0048828,-0.0042758,0.22125,2.5015,4.9789,-0.00091553
-0.16983,0.0038147,-0.0033257,0.2417,2.5009,4.9799,0.00030518
-0.16479,0.00061035,-0.0042758,0.24963,2.5009,4.9792,-0.00030518
-0.16068,-0.00091553,-0.0047509,0.24506,2.5012,4.9796,-0.00030518
-0.16312,0.00061035,-0.0038007,0.24155,2.5006,4.9783,-0.00030518
-0.17487,0.005188,-0.0042758,0.2478,2.5012,4.9789,-0.00061035
-0.18616,0.0086975,-0.0042758,0.25894,2.5009,4.9783,0.00030518
-0.18616,0.007782,-0.0042758,0.2652,2.5018,4.9783,-0.00030518
-0.18997,0.0059509,-0.0047509,0.27176,2.5009,4.9792,0
-0.20309,0.0021362,-0.0042758,0.28381,2.5021,4.9786,-0.00061035
-0.20721,-0.0010681,-0.0038007,0.2919,2.5015,4.978,0
-0.22171,-0.005188,-0.0047509,0.2919,2.5015,4.9789,0.00030518
-0.23895,-0.0083923,-0.0047509,0.29312,2.5015,4.9783,0.00030518
-0.24643,-0.011444,-0.0042758,0.29938,2.5009,4.9789,0.00030518
-0.24246,-0.012512,-0.0047509,0.30136,2.5018,4.9783,0
-0.23422,-0.011597,-0.0042758,0.29633,2.5009,4.9796,0
-0.22614,-0.0094604,-0.005226,0.29541,2.5006,4.9796,0.00030518
-0.22369,-0.0068665,-0.005701,0.30106,2.5006,4.9786,0.00061035
-0.22278,-0.0015259,-0.0042758,0.3064,2.5006,4.978,0
-0.2095,0.00091553,-0.0047509,0.3093,2.5015,4.9789,-0.00061035
-0.21622,0.0016785,-0.0042758,0.30899,2.5009,4.9786,-0.00061035
-0.23392,0.0042725,-0.0047509,0.30807,2.5009,4.9799,0.00061035
-0.23621,0.0086975,-0.0033257,0.30426,2.5012,4.9799,0
-0.22903,0.0068665,-0.0042758,0.29709,2.5018,4.9792,-0.00061035
-0.22476,0.0024414,-0.0038007,0.28656,2.5021,4.9789,0
-0.22659,-0.0018311,-0.0042758,0.28183,2.5003,4.9796,0.00030518
-0.22736,-0.0048828,-0.0042758,0.27832,2.5018,4.9789,-0.00030518
-0.22491,-0.0039673,-0.0047509,0.27969,2.5009,4.9792,-0.00061035
-0.22751,-0.0059509,-0.0047509,0.28641,2.5018,4.9789,-0.00030518
-0.22247,-0.0064087,-0.0042758,0.29312,2.5006,4.9777,-0.00030518
-0.20294,-0.004425,-0.0047509,0.29404,2.5012,4.9783,0
-0.20096,-0.0019836,-0.0038007,0.28732,2.5006,4.9786,0.00030518
-0.20889,0.00061035,-0.0042758,0.28259,2.5006,4.9792,-0.00061035
-0.21179,0,-0.0042758,0.2774,2.5012,4.9792,0.00030518
-0.2095,0.00076294,-0.0038007,0.27191,2.5021,4.9783,0.00030518
-0.20584,0.0028992,-0.0042758,0.26947,2.5009,4.9789,0.00030518
-0.19867,0.0036621,-0.0033257,0.26566,2.5012,4.9796,0.00030518
-0.19135,0.0057983,-0.0042758,0.25604,2.5006,4.9783,0
-0.17441,0.0053406,-0.0042758,0.24796,2.5012,4.9789,0.00030518
-0.16495,0.0042725,-0.0023755,0.24597,2.5018,4.9786,0.00061035
-0.16052,0.0050354,-0.0042758,0.2504,2.5015,4.9796,0.00030518
-0.17502,0.0038147,-0.0042758,0.25497,2.5012,4.9792,0.00030518
-0.1796,0.002594,-0.0042758,0.25818,2.5009,4.9789,-0.00030518
-0.17273,-0.00061035,-0.005226,0.25772,2.5009,4.9786,0.00030518
-0.15564,-0.0038147,-0.0042758,0.24918,2.5012,4.9792,-0.00091553
-0.1236,-0.0053406,-0.005226,0.23743,2.5018,4.9786,0.00030518
-0.12421,-0.0030518,-0.005226,0.23132,2.5003,4.9786,-0.00030518
-0.14053,-0.0013733,-0.0038007,0.22476,2.5012,4.9796,0
-0.13794,0.00061035,-0.0047509,0.2121,2.5006,4.9789,0.00030518
-0.12924,0.0024414,-0.0047509,0.19821,2.5021,4.9786,0.00091553
-0.11322,0.0048828,-0.0047509,0.18936,2.5015,4.978,-0.00030518
-0.098267,0.010071,-0.0042758,0.18616,2.5018,4.9789,-0.00030518
-0.083923,0.0097656,-0.0047509,0.18372,2.5009,4.9792,0.00030518
-0.07019,0.0048828,-0.0042758,0.17197,2.5018,4.9796,0
-0.060883,0.0015259,-0.0042758,0.15549,2.5015,4.9783,0.00061035
-0.054016,-0.0027466,-0.005226,0.13611,2.5018,4.9786,0.00030518
-0.042572,-0.0086975,-0.0047509,0.12177,2.5012,4.9796,0.00030518
-0.024567,-0.011902,-0.005226,0.11322,2.5018,4.9805,0
-0.017548,-0.012665,-0.0042758,0.11108,2.5015,4.9796,0
-0.019684,-0.0093079,-0.0061761,0.11475,2.5018,4.9789,0
-0.0050354,-0.0015259,-0.0033257,0.11475,2.5009,4.9786,-0.00061035
0.010986,0.0054932,-0.0047509,0.10651,2.5015,4.9777,0.00061035
0.012665,0.0082397,-0.005226,0.1001,2.5006,4.9774,-0.00091553
0.0042725,0.0067139,-0.0047509,0.095367,2.5015,4.9789,-0.00030518
0.0080872,0.00091553,-0.0047509,0.087585,2.5006,4.9777,-0.00030518
0.029907,-0.0054932,-0.0042758,0.077362,2.5027,4.9783,0.00030518
0.066681,-0.0094604,-0.0047509,0.065155,2.5015,4.9774,0
0.081787,-0.0067139,-0.0042758,0.05661,2.5015,4.9777,0.00030518
0.055847,-0.00030518,-0.0042758,0.052032,2.5015,4.978,0
0.035553,0.0079346,-0.005226,0.049438,2.5015,4.9762,0
0.046844,0.011749,-0.0047509,0.049133,2.5012,4.9777,0.00030518
0.05249,0.0080872,-0.0047509,0.045166,2.5015,4.978,-0.00061035
0.050201,0.0036621,-0.0038007,0.039368,2.5018,4.9774,0
0.050507,0.0056458,-0.005226,0.029755,2.5018,4.9774,0.00030518
0.057068,0.0086975,-0.0042758,0.020294,2.5015,4.9777,0
0.067291,0.0054932,-0.0047509,0.013275,2.5006,4.9789,0.00030518
0.081024,-0.0032043,-0.0042758,0.0065613,2.5027,4.9796,-0.00030518
0.09079,-0.0090027,-0.0038007,0.0015259,2.5012,4.9789,0
0.094757,-0.007782,-0.0047509,-0.0010681,2.5024,4.9786,-0.00030518
0.09079,-0.0048828,-0.0038007,-0.0057983,2.5009,4.9786,0.00030518
0.091553,-0.0022888,-0.0042758,-0.0061035,2.5009,4.9786,0
0.083618,0.0016785,-0.0038007,-0.00061035,2.5006,4.9786,0.00030518
0.075989,0.0036621,-0.0038007,0.0036621,2.5015,4.9789,0.00030518
0.080261,0.0030518,-0.0042758,0.00015259,2.5009,4.9783,-0.00061035
0.095978,-0.00030518,-0.0047509,-0.0085449,2.5018,4.9789,0.00030518
0.11063,-0.0097656,-0.0038007,-0.014038,2.5021,4.9792,0.00030518
0.10925,-0.020905,-0.0047509,-0.010986,2.5024,4.9789,0.00030518
0.10406,-0.023193,-0.0038007,-0.0090027,2.5012,4.9796,-0.00061035
0.10284,-0.017242,-0.0047509,-0.012817,2.5009,4.9786,-0.00030518
0.099335,-0.010223,-0.0042758,-0.023956,2.5009,4.978,0.00030518
0.1091,-0.005188,-0.0042758,-0.0354,2.5015,4.9786,0.00061035
0.11505,-0.0010681,-0.005226,-0.040588,2.5009,4.9786,0
0.11978,0.0012207,-0.0033257,-0.033112,2.5012,4.9789,-0.00030518
0.11887,-0.00091553,-0.0047509,-0.026245,2.5006,4.9786,0
0.11551,-0.0038147,-0.0038007,-0.024567,2.5015,4.9786,-0.00030518
0.11078,-0.00030518,-0.0042758,-0.023499,2.5012,4.9789,0
0.11032,0.0056458,-0.0047509,-0.024872,2.5015,4.9786,0.00030518
0.11383,0.0071716,-0.005226,-0.027161,2.5009,4.9792,0
0.11398,0.0056458,-0.005226,-0.030212,2.5021,4.9792,0
0.112,0.0048828,-0.0042758,-0.039063,2.5015,4.9796,0
0.12741,0.0018311,-0.0042758,-0.046387,2.5012,4.9796,-0.00091553
0.13824,-0.0038147,-0.0038007,-0.050354,2.5015,4.9789,0.00030518
0.14099,-0.0056458,-0.0042758,-0.057068,2.5015,4.9786,-0.00030518
0.14175,-0.004425,-0.0047509,-0.063629,2.5012,4.9792,-0.00061035
0.1413,-0.00061035,-0.0038007,-0.067139,2.5015,4.9792,-0.00061035
0.13336,0.0061035,-0.0033257,-0.072174,2.5009,4.9792,0.00030518
0.1207,0.010223,-0.0042758,-0.076904,2.5015,4.9796,0
0.11642,0.0080872,-0.0042758,-0.078888,2.5006,4.9789,0
0.11658,0.0061035,-0.005226,-0.080566,2.5021,4.9786,0.00061035
0.11856,0.0013733,-0.0033257,-0.081177,2.5012,4.9777,0
0.12985,-0.010376,-0.005226,-0.077362,2.5009,4.9783,0.00061035
0.13077,-0.018005,-0.0038007,-0.072174,2.5015,4.9783,0.00061035
0.1268,-0.015259,-0.0033257,-0.070648,2.5006,4.9789,0
0.12314,-0.010529,-0.0047509,-0.073547,2.5015,4.9792,0
0.11871,-0.010986,-0.0047509,-0.070801,2.5012,4.9789,0.00030518
0.11414,-0.013275,-0.0042758,-0.067291,2.5012,4.9796,-0.00030518
0.11246,-0.0097656,-0.0042758,-0.063171,2.5018,4.9792,0
0.11765,-0.005188,-0.0047509,-0.067444,2.5012,4.9789,-0.00061035
0.11871,-0.00091553,-0.0042758,-0.072937,2.5012,4.9789,-0.00030518
0.099487,0,-0.0047509,-0.06897,2.5012,4.9796,-0.00061035
0.092163,0.00091553,-0.0047509,-0.058289,2.5018,4.9799,-0.00030518
0.089874,0.0018311,-0.0047509,-0.053253,2.5015,4.9792,0
0.086212,-0.00061035,-0.0047509,-0.05249,2.5012,4.9789,0.00091553
0.079193,-0.0045776,-0.0038007,-0.054016,2.5018,4.9789,0.00030518
0.075073,-0.010071,-0.005226,-0.056458,2.5003,4.9792,0.00030518
0.066071,-0.010986,-0.005226,-0.058594,2.5018,4.9792,0
0.063629,-0.010681,-0.0047509,-0.061951,2.5009,4.9777,0.00061035
0.063934,-0.0091553,-0.0042758,-0.066833,2.5018,4.978,0.00030518
0.06424,-0.007019,-0.0047509,-0.067902,2.5024,4.9799,-0.00030518
0.059967,-0.0068665,-0.0042758,-0.062103,2.5015,4.9774,0
0.065002,-0.0054932,-0.0047509,-0.052338,2.5006,4.9786,0
0.063477,-0.002594,-0.0047509,-0.048676,2.5015,4.9786,-0.00091553
0.063934,0.00030518,-0.0047509,-0.049896,2.5006,4.9789,0.00030518
0.064697,0.00045776,-0.0038007,-0.05661,2.5018,4.9796,-0.00030518
0.058594,-0.00045776,-0.005701,-0.060577,2.5024,4.9786,-0.0012207
0.050812,0.00061035,-0.0042758,-0.056,2.5015,4.9792,0.00030518
0.044403,0.002594,-0.005226,-0.048828,2.5009,4.9792,0
0.045319,0.0038147,-0.0042758,-0.040894,2.5009,4.9789,-0.00030518
0.052185,0.0021362,-0.005226,-0.038452,2.5012,4.9792,0
0.056152,-0.00015259,-0.0047509,-0.040283,2.5015,4.9789,0.00030518
0.062408,-0.0030518,-0.0042758,-0.048523,2.5018,4.9796,-0.00030518
0.052795,-0.0047302,-0.0042758,-0.054169,2.5015,4.978,0.00030518
0.041504,-0.0041199,-0.0047509,-0.045929,2.5015,4.9783,0
0.038605,0.00045776,-0.005226,-0.028992,2.5003,4.978,0.00030518
0.03418,0.0045776,-0.0042758,-0.023651,2.5012,4.9777,0.00030518
0.031433,0.0065613,-0.005701,-0.027771,2.5012,4.978,0
0.033569,0.0053406,-0.0047509,-0.034332,2.5006,4.9786,0.00061035
0.029755,0.0033569,-0.005226,-0.036163,2.5012,4.9777,0
0.025482,0.0032043,-0.0047509,-0.034637,2.5021,4.978,0.00061035
0.025482,0.0013733,-0.0042758,-0.036316,2.5009,4.9771,0.00030518
0.035095,0.00015259,-0.0042758,-0.037994,2.5015,4.9777,0.00030518
0.032349,0.00030518,-0.0042758,-0.035248,2.5009,4.9774,0.00061035
0.021973,0.0038147,-0.0042758,-0.028381,2.5009,4.9777,-0.00061035
0.0177,0.0050354,-0.0038007,-0.025024,2.5012,4.9777,0.00030518
0.021515,0.0019836,-0.0042758,-0.029907,2.5012,4.978,0
0.020905,-0.0010681,-0.0042758,-0.033112,2.5015,4.9774,-0.00091553
0.019531,-0.0041199,-0.0047509,-0.031586,2.5009,4.9789,0.00061035
0.026093,-0.0079346,-0.0042758,-0.030823,2.5015,4.9786,-0.00030518
0.045013,-0.0074768,-0.0042758,-0.031738,2.5015,4.9792,-0.00030518
0.076294,-0.0076294,-0.0047509,-0.031586,2.5009,4.9786,0.00030518
0.058289,-0.007782,-0.0042758,-0.027313,2.5012,4.9792,0
0.019379,-0.0080872,-0.0047509,-0.025635,2.5012,4.9786,0
0.014801,-0.0067139,-0.0047509,-0.027466,2.5009,4.9786,0
0.025635,-0.0032043,-0.0042758,-0.03067,2.5009,4.9789,0.00030518
0.021973,-0.00015259,-0.005701,-0.031128,2.5012,4.9789,-0.00061035
0.011444,0.0016785,-0.0042758,-0.026245,2.5015,4.9786,-0.00061035
0.005188,0.002594,-0.0038007,-0.020752,2.5015,4.9792,0.00030518
0.0053406,0.0097656,-0.0042758,-0.021667,2.5021,4.9792,0.00030518
0.0088501,0.017853,-0.0042758,-0.022278,2.5015,4.9783,0.00030518
0.0097656,0.017242,-0.0042758,-0.019684,2.5015,4.9771,0.00061035
0.019684,0.01358,-0.0042758,-0.014954,2.5009,4.9786,0.00030518
0.017395,0.0094604,-0.0028506,-0.01236,2.5015,4.9786,-0.00030518
0.0045776,0.0062561,-0.0033257,-0.01297,2.5012,4.9792,0.00061035
-0.0059509,0.00076294,-0.0047509,-0.015869,2.5009,4.9789,0
-0.0038147,-0.0032043,-0.0042758,-0.015869,2.5018,4.9792,-0.00030518
0.0016785,-0.0053406,-0.0038007,-0.016174,2.5018,4.9786,0.00030518
0.010223,-0.0071716,-0.0042758,-0.018311,2.5003,4.9789,0.00030518
0.017548,-0.0053406,-0.005226,-0.018311,2.5018,4.9783,0.00061035
0.018463,-0.0022888,-0.0042758,-0.017242,2.5015,4.9796,0
0.011139,0.0019836,-0.0042758,-0.012054,2.5021,4.9792,0.00030518
0.024719,0.0033569,-0.0038007,-0.0048828,2.5009,4.9796,0
0.023499,0.0079346,-0.005226,0.0032043,2.5009,4.9789,-0.00030518
0.0010681,0.010681,-0.0042758,0.0074768,2.5012,4.9796,0.00061035
-0.0030518,0.0065613,-0.0047509,0.0048828,2.5012,4.9792,0.00030518
0.0073242,0.0016785,-0.005701,0.00030518,2.5009,4.9789,-0.00030518
0.0059509,-0.0015259,-0.0042758,0.0016785,2.5015,4.9786,-0.00091553
-0.00091553,-0.0028992,-0.005226,0.0059509,2.5006,4.9786,0
-0.0010681,-0.0019836,-0.0042758,0.012054,2.5012,4.9796,-0.00030518
-0.0035095,-0.0022888,-0.0047509,0.016632,2.5015,4.9789,0.00061035
-0.012207,-0.0093079,-0.0047509,0.018005,2.5006,4.9774,0
-0.018158,-0.011444,-0.0033257,0.021057,2.5009,4.9792,0.00030518
-0.028381,-0.010986,-0.0038007,0.024567,2.5018,4.9783,0
-0.029144,-0.011749,-0.0042758,0.015869,2.5021,4.9792,0
-0.02655,-0.0074768,-0.0047509,0.0019836,2.5015,4.9786,-0.00061035
-0.027924,-0.0030518,-0.0042758,-0.00045776,2.5012,4.9789,-0.00030518
-0.025024,0.0012207,-0.0033257,0.0064087,2.5003,4.9799,0.00061035
-0.014496,0.0022888,-0.0042758,0.0057983,2.5015,4.9792,0
-0.012665,0.0021362,-0.0033257,-0.0033569,2.5015,4.9783,-0.00030518
-0.023193,0.0021362,-0.0042758,-0.0079346,2.5015,4.9783,0.00030518
-0.026855,0.0030518,-0.0047509,-0.012512,2.5012,4.9789,0
-0.022125,0.0027466,-0.0042758,-0.0056458,2.5012,4.9786,-0.00061035
-0.032806,0.00076294,-0.0047509,0.005188,2.5015,4.9789,0.00091553
-0.037384,0.0019836,-0.0033257,0.007019,2.5009,4.9783,0.00030518
-0.035553,0.002594,-0.0042758,0.0054932,2.5015,4.9786,0.00030518
-0.031586,0.0032043,-0.0047509,0.0036621,2.5018,4.9792,0.00030518
-0.026093,0.0038147,-0.0047509,-0.0010681,2.5006,4.9789,-0.00061035
-0.021057,0.0027466,-0.0033257,-0.0053406,2.5015,4.978,-0.00030518
-0.019073,0.0021362,-0.0047509,-0.0050354,2.5009,4.9792,0.00030518
-0.017548,0.00045776,-0.0047509,0.00045776,2.5015,4.9786,-0.00030518
-0.023956,-0.0027466,-0.0047509,0.0074768,2.5009,4.978,0.00091553
-0.022583,-0.0061035,-0.005701,0.0082397,2.5021,4.9777,0.00030518
-0.025787,-0.0061035,-0.0047509,0.0035095,2.5012,4.9786,0.00030518
-0.019531,-0.0082397,-0.0042758,-0.0027466,2.5024,4.9789,0.00030518
-0.0064087,-0.011139,-0.0047509,-0.0064087,2.5024,4.9783,0.00030518
-0.00045776,-0.0074768,-0.0042758,-0.0061035,2.5018,4.9789,-0.00030518
0.00030518,-0.0016785,-0.005226,-0.0053406,2.5012,4.9789,-0.00030518
-0.0024414,0.0050354,-0.0038007,-0.0032043,2.5018,4.9783,-0.00030518
-0.011292,0.010681,-0.005226,0.00030518,2.5006,4.9799,-0.00091553
-0.019379,0.019684,-0.0038007,0.0042725,2.5006,4.9789,0
-0.03006,0.030823,-0.0033257,0.009613,2.5009,4.9783,0
-0.027313,0.035706,-0.0047509,0.0054932,2.5,4.9799,-0.00030518
-0.015411,0.033569,-0.0047509,-0.0036621,2.5009,4.9783,0
-0.0064087,0.029449,-0.0042758,-0.0050354,2.5015,4.978,0
-0.0042725,0.027313,-0.0042758,0.0027466,2.5018,4.978,0.00030518
-0.0035095,0.023804,-0.0047509,0.0085449,2.5018,4.9783,-0.00030518
-0.00015259,0.016937,-0.005226,0.00091553,2.5009,4.9774,0
-0.0027466,0.007782,-0.005701,-0.0080872,2.5018,4.9783,-0.00061035
-0.012817,-0.00061035,-0.0033257,-0.0099182,2.5012,4.978,0.00030518
-0.018158,-0.013275,-0.005226,-0.0076294,2.5012,4.978,-0.00030518
-0.017242,-0.021973,-0.0042758,-0.0094604,2.5018,4.9771,0.00061035
-0.0012207,-0.027008,-0.0042758,-0.010834,2.5021,4.9768,-0.00030518
0.0053406,-0.026855,-0.0038007,-0.0062561,2.5009,4.9774,-0.00061035
0.0032043,-0.022125,-0.005226,-0.0061035,2.5009,4.9774,0
0.0038147,-0.017853,-0.0038007,-0.009613,2.5015,4.9774,0
0.0021362,-0.010681,-0.0042758,-0.0074768,2.5021,4.9786,0.00091553
-0.0053406,-0.0079346,-0.0061761,0.00076294,2.5009,4.9786,0.00030518
-0.011597,-0.0091553,-0.0047509,0.0082397,2.5009,4.9783,0
-0.011902,-0.007782,-0.005226,0.010223,2.5021,4.9792,0
-0.0097656,-0.0038147,-0.0047509,0.0057983,2.5009,4.9786,-0.00030518
-0.012665,0.0010681,-0.0033257,0.002594,2.5021,4.9786,0.00030518
-0.0073242,0.0010681,-0.005226,0.0050354,2.5012,4.9783,-0.00030518
-0.011444,-0.0016785,-0.005226,0.0074768,2.5021,4.9786,0.00030518
-0.020599,-0.0039673,-0.005226,0.0053406,2.5018,4.9786,-0.00030518
-0.015259,-0.0039673,-0.0042758,0.0033569,2.5021,4.9792,-0.00030518
-0.0019836,-0.00091553,-0.0042758,0.0041199,2.5012,4.9789,0
0.0088501,0.0013733,-0.0047509,0.0079346,2.5024,4.9789,0
0.0030518,-0.0016785,-0.005226,0.010223,2.5012,4.9792,0.00061035
-0.005188,-0.0071716,-0.0047509,0.010071,2.5015,4.9786,0.00030518
-0.004425,-0.0071716,-0.0038007,0.014801,2.5012,4.9786,-0.00030518
0.010986,-0.007019,-0.0047509,0.025024,2.5015,4.978,-0.00061035
0.023956,-0.0068665,-0.005226,0.025177,2.5003,4.9783,0
0.026398,-0.004425,-0.005226,0.011139,2.5021,4.9783,-0.00030518
-0.0032043,-0.0021362,-0.005226,0.0099182,2.5009,4.9786,0
-0.028992,-0.0012207,-0.005226,0.021973,2.5015,4.9789,0.00030518
-0.024414,0.00045776,-0.0047509,0.028381,2.5012,4.9789,0.00061035
-0.0045776,0.0041199,-0.0047509,0.026093,2.5018,4.9799,0.00061035
-0.007019,0.0083923,-0.0042758,0.023956,2.5024,4.9792,0.00030518
-0.022278,0.012207,-0.0047509,0.020294,2.5015,4.9792,0
-0.024414,0.012665,-0.0047509,0.016327,2.5015,4.9786,0.00030518
-0.019989,0.0080872,-0.0038007,0.015106,2.5009,4.9786,0
-0.011597,0.0016785,-0.0042758,0.017395,2.5012,4.9796,0.00030518
-0.011292,-0.004425,-0.0047509,0.015869,2.5018,4.9792,0
-0.014191,-0.007019,-0.0047509,0.0094604,2.5012,4.9786,0.00030518
-0.014191,-0.0056458,-0.005226,0.0061035,2.5012,4.9796,0.00030518
-0.019073,0,-0.0047509,0.0065613,2.5015,4.9792,0
-0.020447,0.0057983,-0.005226,0.0082397,2.5006,4.9786,0.00030518
-0.016174,0.0048828,-0.005226,0.0082397,2.5015,4.9789,0
-0.013885,0.0015259,-0.0047509,0.012817,2.5012,4.9786,-0.00030518
-0.018616,0.00091553,-0.0038007,0.019226,2.5012,4.9783,-0.00030518
-0.023651,0.0015259,-0.0038007,0.023651,2.5003,4.9777,0.00030518
-0.0093079,0.00061035,-0.0047509,0.019989,2.5012,4.978,0.00030518
-0.0053406,0.0019836,-0.0042758,0.013275,2.5,4.9792,0.00030518
-0.0085449,0.0064087,-0.0047509,0.010986,2.5024,4.9786,-0.00030518
-0.012054,0.012512,-0.0042758,0.0076294,2.5021,4.9792,0.00030518
-0.009613,0.014191,-0.0042758,0.0032043,2.5009,4.9786,-0.00030518
-0.0028992,0.012665,-0.0047509,0.0024414,2.5012,4.9789,0
-0.0035095,0.009613,-0.0042758,0.010986,2.5012,4.9786,-0.00030518
-0.01297,0.0050354,-0.0033257,0.012665,2.5018,4.9783,0
-0.023651,0.0024414,-0.0042758,0.0082397,2.5015,4.9792,0
-0.033875,0.0028992,-0.0042758,0.010681,2.5009,4.9789,-0.00030518
-0.019226,0.0065613,-0.005226,0.022125,2.5018,4.9792,0
-0.011597,0.0056458,-0.0047509,0.030823,2.5015,4.9789,0
-0.011292,-0.0013733,-0.0042758,0.026855,2.5012,4.9786,0.00030518
-0.010529,-0.0090027,-0.005226,0.016937,2.5009,4.9792,0.00030518
-0.0067139,-0.010681,-0.0042758,0.011597,2.5009,4.9792,0
-0.0050354,-0.011902,-0.0042758,0.012207,2.5009,4.9792,0.00061035
-0.0045776,-0.011597,-0.005226,0.010223,2.5012,4.9792,0.00030518
-0.0038147,-0.0097656,-0.0047509,0.0093079,2.5015,4.9783,0
-0.0030518,-0.0082397,-0.005701,0.010681,2.5024,4.9792,0
-0.011444,-0.0067139,-0.0042758,0.01709,2.5021,4.9774,0.00091553
-0.013428,-0.0019836,-0.005226,0.024261,2.5009,4.9783,-0.00030518
-0.016632,0.0019836,-0.005701,0.024567,2.5015,4.9786,-0.00030518
-0.016327,0.0036621,-0.0042758,0.018616,2.5021,4.9786,-0.00030518
-0.018921,0.0082397,-0.0033257,0.013428,2.5012,4.9792,0.00091553
-0.017395,0.0097656,-0.0038007,0.0082397,2.5018,4.9783,0.00030518
-0.012817,0.009613,-0.005226,0.004425,2.5009,4.9789,-0.00030518
-0.0071716,0.0067139,-0.0042758,0.0064087,2.5012,4.9786,0
-0.0056458,0.0050354,-0.005701,0.010376,2.5012,4.9786,0.00030518
-0.0086975,0.0054932,-0.0042758,0.013733,2.5012,4.9792,0
-0.013275,0.0064087,-0.005226,0.010834,2.5015,4.9792,0.00061035
-0.009613,0.0064087,-0.0038007,0.0067139,2.5015,4.9792,0.00061035
-0.0080872,0.0042725,-0.0042758,0.0094604,2.5003,4.9783,0.00030518
-0.0090027,0.00091553,-0.005226,0.016174,2.5012,4.9777,0.00061035
-0.0090027,0.0032043,-0.0038007,0.013733,2.5012,4.978,0
-0.0061035,0.0056458,-0.0038007,0.0033569,2.5015,4.9774,0.00030518
-0.0056458,0.0079346,-0.0047509,-0.004425,2.5021,4.9783,0
-0.0093079,0.0050354,-0.0042758,-0.0061035,2.5018,4.9786,0.00061035
-0.0079346,-0.0012207,-0.005701,0.00091553,2.5015,4.9777,0.00030518
0.0012207,-0.0059509,-0.0047509,0.0054932,2.5006,4.9774,-0.00030518
0.010986,-0.010071,-0.005226,0.0012207,2.5009,4.9771,0.00030518
0.023346,-0.012512,-0.005226,0.0022888,2.5012,4.9765,0.00091553
0.0080872,-0.0093079,-0.0042758,0.0085449,2.5018,4.9771,0.00030518
-0.01358,-0.0050354,-0.0042758,0.011292,2.5018,4.9774,0.00061035
-0.023956,-0.0021362,-0.0047509,0.01297,2.5018,4.9777,0.00030518
-0.024109,-0.00015259,-0.0038007,0.013123,2.5012,4.9774,0.00030518
-0.017242,0.0013733,-0.0047509,0.0091553,2.5009,4.9786,0
-0.004425,0.0039673,-0.0038007,0.0059509,2.5018,4.9792,0
0.0050354,0.0086975,-0.0047509,0.0057983,2.5024,4.9777,-0.00061035
0.004425,0.011139,-0.0042758,0.0039673,2.5015,4.9783,0
-0.0094604,0.01297,-0.0042758,0.0064087,2.5015,4.9786,0
-0.0079346,0.015411,-0.0028506,0.010834,2.5012,4.9789,0.00030518
0.0015259,0.012207,-0.0042758,0.0074768,2.5021,4.9789,-0.00030518
0.0074768,0.010071,-0.0042758,-0.00045776,2.5012,4.9786,-0.00030518
0.0093079,0.010223,-0.0047509,-0.0083923,2.5018,4.9792,0
0.015717,0.010071,-0.0047509,-0.016479,2.5021,4.9792,0
0.015869,0.0080872,-0.0047509,-0.018768,2.5031,4.9789,0.00030518
0.013428,0.0057983,-0.0042758,-0.014648,2.5018,4.9774,-0.00061035
0.014038,0.0032043,-0.0047509,-0.0097656,2.5009,4.9789,-0.00030518
0.018005,0.00045776,-0.005226,-0.0065613,2.5012,4.9786,0.00030518
0.0076294,-0.0013733,-0.0038007,-0.004425,2.5009,4.9777,0.00030518
0.012817,-0.0012207,-0.0038007,-0.0054932,2.5015,4.9783,0.00030518
0.015259,-0.00091553,-0.0047509,-0.0080872,2.5009,4.9792,0
0.010376,-0.00045776,-0.0042758,-0.0056458,2.5009,4.9789,-0.00030518
0.0053406,0.00045776,-0.0038007,0.0015259,2.5009,4.9799,0.00030518
-0.00045776,0.0027466,-0.0038007,0.0065613,2.5009,4.9786,0.00030518
-0.0061035,0.0027466,-0.0038007,0.005188,2.5015,4.9799,-0.00061035
-0.011292,0.0019836,-0.005226,-0.0032043,2.5021,4.9796,0
-0.0094604,0.00076294,-0.0047509,-0.0085449,2.5012,4.9789,-0.00030518
-0.0042725,0.00076294,-0.005226,-0.011597,2.5012,4.9789,0.00030518
-0.0073242,0.0013733,-0.0042758,-0.011749,2.5003,4.9796,0
-0.002594,0.0018311,-0.0038007,-0.0067139,2.5024,4.9783,0
0.00076294,0.0030518,-0.0047509,0.0012207,2.5012,4.9783,0
0.0074768,0.0036621,-0.0042758,0.007782,2.5009,4.9792,0.00061035
0.012512,0.0027466,-0.005701,0.0041199,2.5015,4.9792,0.00030518
0.0099182,0.0019836,-0.0042758,-0.0050354,2.5006,4.9786,0.00030518
0.0024414,0.0018311,-0.0038007,-0.009613,2.5009,4.9783,0.00061035
0.0033569,0.00061035,-0.0042758,-0.009613,2.5003,4.9802,0.00061035
0.012054,-0.00030518,-0.0033257,-0.0080872,2.5006,4.9799,-0.00030518
0.017548,0.00061035,-0.0047509,-0.0038147,2.5015,4.9786,-0.00061035
0.0032043,0.0016785,-0.0047509,0.0021362,2.5015,4.9789,0.00030518
0.0021362,-0.00076294,-0.0047509,0.0079346,2.5009,4.9783,-0.00030518
0.00015259,-0.0019836,-0.0028506,0.013275,2.5018,4.9796,0.00030518
-0.0068665,-0.0027466,-0.0047509,0.018311,2.5012,4.9789,0
-0.011444,-0.0019836,-0.0047509,0.018463,2.5006,4.9786,0.00030518
-0.013275,-0.0021362,-0.0042758,0.015259,2.5012,4.9792,-0.00030518
-0.012512,-0.00015259,-0.0042758,0.0088501,2.5012,4.9792,-0.00030518
-0.010071,0.002594,-0.0042758,0.0024414,2.5009,4.9799,0.00030518
-0.0068665,0.0050354,-0.0033257,-0.00076294,2.5015,4.9789,0
-0.0019836,0.0062561,-0.0042758,0.0053406,2.5009,4.9792,-0.00030518
-0.0018311,0.0062561,-0.0038007,0.013885,2.5012,4.9796,0.00030518
0.015717,0.0067139,-0.0028506,0.013428,2.5012,4.9786,0
0.016937,0.0053406,-0.0038007,0.0064087,2.5021,4.9796,0.00030518
0.0012207,0.0056458,-0.0042758,0.0032043,2.5021,4.9789,-0.00030518
-0.00061035,0.0088501,-0.005226,0.0030518,2.5015,4.9783,0
0.004425,0.009613,-0.0042758,0.00030518,2.5006,4.9796,0.00061035
0.0042725,0.0093079,-0.0038007,-0.0028992,2.5015,4.9789,-0.00091553
-0.0045776,0.0091553,-0.0038007,0.0010681,2.5009,4.9792,-0.00061035
-0.012665,0.0065613,-0.005226,0.0079346,2.5021,4.9786,0.00030518
-0.012207,0.0057983,-0.005701,0.010834,2.5018,4.9799,-0.00030518
-0.01297,0.0080872,-0.0042758,0.0093079,2.5012,4.978,-0.00030518
-0.0019836,0.0083923,-0.0047509,0.0059509,2.5006,4.9789,-0.00061035
0.0059509,0.0079346,-0.0042758,-0.0038147,2.5009,4.978,0.00030518
0.0038147,0.007019,-0.0047509,-0.0088501,2.5012,4.9786,-0.00061035
-0.00076294,0.0062561,-0.0042758,-0.0056458,2.5012,4.9799,0
0.0027466,0.005188,-0.0047509,-0.0032043,2.5015,4.9792,-0.00061035
0.0038147,0.0018311,-0.0047509,0.00076294,2.5012,4.9789,-0.00061035
-0.0013733,0,-0.0042758,0.0074768,2.5015,4.9789,0
-0.0018311,0.00076294,-0.005226,0.012207,2.5021,4.9783,0
-0.0080872,0.0024414,-0.0042758,0.0073242,2.5009,4.9789,0.00030518
-0.014038,0.0027466,-0.0042758,0.0019836,2.5027,4.9792,0.00061035
-0.011597,0.00091553,-0.0042758,0.0018311,2.5009,4.9792,-0.00030518
-0.02243,0.0010681,-0.0042758,0.011749,2.5018,4.9786,-0.00030518
-0.018158,0.0015259,-0.0042758,0.024109,2.5024,4.9777,0
-0.015259,0.00091553,-0.005226,0.028687,2.5009,4.9777,0
-0.023041,0.00061035,-0.0033257,0.03006,2.5012,4.9777,-0.00030518
-0.0073242,0.0015259,-0.0042758,0.027313,2.5009,4.9783,0.00030518
0.028381,0.0018311,-0.0047509,0.023956,2.5015,4.9777,0
0.036774,0.0032043,-0.0042758,0.025177,2.5021,4.978,0.00030518
-0.0090027,0.002594,-0.0033257,0.025787,2.5015,4.9786,0
-0.050812,0.0012207,-0.0047509,0.027008,2.5012,4.9756,0.00091553
-0.047607,0.0024414,-0.0042758,0.030365,2.5015,4.9771,0
-0.030365,0.0038147,-0.0042758,0.034637,2.5,4.9771,0.00030518
-0.025177,0.0015259,-0.0033257,0.036621,2.5018,4.9774,0.00061035
-0.024872,0.0010681,-0.0042758,0.03067,2.5015,4.9774,0
-0.023041,0.00061035,-0.005226,0.023499,2.5015,4.9774,-0.00030518
-0.03006,-0.00045776,-0.0047509,0.023956,2.5015,4.9786,0
-0.031433,0.0032043,-0.0042758,0.029449,2.5003,4.9786,0.00030518
-0.023041,0.0047302,-0.0042758,0.033875,2.5009,4.9796,0
-0.018158,0.0028992,-0.0038007,0.035858,2.5015,4.9786,0.00030518
-0.020905,0.0036621,-0.0042758,0.036011,2.5009,4.9783,-0.00030518
-0.012207,0.0038147,-0.0042758,0.034485,2.5018,4.9783,-0.00061035
-0.016632,0.0041199,-0.0042758,0.033417,2.5012,4.9786,0.00061035
-0.02243,0.0028992,-0.005226,0.036316,2.5012,4.9789,0
-0.016937,0.0013733,-0.005226,0.036621,2.5015,4.9786,0
-0.010223,0.0021362,-0.0042758,0.027466,2.5006,4.9786,0
-0.0067139,0.0018311,-0.0047509,0.01709,2.5018,4.9796,-0.00030518
-0.0065613,0.0028992,-0.0042758,0.014801,2.5006,4.9789,-0.00030518
-0.013123,0.0039673,-0.0042758,0.01709,2.5015,4.9792,0.00030518
-0.014648,0.00045776,-0.0042758,0.016785,2.5015,4.9796,0
-0.011902,-0.00091553,-0.0047509,0.012817,2.5021,4.9774,0
0.00076294,-0.00061035,-0.0028506,0.0076294,2.5015,4.9789,0.00091553
0.0027466,-0.00091553,-0.0047509,-0.00076294,2.5018,4.9786,0.00030518
0.0018311,-0.0033569,-0.0047509,-0.0091553,2.5012,4.9786,0
0.0028992,-0.0062561,-0.0042758,-0.011292,2.5015,4.9786,0.00030518
0.00091553,-0.0064087,-0.0028506,-0.0073242,2.5012,4.9783,-0.00061035
0.0067139,-0.0033569,-0.0042758,-0.0032043,2.5015,4.9789,0.00030518
0.0073242,0.00015259,-0.0042758,-0.0035095,2.5015,4.9783,-0.00030518
-0.002594,0.00030518,-0.005226,-0.0082397,2.5015,4.9786,0
-0.00045776,-0.0028992,-0.0042758,-0.010834,2.5012,4.9789,0
0.00091553,-0.0021362,-0.0038007,-0.009613,2.5021,4.9789,0.00030518
0.0050354,0.0022888,-0.0042758,-0.0086975,2.5024,4.9789,0.00030518
0.013275,0.0057983,-0.0042758,-0.0082397,2.5009,4.9786,0.00030518
0.023804,0.0067139,-0.005226,-0.0019836,2.5012,4.9792,-0.00061035
0.020447,0.007019,-0.005226,-0.0016785,2.5015,4.9792,-0.00030518
0.011444,0.0042725,-0.0042758,-0.0079346,2.5009,4.9786,0.00030518
0.014038,0.0038147,-0.0047509,-0.014496,2.5012,4.9792,0
0.019379,0.002594,-0.005226,-0.015717,2.5006,4.9796,0.00030518
0.010986,0.00091553,-0.0038007,-0.014801,2.5015,4.9796,-0.00061035
0.00030518,0.0018311,-0.0047509,-0.018616,2.5015,4.9783,0.00030518
0.0015259,0.0038147,-0.0042758,-0.020905,2.5018,4.978,-0.00030518
0.010834,0.00061035,-0.0042758,-0.013275,2.5015,4.978,0.00030518
0.009613,-0.00076294,-0.005226,-0.004425,2.5012,4.9783,0.00030518
0.0079346,-0.00091553,-0.0047509,-0.0010681,2.5009,4.9789,0
0.005188,0.0016785,-0.0042758,0.00030518,2.5021,4.9792,-0.00030518
0.015106,0.0012207,-0.0042758,-0.0019836,2.5006,4.9789,0.00061035
0.033417,0.0010681,-0.0042758,-0.004425,2.5003,4.9786,0
0.031128,0.0015259,-0.0038007,-0.005188,2.5015,4.9783,0.00030518
0.011292,0.0016785,-0.0047509,0.002594,2.5015,4.9786,0.00030518
-0.00045776,0.00030518,-0.0038007,0.0067139,2.5009,4.9792,-0.00061035
-0.0065613,-0.00030518,-0.0038007,0.0048828,2.5018,4.9789,0.00030518
0.00061035,0.00045776,-0.0047509,0.0076294,2.5003,4.9789,-0.00030518
-0.0027466,0.0018311,-0.0042758,0.010223,2.5031,4.978,0
-0.0048828,0.0016785,-0.0047509,0.0094604,2.5021,4.9792,0.00030518
0.0062561,0.0027466,-0.0047509,0.0068665,2.5015,4.9789,0
0.010681,0.0036621,-0.0047509,0.0010681,2.5006,4.9789,-0.00030518
0.0082397,0.0038147,-0.0047509,-0.0054932,2.5021,4.9796,0
0.0091553,0.0042725,-0.005226,-0.010834,2.5015,4.9777,0.00030518
0.009613,0.0065613,-0.005701,-0.011139,2.5018,4.9786,0
0.0057983,0.0061035,-0.0047509,-0.0057983,2.5,4.9783,0.00030518
-0.0057983,0.0047302,-0.0042758,-0.00045776,2.5009,4.9777,-0.00030518
-0.011292,0.0032043,-0.005226,0.0018311,2.5015,4.978,0.00030518
-0.020142,0.0045776,-0.0047509,0.0032043,2.5018,4.9789,-0.0012207
-0.021362,0.0048828,-0.0042758,0.0019836,2.5018,4.9786,0.00030518
-0.010681,0.0042725,-0.005701,-0.00076294,2.5015,4.9789,0
-0.007019,0.0016785,-0.0042758,-0.00030518,2.5003,4.9796,0.00030518
-0.016174,0.0048828,-0.0038007,0.0048828,2.5015,4.9792,0
-0.026245,0.0091553,-0.0047509,0.010071,2.5015,4.9796,0
-0.027466,0.010071,-0.0038007,0.014954,2.5024,4.9792,0
-0.035248,0.0085449,-0.0047509,0.018921,2.5015,4.9789,-0.00030518
-0.04425,0.0054932,-0.005226,0.02594,2.5012,4.9783,0.00030518
-0.03067,0.0047302,-0.0047509,0.029755,2.5015,4.9796,0.00061035
-0.023499,0.0067139,-0.0042758,0.028687,2.5018,4.9783,-0.00030518
-0.021973,0.0059509,-0.0038007,0.022736,2.5009,4.9783,0.00030518
-0.01358,0.004425,-0.0047509,0.015411,2.5031,4.9777,0.00030518
-0.00030518,0.0016785,-0.0042758,0.010223,2.5009,4.9783,0.00030518
0.0036621,0.00091553,-0.0042758,0.004425,2.5009,4.978,0.00030518
0,0.0030518,-0.0038007,0.0035095,2.5015,4.9777,-0.00061035
-0.0013733,0.0028992,-0.0047509,0.0097656,2.5009,4.9786,0.00061035
-0.00045776,0.00076294,-0.0042758,0.015869,2.5012,4.9774,-0.00030518
-0.0048828,-0.00015259,-0.0047509,0.0177,2.5021,4.9759,0
0.0068665,0.00091553,-0.0047509,0.014038,2.5021,4.9774,-0.00030518
0.0091553,-0.00091553,-0.0047509,0.015259,2.5015,4.978,-0.00091553
0.0057983,-0.0024414,-0.0042758,0.023651,2.5009,4.9777,0
0.0082397,-0.0030518,-0.0042758,0.024719,2.5012,4.9771,0
0.0076294,-0.0059509,-0.0042758,0.019684,2.5018,4.9774,-0.00030518
-0.0021362,-0.0062561,-0.005701,0.015411,2.5012,4.9786,0
-0.0059509,-0.004425,-0.005701,0.011749,2.5009,4.9792,0.00061035
0.0039673,-0.002594,-0.0038007,0.011749,2.5006,4.9796,0.00030518
0.0068665,0.00015259,-0.005226,0.007019,2.5009,4.9792,0.00030518
-0.00091553,-0.0010681,-0.0042758,0.0045776,2.5,4.9786,0.00030518
0.0053406,-0.0027466,-0.0038007,0.002594,2.5015,4.9792,0.00061035
0.0013733,-0.0067139,-0.0042758,0.0032043,2.5009,4.9786,-0.00030518
-0.0076294,-0.0083923,-0.0042758,0.0085449,2.5018,4.9789,0.00030518
-0.0090027,-0.0083923,-0.0047509,0.011139,2.5012,4.9786,-0.00030518
-0.0047302,-0.0065613,-0.0047509,0.010834,2.5009,4.9789,-0.00030518
-0.004425,-0.0086975,-0.0047509,0.0067139,2.5006,4.978,0.00030518
-0.004425,-0.0097656,-0.0042758,0.0050354,2.5012,4.9799,0
-0.0036621,-0.010376,-0.0038007,0.0036621,2.5021,4.9783,0.00030518
-0.0079346,-0.011444,-0.0047509,0.0016785,2.5015,4.9789,-0.00030518
-0.0022888,-0.012512,-0.005226,0.0036621,2.5018,4.9783,0
0.0094604,-0.01297,-0.0047509,0.0073242,2.5009,4.9783,-0.00030518
0.0047302,-0.010529,-0.0042758,0.0090027,2.5018,4.9786,0.00030518
-0.005188,-0.0071716,-0.005226,0.011902,2.5006,4.9786,0
-0.0094604,-0.0057983,-0.0047509,0.018768,2.5006,4.9799,0.00030518
-0.0097656,-0.0039673,-0.0042758,0.021362,2.5006,4.9789,0.00061035
-0.011749,-0.004425,-0.005226,0.016479,2.5018,4.9796,0.00061035
-0.014648,-0.0041199,-0.0047509,0.014038,2.5018,4.978,0
-0.019684,-0.00076294,-0.0042758,0.016632,2.5012,4.9792,0.00030518
-0.020294,0.0024414,-0.0042758,0.016785,2.5006,4.9789,-0.00030518
-0.0094604,0.0015259,-0.0042758,0.015564,2.5018,4.9786,0
0.010834,-0.0027466,-0.005226,0.016479,2.5009,4.9786,0.00091553
0.01358,-0.0022888,-0.0038007,0.0177,2.5015,4.9789,0.00091553
0.011139,0.0028992,-0.005226,0.01709,2.5024,4.9786,0
0.0073242,0.0042725,-0.0042758,0.016022,2.5021,4.9799,0.00061035
0.0076294,0.0016785,-0.0042758,0.019073,2.5012,4.9796,0
0.010529,-0.0038147,-0.0047509,0.017548,2.5009,4.9783,0.00091553
0.0091553,-0.0079346,-0.005226,0.0071716,2.5006,4.9796,-0.00061035
0.002594,-0.010071,-0.0033257,0.00091553,2.5015,4.9789,0
-0.0041199,-0.0079346,-0.005226,0.0050354,2.5006,4.978,-0.00030518
-0.0053406,-0.0050354,-0.0042758,0.010834,2.5018,4.9789,0.00030518
0.00015259,-0.0010681,-0.0047509,0.014038,2.5015,4.9786,0
-0.0032043,0.0012207,-0.0042758,0.015106,2.5003,4.9799,0.00030518
-0.00045776,0.0030518,-0.0047509,0.019684,2.5009,4.9786,0.00030518
0.0035095,0.0036621,-0.005226,0.024109,2.5015,4.9796,0
-0.0035095,0.0068665,-0.005701,0.022583,2.5012,4.9771,0
-0.0065613,0.0057983,-0.0042758,0.019836,2.5018,4.9777,0
0.0010681,0.0024414,-0.0038007,0.017548,2.5009,4.9774,0
0.011902,-0.00030518,-0.0047509,0.014496,2.5018,4.9786,0
0.011139,0.00061035,-0.005226,0.0086975,2.5009,4.9792,-0.00030518
0.0035095,0.0013733,-0.0042758,0.0030518,2.5027,4.9792,0
0.013885,0.00015259,-0.0047509,0.0048828,2.5012,4.9792,0.00061035
0.022583,-0.00030518,-0.0042758,0.0030518,2.5021,4.9789,-0.00091553
0.026398,-0.0015259,-0.0038007,-0.0041199,2.5,4.9789,0
0.027008,-0.0016785,-0.005701,-0.0097656,2.5009,4.978,0.00061035
0.024872,0.0013733,-0.0047509,-0.0083923,2.5012,4.9789,0
0.018311,0.00091553,-0.005226,-0.0015259,2.5018,4.9783,0.00030518
0.010071,-0.0012207,-0.0042758,0.010071,2.5006,4.9796,0.00030518
0.0097656,-0.0015259,-0.0047509,0.018463,2.5015,4.9799,0.00030518
0.012054,0.0012207,-0.0038007,0.016022,2.5024,4.9796,0.00030518
0.0090027,0.0024414,-0.0042758,0.012054,2.5012,4.9774,0.00030518
0.011749,0.0021362,-0.005226,0.012054,2.5015,4.9789,0.00030518
0.007019,0.0016785,-0.0047509,0.015411,2.5018,4.9786,-0.00030518
0.0010681,0.0016785,-0.0033257,0.016937,2.5015,4.9789,-0.00030518
-0.007019,0.0045776,-0.0042758,0.014191,2.5012,4.9796,0.00061035
-0.009613,0.0074768,-0.005226,0.014496,2.5018,4.9789,0.00061035
0.0016785,0.0076294,-0.0047509,0.016632,2.5006,4.9792,-0.00030518
0.0032043,0.0054932,-0.0038007,0.015717,2.5012,4.9783,0.00030518
0.0010681,0.0032043,-0.0042758,0.016785,2.5009,4.9789,0.00030518
0.0065613,0.0021362,-0.0042758,0.020294,2.5024,4.9786,0
0.018921,0.0019836,-0.0047509,0.022736,2.5009,4.9789,0.00030518
0.03006,0.0030518,-0.0042758,0.021057,2.5018,4.9805,0.00030518
0.031586,0.0010681,-0.0042758,0.015106,2.5003,4.9783,-0.00061035
0.028839,0.0010681,-0.0038007,0.01236,2.5018,4.9777,0
0.024414,0.0015259,-0.005226,0.010986,2.5012,4.9783,0.00030518
0.0090027,0.0018311,-0.0042758,0.0050354,2.5027,4.9777,0.00061035
0.0076294,0.00030518,-0.0047509,-0.0068665,2.5012,4.9774,0.00030518
0.014648,-0.00030518,-0.0047509,-0.021362,2.5018,4.9777,0.00030518
0.017242,-0.00076294,-0.0033257,-0.025024,2.5009,4.9783,-0.00030518
0.007019,-0.0015259,-0.0047509,-0.010529,2.5021,4.9783,0.00030518
-0.0083923,-0.00061035,-0.0028506,0.0061035,2.5015,4.9774,0.00030518
-0.010376,0.0012207,-0.0042758,0.012817,2.5006,4.9777,0
-0.015411,0.0016785,-0.0047509,0.0056458,2.5009,4.978,0.00030518
-0.019379,0.0018311,-0.0038007,0.00061035,2.5021,4.9771,0.00061035
-0.018616,0.0041199,-0.0042758,0.0019836,2.5006,4.9777,0.00061035
-0.02121,0.0036621,-0.0047509,-0.00015259,2.5012,4.978,0.00030518
-0.022583,0.00076294,-0.005226,-0.011139,2.5009,4.9783,-0.00030518
-0.0097656,-0.00045776,-0.0042758,-0.025177,2.5009,4.9792,-0.00061035
0.0010681,-0.00061035,-0.0042758,-0.033417,2.5009,4.9783,0
0.0027466,0.00076294,-0.0038007,-0.035248,2.5021,4.9792,-0.00030518
-0.0059509,0.0013733,-0.005226,-0.03479,2.5009,4.9789,0.00030518
-0.0065613,0.0028992,-0.0028506,-0.032349,2.5009,4.9789,-0.00030518
-0.007782,0.0050354,-0.0042758,-0.028076,2.5006,4.9789,0.00030518
0.0065613,0.0073242,-0.0047509,-0.03067,2.5012,4.9789,0.00030518
0.02594,0.007782,-0.0038007,-0.034637,2.5021,4.9789,0
0.030365,0.0056458,-0.0047509,-0.0383,2.5015,4.9789,0.00030518
0.024872,0.0045776,-0.0042758,-0.041199,2.5018,4.9783,0
0.026855,0.0053406,-0.0047509,-0.041809,2.5012,4.9792,0.00061035
0.024414,0.0062561,-0.0042758,-0.038605,2.5012,4.9789,-0.00030518
0.022278,0.004425,-0.005226,-0.034943,2.5006,4.9783,0
0.013123,0.0021362,-0.0038007,-0.027466,2.5018,4.9783,0.00030518
0.010223,0.0015259,-0.0038007,-0.020599,2.5009,4.9789,0.00030518
0.0038147,0.0016785,-0.0038007,-0.017853,2.5012,4.9786,0
0.002594,0.004425,-0.0033257,-0.019684,2.5021,4.978,0
0.011139,0.0048828,-0.005226,-0.016479,2.5009,4.9786,0
0.018158,0.0028992,-0.0042758,-0.014191,2.5012,4.9786,0.00061035
0.013733,0.00091553,-0.0047509,-0.010529,2.5015,4.9786,-0.00030518
0.0059509,-0.0016785,-0.0042758,-0.0062561,2.5012,4.9786,0
0.0028992,-0.0015259,-0.0042758,-0.0074768,2.5015,4.9789,-0.00030518
0.0010681,-0.00076294,-0.0038007,-0.010223,2.5015,4.9792,0
0.005188,-0.0018311,-0.0042758,-0.016937,2.5009,4.9792,0.00030518
0.02533,-0.0067139,-0.005226,-0.029602,2.5009,4.9786,0
0.054474,-0.0083923,-0.0042758,-0.037079,2.5012,4.9789,-0.00061035
0.064697,-0.0071716,-0.0042758,-0.039215,2.5012,4.9789,0.00061035
0.02121,-0.0032043,-0.0042758,-0.039368,2.5021,4.9786,0
-0.010681,-0.00015259,-0.0042758,-0.039368,2.5015,4.9789,-0.00061035
-0.0068665,0.0027466,-0.0047509,-0.035553,2.5009,4.9792,0.00030518
0.0036621,0.0048828,-0.0042758,-0.030975,2.5009,4.9808,0.00061035
0.0079346,0.0064087,-0.0042758,-0.033417,2.5012,4.9799,0.00030518
0.0041199,0.0064087,-0.0042758,-0.035248,2.5015,4.9792,0.00030518
-0.00076294,0.0041199,-0.0042758,-0.031128,2.5018,4.9786,-0.00091553
0.0033569,-0.00030518,-0.0042758,-0.026245,2.5018,4.9783,0.00030518
0.0028992,0.00015259,-0.005226,-0.02655,2.5012,4.9786,0
0.0059509,0.0022888,-0.0047509,-0.028839,2.5006,4.9792,0
0.0065613,0.0027466,-0.0042758,-0.027771,2.5009,4.9792,0.00030518
0.0074768,0.0028992,-0.0038007,-0.023346,2.5015,4.9786,0.00030518
0.013885,0.0053406,-0.0042758,-0.01709,2.5015,4.9792,-0.00061035
0.016479,0.0086975,-0.005226,-0.016937,2.5003,4.9792,0
0.016022,0.0085449,-0.0038007,-0.017548,2.5021,4.9789,0
0.021515,0.0047302,-0.0047509,-0.016022,2.5015,4.9786,0.00061035
0.015869,0.0021362,-0.0038007,-0.014191,2.5012,4.9789,0.00061035
0.0086975,0.0047302,-0.005701,-0.0086975,2.5024,4.9792,0
0.0038147,0.0033569,-0.0042758,-0.0042725,2.5018,4.9789,0.00030518
0.017853,0.0022888,-0.0038007,-0.0019836,2.5015,4.9786,0
0.024261,0.0018311,-0.0038007,-0.0027466,2.5015,4.9796,0.00030518
0.0036621,0.0016785,-0.0047509,-0.0036621,2.5,4.9792,0
-0.0094604,0.00076294,-0.0042758,-0.0054932,2.5015,4.9783,0
-0.0083923,-0.00045776,-0.0047509,-0.0013733,2.5012,4.9796,-0.00061035
-0.002594,-0.0016785,-0.005226,0.0061035,2.5015,4.9786,0.00030518
-0.0012207,-0.0027466,-0.0047509,0.011597,2.5021,4.9783,-0.00061035
0.00030518,-0.0019836,-0.0047509,0.011444,2.5021,4.9783,0.00030518
0.029144,-0.0021362,-0.0042758,0.0036621,2.5018,4.9783,-0.00030518
0.029144,-0.0048828,-0.0042758,-0.0015259,2.5012,4.9786,0
0.0024414,-0.0076294,-0.0033257,0.0036621,2.5012,4.9786,0
-0.014648,-0.010223,-0.0033257,0.0083923,2.5015,4.9786,-0.00030518
-0.01236,-0.012512,-0.0042758,0.0062561,2.5018,4.9796,0
-0.007782,-0.010223,-0.0047509,0.0024414,2.5015,4.9792,-0.00030518
-0.009613,-0.0085449,-0.0042758,-0.0032043,2.5015,4.9792,0.00061035
-0.0074768,-0.0091553,-0.0033257,-0.0079346,2.5015,4.978,-0.00091553
0.0050354,-0.0090027,-0.0042758,-0.0088501,2.5012,4.9789,0
0.0042725,-0.0094604,-0.005226,-0.0094604,2.5006,4.9783,-0.00030518
0,-0.0091553,-0.0047509,-0.0085449,2.5021,4.9796,0
-0.0094604,-0.0083923,-0.005226,-0.0061035,2.5021,4.9789,-0.00061035
-0.011597,-0.0083923,-0.0047509,-0.0050354,2.5021,4.9783,0
-0.011139,-0.005188,-0.0047509,-0.00030518,2.5012,4.9774,-0.00061035
-0.010223,-0.0038147,-0.0047509,0.0012207,2.5018,4.978,0.00030518
-0.0035095,-0.002594,-0.0038007,-0.0080872,2.5009,4.978,0.00030518
0.0056458,-0.0032043,-0.0038007,-0.020599,2.5015,4.9783,0.00030518
0.0074768,-0.0028992,-0.0042758,-0.022736,2.5006,4.9774,0.00061035
0.0050354,-0.0033569,-0.0047509,-0.014801,2.5018,4.978,0
0.0012207,-0.0019836,-0.0042758,-0.0093079,2.5,4.9771,0.00030518
0.011444,-0.0021362,-0.0038007,-0.011902,2.5021,4.9774,0.00030518
0.0061035,-0.0027466,-0.005226,-0.0097656,2.5003,4.978,-0.00061035
-0.0074768,-0.0016785,-0.0047509,-0.0021362,2.5012,4.978,-0.00030518
-0.0097656,-0.0022888,-0.0038007,0.0027466,2.5018,4.9783,-0.00030518
-0.00030518,-0.0028992,-0.0038007,0.0035095,2.5012,4.9777,-0.00061035
0.011749,-0.0018311,-0.0047509,0.0018311,2.5012,4.9792,0.00030518
0.01358,0.0013733,-0.0047509,-0.0021362,2.5,4.9796,0.00061035
0.0045776,0.0022888,-0.0042758,0.00091553,2.5015,4.9789,-0.00030518
-0.0093079,0.0024414,-0.0038007,0.0065613,2.5012,4.9792,-0.00061035
-0.016174,0.0030518,-0.005226,0.0083923,2.5012,4.9792,0
-0.007782,0.0039673,-0.0042758,0.010223,2.5021,4.978,-0.00061035
-0.011749,0.002594,-0.005226,0.0080872,2.5015,4.9789,0.00030518
-0.018463,0.0032043,-0.0047509,0.0082397,2.5009,4.9792,0
-0.017395,0.0016785,-0.005226,0.01297,2.5006,4.9783,-0.00061035
-0.013733,-0.0013733,-0.0042758,0.0099182,2.5006,4.9789,0
-0.012207,-0.00030518,-0.005226,0.0047302,2.5006,4.9792,-0.00030518
-0.010986,0,-0.0047509,0.0028992,2.5018,4.9786,0
-0.0057983,-0.0016785,-0.0047509,0.0016785,2.5021,4.9783,0
0.00030518,-0.0013733,-0.0042758,-0.0071716,2.5009,4.9789,0.00061035
0.0030518,0.0015259,-0.0042758,-0.016327,2.5009,4.9786,0.00030518
0.007782,0.0033569,-0.0047509,-0.019531,2.5006,4.9789,0
0.0093079,0.0056458,-0.0047509,-0.012817,2.5021,4.9792,0
0.0088501,0.0074768,-0.0042758,-0.0057983,2.5021,4.9792,0.00030518
0.00091553,0.0090027,-0.0047509,0,2.5021,4.978,-0.00061035
-0.0027466,0.0079346,-0.0042758,0.00015259,2.5018,4.9799,0
0.0093079,0.0028992,-0.0047509,-0.0062561,2.5012,4.9789,-0.00030518
0.023956,0.0013733,-0.0038007,-0.0080872,2.5009,4.9783,0.00030518
0.0094604,0.0039673,-0.005226,-0.0038147,2.5012,4.9786,0
-0.002594,0.0059509,-0.0042758,-0.0042725,2.5003,4.9792,0
-0.0016785,0.0027466,-0.005226,-0.012207,2.5018,4.9789,0.00091553
0.0038147,-0.00015259,-0.0047509,-0.018768,2.5018,4.9786,-0.00061035
-0.0033569,-0.00045776,-0.0047509,-0.018158,2.5003,4.9789,-0.00030518
-0.011292,-0.0018311,-0.0042758,-0.013733,2.5012,4.9789,0.00030518
-0.012512,-0.0038147,-0.005226,-0.0086975,2.5006,4.9792,0.00061035
-0.0022888,-0.0053406,-0.0047509,-0.0074768,2.5006,4.9789,0.00061035
0.011444,-0.0054932,-0.005226,-0.0062561,2.5015,4.9786,0.00030518
0.02121,-0.0033569,-0.0033257,-0.004425,2.5009,4.9799,0
0.014038,-0.0010681,-0.005226,0.0019836,2.5006,4.9799,0.00030518
-0.0021362,-0.00076294,-0.0042758,0.0091553,2.5009,4.9789,0.00030518
-0.015869,-0.00045776,-0.0042758,0.014648,2.5015,4.9777,0.00030518
-0.016327,0.00076294,-0.0047509,0.017395,2.5015,4.978,-0.00061035
-0.0177,0,-0.0042758,0.016174,2.5012,4.9789,0.00030518
-0.021973,-0.00030518,-0.0061761,0.018463,2.5012,4.9796,0.00030518
-0.024109,-0.0016785,-0.0038007,0.023041,2.5006,4.9789,0.00061035
-0.024109,-0.0028992,-0.0042758,0.021973,2.5012,4.9792,0.00061035
-0.023651,-0.0039673,-0.0047509,0.018463,2.5015,4.9777,-0.00030518
-0.021362,-0.0050354,-0.005226,0.02533,2.5015,4.9789,0.00030518
-0.023346,-0.004425,-0.0047509,0.031433,2.5003,4.9786,-0.00030518
-0.025787,-0.0019836,-0.0038007,0.034637,2.5015,4.9792,0
-0.02655,-0.0033569,-0.0047509,0.035248,2.5021,4.9789,0.00030518
-0.018158,-0.0062561,-0.0038007,0.037689,2.5009,4.9789,0.00030518
-0.029144,-0.0073242,-0.0042758,0.041504,2.5018,4.9789,0
-0.036774,-0.0080872,-0.0047509,0.042572,2.5015,4.9792,0.00030518
-0.018158,-0.0093079,-0.0028506,0.041962,2.5015,4.9796,0.00061035
-0.015869,-0.0090027,-0.0047509,0.044098,2.5012,4.9786,-0.00061035
-0.022125,-0.0059509,-0.0047509,0.050201,2.5012,4.9792,-0.00061035
-0.029755,-0.0038147,-0.0038007,0.053101,2.5006,4.9792,0
-0.036926,-0.0042725,-0.0038007,0.048676,2.5009,4.9789,0.00030518
-0.04715,-0.0038147,-0.0047509,0.045471,2.5012,4.9786,0
-0.049286,-0.0032043,-0.005226,0.03952,2.5012,4.9771,0
-0.035706,-0.0054932,-0.0038007,0.031281,2.5018,4.9789,0
-0.026093,-0.0057983,-0.005701,0.030365,2.5006,4.9789,0.00030518
-0.028076,-0.0019836,-0.0023755,0.028992,2.5012,4.9789,0.00030518
-0.026093,0.0010681,-0.0042758,0.02594,2.5009,4.9789,0.00030518
-0.026245,0.0028992,-0.0047509,0.026245,2.5009,4.9789,-0.00030518
-0.026703,0.0038147,-0.0047509,0.026245,2.5021,4.9786,0.00030518
-0.022583,0.002594,-0.005226,0.027313,2.5021,4.9811,0.00030518
-0.012665,0.0035095,-0.005226,0.031738,2.5009,4.9789,0.00030518
-0.010681,0.002594,-0.0038007,0.0354,2.5024,4.9789,-0.00061035
-0.02182,0.0019836,-0.005226,0.036926,2.5015,4.9789,0
-0.013123,0.0054932,-0.0038007,0.033112,2.5009,4.9792,-0.00030518
-0.00076294,0.0080872,-0.0042758,0.029449,2.5012,4.9783,0.00091553
0.00015259,0.0050354,-0.0042758,0.03067,2.5009,4.9783,-0.00061035
-0.0038147,0.0018311,-0.0038007,0.033722,2.5015,4.978,0.00030518
-0.00091553,-0.00015259,-0.0042758,0.028076,2.5018,4.9786,0
0.0032043,-0.00045776,-0.0047509,0.020752,2.4997,4.978,0
0.004425,-0.00061035,-0.0033257,0.019684,2.5009,4.978,0.00030518
0.0016785,-0.00091553,-0.0042758,0.022888,2.5015,4.9771,0.00030518
-0.00030518,-0.00030518,-0.0047509,0.027008,2.5015,4.978,0
-0.0036621,0.00076294,-0.0047509,0.028839,2.5018,4.9768,0.00030518
0.0012207,-0.0010681,-0.0047509,0.027771,2.5018,4.9768,-0.00030518
0.01236,0.0012207,-0.0042758,0.018616,2.5009,4.9771,-0.00061035
0.020599,0.0021362,-0.0028506,0.0068665,2.5006,4.9774,0.00061035
0.0033569,0.0030518,-0.005226,0.0094604,2.5021,4.9777,0
-0.010223,0.0027466,-0.0047509,0.019684,2.5018,4.978,0.00030518
0.0016785,0.0016785,-0.0042758,0.020905,2.5012,4.9792,0
0.01236,0.0032043,-0.005226,0.016632,2.5015,4.978,0.00061035
0.0041199,0.0028992,-0.0038007,0.022736,2.5018,4.9792,0
-0.007782,0.0047302,-0.0042758,0.031738,2.5006,4.9786,-0.00061035
-0.010986,0.0065613,-0.0047509,0.028381,2.5006,4.9789,0.00030518
0.0065613,0.0065613,-0.005226,0.02243,2.5009,4.9792,0.00030518
0.010071,0.0057983,-0.0042758,0.0177,2.5021,4.9786,0.00030518
0.0079346,0.0048828,-0.0042758,0.014648,2.5027,4.9792,0.00030518
0.007019,0.0057983,-0.005701,0.0094604,2.5018,4.9786,-0.00030518
-0.0022888,0.0024414,-0.0042758,0.0083923,2.5018,4.978,0
-0.010223,0.0013733,-0.0042758,0.012054,2.5015,4.9789,0
-0.00045776,0.0012207,-0.0042758,0.013428,2.5009,4.9786,0.00030518
0.015106,-0.00045776,-0.0047509,0.013275,2.5003,4.9799,0
0.018311,0.00091553,-0.0047509,0.0091553,2.5015,4.9792,-0.00091553
0.014648,0.0057983,-0.0042758,0.007782,2.5027,4.9786,0
0.023041,0.0082397,-0.0047509,0.0097656,2.5018,4.9783,0.00061035
0.014496,0.0065613,-0.0042758,0.010986,2.5021,4.9792,0
0.0065613,0.0021362,-0.0042758,0.015717,2.5003,4.9789,0
0.0053406,0.0015259,-0.0042758,0.016632,2.5009,4.9792,0
-0.0030518,0.0028992,-0.005226,0.016632,2.5006,4.9789,0.00030518
-0.016479,0.0013733,-0.0047509,0.015259,2.5012,4.9786,-0.00061035
-0.022125,0.0010681,-0.0042758,0.014954,2.5015,4.9783,0
-0.021515,0.0028992,-0.005226,0.018921,2.5009,4.9792,-0.00061035
-0.021362,0.0035095,-0.005226,0.027008,2.5009,4.9792,-0.00030518
-0.019073,0.0041199,-0.005226,0.029602,2.5009,4.9792,-0.00030518
-0.0057983,0.0016785,-0.0042758,0.025482,2.5003,4.9786,0.00030518
0.00076294,-0.00015259,-0.0042758,0.02182,2.5024,4.9792,0.00030518
-0.0071716,-0.00061035,-0.0042758,0.023499,2.5021,4.9796,0.00030518
-0.020905,0.0016785,-0.005226,0.027161,2.5015,4.9796,0
-0.024261,0.0036621,-0.0047509,0.029144,2.5015,4.9786,0.00030518
-0.016022,0.0032043,-0.0047509,0.023956,2.5003,4.9783,0.00030518
-0.0097656,0.0021362,-0.0047509,0.018616,2.5009,4.9799,0.00030518
-0.0097656,0.00045776,-0.0042758,0.015259,2.5015,4.9792,-0.00030518
-0.0079346,-0.0016785,-0.0047509,0.014954,2.5015,4.9792,0.00030518
-0.0085449,-0.0030518,-0.0047509,0.015411,2.5012,4.9777,0
0.005188,-0.0033569,-0.0042758,0.013885,2.5012,4.9786,0.00030518
0.011749,-0.0032043,-0.0038007,0.015717,2.5,4.9796,0.00030518
0.0065613,-0.0041199,-0.0038007,0.018005,2.5012,4.9789,-0.00091553
-0.0042725,-0.0065613,-0.0042758,0.016785,2.5012,4.9786,-0.00061035
-0.016174,-0.007782,-0.0042758,0.015411,2.5018,4.9786,-0.00061035
-0.015869,-0.0068665,-0.0047509,0.0177,2.5024,4.9796,0
-0.0061035,-0.0045776,-0.0047509,0.017242,2.5015,4.9786,0
0.0010681,-0.0033569,-0.0047509,0.015106,2.5018,4.9789,0.00030518
0.0036621,-0.0016785,-0.0047509,0.016327,2.5015,4.9786,0
-0.0048828,0.00015259,-0.005701,0.017548,2.5018,4.9789,0.00061035
-0.0036621,0.0041199,-0.0042758,0.013275,2.5015,4.9792,0.00030518
-0.0036621,0.0050354,-0.0047509,0.0082397,2.5018,4.9792,-0.00030518
-0.0082397,0.0032043,-0.005701,0.0064087,2.5009,4.9786,0.00030518
-0.013275,0.00076294,-0.0038007,0.009613,2.5018,4.9792,0
0.0016785,-0.00061035,-0.0042758,0.011444,2.5006,4.9789,0.00030518
0.01709,0.00045776,-0.0047509,0.013885,2.5006,4.9796,0
0.021057,0.0013733,-0.0042758,0.01709,2.5009,4.9792,0
0,0.0041199,-0.0042758,0.017395,2.5012,4.9799,0
-0.018616,0.0047302,-0.0047509,0.018311,2.5015,4.9792,0
-0.025024,0.0032043,-0.0042758,0.016937,2.5009,4.9783,0.00030518
-0.01358,0.0019836,-0.0042758,0.01358,2.5012,4.978,0.00061035
-0.00091553,0.0018311,-0.0042758,0.011902,2.5015,4.9789,0.00030518
0.00045776,0.0016785,-0.0047509,0.0094604,2.5012,4.9796,0.00030518
0,0.0015259,-0.0042758,0.0035095,2.5006,4.9783,-0.00030518
0.007782,0.00091553,-0.005701,0,2.5018,4.9796,0.00030518
-0.0041199,-0.00045776,-0.0047509,0.0028992,2.5009,4.9796,0
-0.016327,-0.0032043,-0.0047509,0.007782,2.5009,4.9786,0
-0.016327,-0.0047302,-0.0047509,0.01236,2.5009,4.9789,0
-0.017548,-0.0053406,-0.0038007,0.012817,2.5009,4.9792,-0.00030518
-0.011292,-0.0067139,-0.005226,0.0074768,2.5012,4.9789,-0.00030518
0.0033569,-0.0076294,-0.0042758,0.0061035,2.5018,4.9792,0.00030518
0.0090027,-0.005188,-0.0033257,0.0094604,2.5006,4.9783,0.00061035
0.0067139,-0.0035095,-0.005226,0.011139,2.5009,4.9783,0
-0.0022888,-0.004425,-0.005226,0.009613,2.5009,4.9774,-0.00061035
-0.0035095,-0.0016785,-0.0042758,0.0079346,2.5018,4.9786,-0.00030518
0.0022888,-0.00015259,-0.0042758,0.0071716,2.5021,4.978,0.00030518
0.0071716,0.00076294,-0.0028506,0.00061035,2.5018,4.9783,0
0.0048828,0.0016785,-0.0047509,-0.0012207,2.5006,4.9783,0.00061035
0.0013733,0.0015259,-0.0042758,0.0033569,2.5006,4.978,0.00061035
-0.0079346,0.0019836,-0.0047509,0.011444,2.5015,4.9774,0
-0.016632,0.0027466,-0.0028506,0.018921,2.5015,4.9774,0
-0.026245,0.0033569,-0.0038007,0.023193,2.5015,4.9777,0.00030518
-0.024567,0.0053406,-0.0047509,0.020752,2.5009,4.9774,0.00030518
-0.019379,0.010223,-0.005226,0.018158,2.5018,4.9777,-0.00061035
-0.025482,0.011139,-0.005226,0.018463,2.5006,4.9783,0
-0.034637,0.0068665,-0.0047509,0.016937,2.5009,4.978,0.00061035
-0.03006,0.005188,-0.0042758,0.015869,2.5006,4.9789,0
-0.026398,0.0054932,-0.0042758,0.018921,2.5012,4.9789,0.00030518
-0.02594,0.0064087,-0.0042758,0.025024,2.5021,4.9799,0
-0.023499,0.0053406,-0.0038007,0.025482,2.5015,4.9783,0.00030518
-0.0093079,0.0056458,-0.0042758,0.018616,2.5009,4.9783,0.00061035
-0.0038147,0.0053406,-0.005701,0.010681,2.5012,4.9792,0
-0.011902,0.0032043,-0.0042758,0.007782,2.5012,4.9792,-0.00030518
-0.0097656,0.0024414,-0.0033257,0.0059509,2.5012,4.9786,0.00030518
-0.0068665,0.0019836,-0.0042758,0.002594,2.5015,4.9792,0.00030518
-0.0013733,0.00076294,-0.0047509,-0.0033569,2.5021,4.9792,0.00030518
0.0018311,0.00091553,-0.005226,-0.0012207,2.5006,4.9783,-0.00030518
-0.0064087,-0.00091553,-0.005226,0.0068665,2.5009,4.9792,0
-0.017395,-0.0027466,-0.0042758,0.014801,2.5009,4.978,0
-0.025482,-0.0027466,-0.0042758,0.015259,2.5009,4.9783,0
-0.019073,-0.0035095,-0.0042758,0.010376,2.5006,4.9786,0.00091553
-0.014648,-0.0042725,-0.0061761,0.0068665,2.5012,4.978,-0.00061035
-0.0177,-0.0039673,-0.0038007,0.0042725,2.5015,4.9792,0
-0.01297,-0.0039673,-0.0042758,-0.00061035,2.5015,4.9789,0.00030518
-0.0032043,-0.0053406,-0.0042758,-0.0047302,2.5006,4.9786,0
0.0039673,-0.004425,-0.005226,-0.0083923,2.5012,4.9792,-0.00061035
0.012512,-0.0010681,-0.005226,-0.0093079,2.5021,4.9796,0.00061035
0.019379,0,-0.0047509,-0.0082397,2.5009,4.9792,0.00030518
0.017853,-0.0024414,-0.005226,-0.0067139,2.5009,4.9786,0.00030518
0.007019,-0.0050354,-0.0047509,-0.0045776,2.5012,4.9786,0.00030518
0.013123,-0.0013733,-0.0047509,0.00045776,2.5006,4.9792,0.00061035
0.017242,0.0022888,-0.005226,0.0068665,2.5012,4.9792,-0.00030518
0.014038,0.0010681,-0.0047509,0.010681,2.5009,4.9796,0.00030518
0.010376,-0.00015259,-0.0028506,0.010529,2.5012,4.9796,0
0.012512,-0.00091553,-0.0047509,0.0056458,2.5009,4.9792,0
0.017242,0.00076294,-0.0038007,-0.0022888,2.5009,4.9796,0.00030518
0.018768,0.0013733,-0.0047509,-0.007782,2.5009,4.9796,0.00030518
0.023346,0.00061035,-0.0047509,-0.0082397,2.5009,4.9786,0.00030518
0.01709,-0.00030518,-0.0047509,-0.0080872,2.5018,4.9789,0.00030518
0.0033569,-0.0018311,-0.0047509,-0.0093079,2.5018,4.9774,0.00030518
0.007019,-0.0015259,-0.0047509,-0.0068665,2.5012,4.978,0
0.0074768,-0.0021362,-0.0038007,-0.0056458,2.5012,4.9783,0.00030518
0.0030518,-0.0041199,-0.0042758,-0.0059509,2.5024,4.9789,0
0.0041199,-0.0024414,-0.0033257,-0.0067139,2.5018,4.9796,0.00030518
0.007019,0,-0.0047509,-0.0059509,2.5009,4.9792,0
0.0086975,0.0012207,-0.0047509,-0.0059509,2.5009,4.9786,0
0.0073242,0.00045776,-0.0047509,-0.0050354,2.5024,4.9805,-0.00061035
0.013428,-0.00045776,-0.0042758,-0.0024414,2.5015,4.9786,0.00030518
0.023041,0.0016785,-0.0042758,-0.0041199,2.5012,4.9792,0
-0.0047302,0.0048828,-0.0047509,-0.0022888,2.5012,4.9792,-0.00091553
-0.033417,0.0036621,-0.0047509,0.0035095,2.5018,4.9792,-0.00030518
-0.049133,0.00091553,-0.0047509,0.0059509,2.5021,4.9792,-0.00030518
-0.033264,-0.00030518,-0.0042758,0.0065613,2.5018,4.9796,0.00030518
-0.0028992,0.0015259,-0.0047509,0.005188,2.5021,4.9796,0.00030518
0.010834,0.0035095,-0.0038007,0.0039673,2.5021,4.9796,0.00061035
0.0097656,0.0028992,-0.0038007,0.00091553,2.5009,4.9796,-0.00061035
0.004425,0.0021362,-0.0047509,-0.0032043,2.5015,4.9786,0
-0.0059509,0.0068665,-0.0042758,-0.010223,2.5012,4.9783,0
-0.0057983,0.0079346,-0.0047509,-0.016022,2.5009,4.9796,0
0.0076294,0.0059509,-0.0042758,-0.012054,2.5009,4.9789,0.00030518
0.023956,0.004425,-0.0047509,-0.0061035,2.5012,4.9783,-0.00030518
0.010223,0.0056458,-0.0042758,-0.0036621,2.5015,4.9786,0.00030518
-0.0019836,0.0062561,-0.0038007,-0.0035095,2.5,4.9792,-0.00061035
0.0053406,0.0064087,-0.0042758,-0.0042725,2.5021,4.9786,0.00030518
0.020599,0.0076294,-0.0047509,-0.005188,2.5009,4.9786,0
0.027618,0.0076294,-0.0047509,-0.0050354,2.5021,4.9789,-0.00030518
0.025482,0.0045776,-0.0047509,-0.0035095,2.5021,4.9783,0.00030518
0.016327,0.00091553,-0.0038007,-0.0033569,2.5018,4.9789,0
0.013885,-0.0015259,-0.0042758,-0.0053406,2.5012,4.9796,0
0.0099182,-0.0015259,-0.0042758,-0.0093079,2.5015,4.9796,0.00091553
0.020599,-0.0019836,-0.0042758,-0.012817,2.5009,4.9783,0
0.018768,-0.0028992,-0.005226,-0.012054,2.5015,4.9783,0.00030518
0.0090027,-0.00076294,-0.0038007,-0.0059509,2.5018,4.978,0.00030518
0.0048828,-0.0013733,-0.005226,0.0021362,2.5009,4.9783,0.00030518
0.0080872,-0.0013733,-0.0042758,0.0086975,2.5009,4.9783,0.00091553
0.016937,-0.0010681,-0.0042758,0.011749,2.5009,4.9771,0.00091553
0.014954,-0.0019836,-0.0038007,0.014038,2.5009,4.9771,0.00030518
0.0059509,-0.0013733,-0.0038007,0.019073,2.5012,4.9783,0.00030518
0.0059509,0.00015259,-0.0042758,0.019989,2.5015,4.9777,0.00030518
0.0074768,0.0012207,-0.0042758,0.021667,2.5021,4.9762,0.00030518
0.0073242,0.00061035,-0.0038007,0.024261,2.5009,4.9777,0.00061035
0.00015259,-0.00045776,-0.0042758,0.02121,2.5015,4.9774,-0.00030518
0.00061035,0.00061035,-0.0038007,0.013275,2.5006,4.9777,0
0.0068665,0.00030518,-0.0047509,0.0076294,2.5012,4.978,0
0.011597,-0.00076294,-0.0047509,0.0032043,2.5015,4.9774,0
0.019531,0.00045776,-0.0047509,-0.00061035,2.5015,4.9799,0
0.019073,-0.00015259,-0.0047509,0,2.5015,4.9789,-0.00030518
0.017548,-0.0027466,-0.0042758,0.004425,2.5012,4.9789,0.00061035
0.01297,-0.0045776,-0.0038007,0.0068665,2.5009,4.9783,0.00030518
-0.0010681,-0.002594,-0.0042758,0.010681,2.5009,4.9792,0.00030518
-0.0088501,0,-0.0038007,0.015411,2.5006,4.9786,0.00030518
-0.0080872,0.0015259,-0.0042758,0.019684,2.5015,4.9786,0.00030518
-0.0073242,-0.00061035,-0.0042758,0.022125,2.5,4.9792,-0.00061035
-0.0047302,-0.0012207,-0.0047509,0.019073,2.5012,4.9792,0.00030518
0.0067139,0.00076294,-0.0047509,0.0099182,2.5003,4.9789,0
0.007782,-0.0010681,-0.0047509,-0.00030518,2.5003,4.9792,-0.00061035
-0.0071716,-0.0024414,-0.0042758,-0.0082397,2.5018,4.9789,-0.00030518
-0.010986,-0.0041199,-0.0042758,-0.0080872,2.5018,4.9783,0.00030518
-0.0085449,-0.005188,-0.0042758,-0.0030518,2.5018,4.9789,-0.00061035
-0.013428,-0.0053406,-0.0047509,0.00015259,2.5015,4.9777,-0.00030518
-0.013123,-0.004425,-0.0047509,-0.00030518,2.5009,4.9777,-0.00030518
-0.0071716,-0.0010681,-0.0038007,-0.0028992,2.5012,4.9786,0.00030518
-0.010986,0.0021362,-0.0042758,-0.0062561,2.5015,4.9786,0.00030518
-0.020142,0.0013733,-0.0042758,-0.010376,2.5015,4.978,0.00030518
-0.029144,0.00091553,-0.0028506,-0.016327,2.5009,4.9796,0.00061035
-0.028381,0.0016785,-0.0042758,-0.014954,2.5,4.9808,0
-0.028839,-0.00061035,-0.0042758,-0.0086975,2.5012,4.9799,0.00030518
-0.036316,-0.0022888,-0.0033257,-0.0045776,2.5012,4.9789,0.00091553
-0.040588,-0.0028992,-0.0042758,-0.0047302,2.5015,4.9796,-0.00030518
-0.025024,-0.0030518,-0.0047509,-0.0036621,2.4927,4.9786,0
-0.005188,-0.0032043,-0.0042758,0.002594,2.5015,4.9792,-0.00030518
-0.013123,-0.0016785,-0.0042758,0.0065613,2.5009,4.9789,0.00030518
-0.038452,0.0015259,-0.0042758,0.010834,2.5015,4.9792,0.00030518
-0.050812,0.0036621,-0.0033257,0.015411,2.5015,4.9789,0.00091553
-0.036469,0.0054932,-0.0042758,0.012207,2.5021,4.9792,0.00061035
-0.015259,0.0065613,-0.0042758,0.0059509,2.5012,4.9786,0.00030518
-0.014343,0.0028992,-0.0047509,0.0056458,2.5015,4.9805,0
-0.023193,0.0012207,-0.0033257,0.011597,2.5015,4.9792,0
-0.033112,0.002594,-0.0042758,0.017395,2.5015,4.9786,0.00061035
-0.040131,0.0053406,-0.0033257,0.014038,2.5012,4.9783,-0.00030518
-0.027771,0.0062561,-0.0042758,0.010986,2.5009,4.9789,0
-0.039063,0.0067139,-0.0042758,0.011139,2.5003,4.9792,-0.00091553
-0.041199,0.0065613,-0.0042758,0.010681,2.5009,4.9792,-0.00030518
-0.0091553,0.0064087,-0.0047509,0.0065613,2.5006,4.9786,0
0.004425,0.0053406,-0.0033257,0.0042725,2.5021,4.9792,-0.00030518
0.02655,0.0019836,-0.0033257,0.00076294,2.5012,4.9799,0.00061035
0.040588,0.0012207,-0.0038007,-0.0016785,2.5012,4.9796,-0.00030518
0.036926,0.0018311,-0.0038007,-0.0012207,2.5012,4.9783,-0.00061035
0.021973,0.00045776,-0.005226,-0.0021362,2.5018,4.9792,0.00030518
0.0085449,-0.0016785,-0.0042758,-0.0024414,2.5009,4.9786,0
0.013275,-0.0018311,-0.0047509,0.0012207,2.5012,4.9792,0.00030518
0.0085449,-0.0010681,-0.005226,0.0067139,2.5012,4.9796,-0.00061035
0.0053406,-0.00076294,-0.005226,0.010681,2.5015,4.9802,0
0.0071716,0.00061035,-0.005226,0.011597,2.5006,4.9789,-0.00061035
0.0059509,0.0015259,-0.0042758,0.011749,2.5003,4.9799,0.00030518
0.014801,-0.00061035,-0.0042758,0.010986,2.5018,4.9789,-0.00030518
0.023651,-0.0012207,-0.005226,0.0054932,2.5024,4.9792,-0.00030518
0.020905,-0.00091553,-0.0038007,-0.0015259,2.5024,4.9792,0.00030518
0.019989,0.00076294,-0.005226,-0.0038147,2.5009,4.9789,0
0.023651,0.0013733,-0.0038007,-0.0061035,2.5009,4.9771,0.00030518
0.029602,0.0032043,-0.0047509,-0.0045776,2.5015,4.9783,0.00061035
0.012665,0.0036621,-0.0042758,0.0013733,2.5012,4.9789,0
0.0065613,0.0030518,-0.0042758,0.007019,2.5012,4.9789,0
0.027924,0.0010681,-0.005226,0.010071,2.5012,4.9783,-0.00061035
0.054474,0.00076294,-0.0047509,0.0090027,2.5009,4.9792,0.00061035
0.022736,0.0027466,-0.0047509,0.0032043,2.5024,4.9789,0.00061035
0.00091553,0.0074768,-0.0033257,-0.0028992,2.5006,4.9792,0.00061035
0.028076,0.010681,-0.0047509,-0.0061035,2.5018,4.9792,0.00030518
0.065308,0.0079346,-0.005226,-0.0054932,2.5015,4.9796,0.00030518
0.029755,0.0036621,-0.0038007,-0.0018311,2.5009,4.9783,0.00030518
0.0083923,0.0022888,-0.005701,0.0036621,2.5009,4.9789,0.00030518
0.015106,0.0015259,-0.005226,0.0039673,2.5012,4.9774,-0.00030518
0.02243,0.0015259,-0.0042758,0.0012207,2.5012,4.9783,0
0.016022,0.00076294,-0.0047509,0.00030518,2.5018,4.978,-0.00030518
0.0030518,-0.00061035,-0.0042758,0.0032043,2.5015,4.978,-0.00030518
0.00015259,-0.00091553,-0.0038007,0.0073242,2.5015,4.9777,0.00061035
0.016632,-0.0030518,-0.0042758,0.0074768,2.5015,4.9783,0
0.0041199,-0.0050354,-0.005226,0.011749,2.5009,4.9771,0.00030518
-0.020599,-0.0053406,-0.005226,0.020752,2.5012,4.9774,-0.00061035
-0.028839,-0.0042725,-0.0033257,0.030365,2.5031,4.9777,0
-0.018768,-0.0032043,-0.0047509,0.037231,2.5012,4.9771,-0.00030518
-0.013428,-0.004425,-0.0047509,0.042267,2.5006,4.9777,0.00030518
-0.0086975,-0.0042725,-0.0042758,0.040436,2.5015,4.9771,0
-0.011902,-0.007019,-0.0042758,0.030212,2.5009,4.978,-0.00030518
-0.0079346,-0.009613,-0.0042758,0.020447,2.5021,4.9771,-0.00030518
-0.0038147,-0.011597,-0.005226,0.014648,2.5012,4.978,-0.00061035
0.00091553,-0.013733,-0.0042758,0.014648,2.5015,4.9792,0
-0.011444,-0.013885,-0.0038007,0.018921,2.5012,4.9789,0
-0.017242,-0.010834,-0.0038007,0.018158,2.5009,4.9786,0.00030518
-0.019226,-0.0048828,-0.0042758,0.011902,2.5012,4.9786,0.00061035
-0.0065613,-0.00030518,-0.0042758,0.007782,2.5018,4.9789,0
-0.0068665,0.0050354,-0.0042758,0.012054,2.5009,4.9796,0
-0.011292,0.0082397,-0.0038007,0.016327,2.5024,4.9789,0
-0.019226,0.0094604,-0.0038007,0.016632,2.5018,4.9786,-0.00061035
-0.0030518,0.011749,-0.0047509,0.012512,2.5012,4.9799,0.00061035
0.014496,0.016174,-0.0042758,0.0079346,2.5024,4.9796,-0.00030518
0.0018311,0.01297,-0.0047509,0.0022888,2.5012,4.9786,0.00061035
-0.01358,0.007782,-0.0038007,0.00061035,2.5015,4.9789,0.00030518
-0.0086975,0.0050354,-0.0042758,0.0027466,2.5018,4.9783,-0.00061035
0.004425,0.0041199,-0.0042758,0.0013733,2.5021,4.9774,-0.00091553
0.0091553,0.0038147,-0.0047509,-0.0021362,2.5009,4.9786,0
0.00091553,0.0039673,-0.0047509,0.00045776,2.5015,4.9789,0.00061035
-0.0065613,0.0039673,-0.005226,0.0033569,2.5009,4.9786,0
-0.002594,0.0039673,-0.005226,0.0062561,2.5009,4.9786,0.00030518
0.00030518,0.0039673,-0.0047509,0.010223,2.5015,4.9783,0.00030518
-0.004425,0.0030518,-0.0047509,0.011902,2.5018,4.9783,-0.00030518
-0.0047302,0.00076294,-0.005226,0.0062561,2.5015,4.9792,0
0.0030518,-0.0041199,-0.0047509,0.00030518,2.5012,4.9789,-0.00030518
0.01358,-0.007019,-0.0047509,-0.002594,2.5015,4.9786,0.00030518
0.014648,-0.0076294,-0.005226,-0.0041199,2.5012,4.9792,0.00030518
0.019684,-0.0068665,-0.0028506,-0.0015259,2.5012,4.9799,0.00030518
0.009613,-0.004425,-0.005226,-0.00030518,2.5012,4.9789,0
0.014191,-0.0035095,-0.005226,0.0027466,2.5012,4.9789,0.00030518
0.01297,-0.00061035,-0.0042758,0.0050354,2.5003,4.9808,0.00030518
0.0050354,0.00030518,-0.0042758,0.0013733,2.5018,4.9789,0.00030518
0.0028992,-0.0018311,-0.0042758,-0.0085449,2.5015,4.9792,-0.00030518
0.032806,-0.00030518,-0.0038007,-0.014496,2.5021,4.9789,0.00061035
0.030365,-0.00015259,-0.0047509,-0.013428,2.5015,4.9789,-0.00091553
-0.0042725,-0.0021362,-0.0047509,-0.0094604,2.5018,4.9783,-0.00061035
-0.018311,-0.0028992,-0.0042758,-0.0050354,2.5009,4.9777,0.00030518
-0.0045776,-0.0041199,-0.0042758,-0.0019836,2.5012,4.9786,-0.00030518
-0.0047302,-0.0048828,-0.0042758,-0.0028992,2.5018,4.9786,0.00030518
0.0045776,-0.004425,-0.0042758,-0.0024414,2.5021,4.9789,-0.00030518
0.026093,-0.0045776,-0.0042758,-0.0019836,2.5015,4.9786,0.00030518
0.018921,-0.0048828,-0.0042758,-0.005188,2.5018,4.9789,0.00030518
0.0080872,-0.0054932,-0.0042758,-0.0035095,2.5018,4.9792,-0.00091553
0.0027466,-0.0053406,-0.0042758,0.00061035,2.5012,4.9786,0
0.0056458,0.0018311,-0.0042758,-0.0021362,2.5015,4.9786,0.00061035
0.010223,0.0073242,-0.005226,-0.0053406,2.5009,4.9783,0.00030518
-0.0030518,0.0091553,-0.0042758,-0.005188,2.5024,4.9783,-0.00030518
0.029144,0.011749,-0.0042758,-0.010223,2.5024,4.9796,0.00061035
0.043945,0.014954,-0.0047509,-0.011902,2.5009,4.9792,0.00030518
0.051422,0.012817,-0.0038007,-0.0097656,2.5009,4.9789,0
0.019531,0.0086975,-0.0047509,-0.0032043,2.5015,4.9796,0.00030518
-0.0061035,0.0057983,-0.0042758,0.002594,2.5012,4.9783,0.00091553
0.031433,0.0045776,-0.0042758,0.00045776,2.5024,4.9792,-0.00030518
0.052948,0.0056458,-0.0033257,-0.0053406,2.5015,4.9789,0.00030518
0.017548,0.0064087,-0.005226,-0.0064087,2.5024,4.9792,0.00030518
-0.0080872,0.0054932,-0.0047509,-0.00061035,2.5009,4.9786,0.00030518
0.021973,0.00076294,-0.0038007,0.0033569,2.5021,4.9774,0
0.054779,-0.0010681,-0.0042758,-0.00091553,2.5009,4.9786,0
0.043335,0.00045776,-0.005226,-0.0039673,2.5009,4.9789,0
0.004425,0.0028992,-0.0038007,0.0010681,2.5027,4.9789,-0.00030518
-0.021973,0.0028992,-0.0042758,0.0045776,2.5018,4.9792,0.00030518
-0.0068665,-0.00045776,-0.0028506,0.0036621,2.5015,4.9792,0.00030518
0.026093,-0.0050354,-0.0042758,0.0032043,2.5006,4.9792,-0.00061035
0.016479,-0.0048828,-0.0047509,0.0010681,2.5009,4.9789,-0.00030518
0.010223,0,-0.0042758,0.00045776,2.5015,4.9792,0.00030518
0.0012207,0.0041199,-0.0047509,0.0028992,2.5003,4.9799,0.00061035
0.007782,0.005188,-0.0042758,0.0033569,2.5015,4.9792,0.00030518
0.031738,0.0045776,-0.0047509,0.0018311,2.5015,4.9789,-0.00030518
-0.0028992,0.0053406,-0.0047509,0.0053406,2.5015,4.9783,0
-0.013275,0.0048828,-0.0047509,0.010223,2.5012,4.9783,-0.00061035
-0.024567,0.0045776,-0.0038007,0.014954,2.5015,4.9783,-0.00030518
-0.039978,0.0030518,-0.0042758,0.018158,2.5018,4.9774,0.00030518
-0.043793,0.0010681,-0.0042758,0.018158,2.5018,4.9786,0.00030518
-0.0354,0.00091553,-0.0047509,0.015717,2.5027,4.9774,0.00030518
-0.026855,0.0013733,-0.005226,0.015106,2.5003,4.9783,-0.00091553
-0.022278,0.0030518,-0.0042758,0.01709,2.5018,4.9789,0
-0.01709,0.002594,-0.0042758,0.016327,2.5006,4.9768,0
-0.013275,0.00076294,-0.0047509,0.011139,2.5015,4.9771,0.00091553
-0.019226,-0.00030518,-0.0047509,0.0074768,2.5018,4.9774,0
-0.032806,-0.00030518,-0.0047509,0.011597,2.5012,4.978,0.00030518
-0.037842,-0.0018311,-0.005226,0.01358,2.5012,4.9771,-0.00061035
-0.035553,-0.00045776,-0.0047509,0.0067139,2.5015,4.9774,0
-0.02533,0.0024414,-0.0042758,0.00045776,2.5012,4.9792,0
-0.0177,0.0012207,-0.0047509,-0.00030518,2.5015,4.9783,0.00030518
-0.023499,0.00091553,-0.005226,0.0013733,2.5003,4.9789,0.00030518
-0.025482,0.00015259,-0.0042758,0.0024414,2.5015,4.9789,0.00061035
-0.02533,0.00061035,-0.0047509,0.0015259,2.5006,4.9796,-0.00030518
-0.020905,0.00061035,-0.0047509,0.0038147,2.5015,4.9786,-0.00030518
-0.024872,0.00091553,-0.0042758,0.0056458,2.5003,4.9792,-0.00030518
-0.029144,0.0015259,-0.0047509,-0.0012207,2.5012,4.9783,0.00030518
-0.027924,0.0016785,-0.0042758,-0.012817,2.5009,4.9792,-0.00061035
-0.024872,0.00045776,-0.0047509,-0.019989,2.5018,4.9792,0.00030518
-0.011749,-0.002594,-0.0042758,-0.019073,2.5012,4.9805,0.00030518
-0.0019836,-0.0024414,-0.0047509,-0.011749,2.5015,4.9802,0.00030518
-0.0041199,0.0013733,-0.0047509,-0.0086975,2.5015,4.9783,-0.00061035
-0.0021362,0.0033569,-0.0042758,-0.0053406,2.5009,4.9792,0
0.0053406,0.0021362,-0.0042758,0.00030518,2.5015,4.978,0.00030518
0.021515,0.0022888,-0.0047509,-0.00030518,2.5015,4.9786,0
0.028687,0.00015259,-0.0047509,-0.00091553,2.5018,4.9786,-0.00030518
-0.00015259,-0.0024414,-0.005226,0.0032043,2.5018,4.9802,-0.00030518
-0.022888,-0.0042725,-0.0042758,0.0085449,2.5012,4.9792,-0.00061035
-0.01236,-0.010529,-0.0042758,0.010376,2.5012,4.9799,0.00030518
-0.0024414,-0.018768,-0.005226,0.015411,2.5024,4.9786,-0.00061035
-0.0028992,-0.022888,-0.0042758,0.018463,2.5006,4.9786,0.00061035
0.004425,-0.02182,-0.0047509,0.0073242,2.5009,4.9789,-0.00030518
0.011292,-0.015259,-0.005701,-0.0042725,2.5009,4.9786,0
0.016174,-0.0091553,-0.0047509,-0.01297,2.5018,4.9796,0
0.011139,-0.005188,-0.0033257,-0.018921,2.5009,4.9786,0.00091553
0.0047302,0.0012207,-0.0042758,-0.013885,2.5006,4.9789,-0.00030518
0.024414,0.0068665,-0.005226,-0.0032043,2.5009,4.9796,-0.00061035
0.03418,0.0076294,-0.0047509,0.0082397,2.5027,4.9789,-0.00061035
0.0090027,0.0083923,-0.0042758,0.0099182,2.5015,4.9792,0.00061035
-0.02121,0.0088501,-0.0042758,0.0028992,2.5012,4.9799,0
-0.030975,0.0091553,-0.0042758,-0.0015259,2.5015,4.9789,0.00030518
-0.030212,0.007782,-0.0042758,0.0028992,2.5012,4.9802,0.00030518
-0.028992,0.0080872,-0.0047509,0.011139,2.5018,4.9799,-0.00030518
-0.030212,0.010071,-0.0033257,0.014954,2.5009,4.978,0.00061035
-0.022125,0.011139,-0.0047509,0.0088501,2.5018,4.9789,0
-0.037842,0.010529,-0.0047509,-0.0010681,2.5009,4.9796,0.00061035
-0.03479,0.0057983,-0.0038007,-0.0061035,2.5018,4.9783,-0.00030518
-0.022888,0.0015259,-0.0047509,-0.0047302,2.5,4.9789,0.00030518
-0.026855,-0.00030518,-0.0042758,0.00091553,2.5009,4.9792,0
-0.031738,0.00045776,-0.0047509,0.012207,2.5021,4.9792,0
-0.023651,0.0015259,-0.0047509,0.018158,2.5006,4.9796,0
-0.0094604,0.0016785,-0.0042758,0.0093079,2.5021,4.9786,0.00061035
-0.0082397,0.0019836,-0.005226,0.0022888,2.5006,4.9789,0
0.004425,0.0028992,-0.0047509,0.0071716,2.5012,4.9789,0.00030518
0.046844,0.0038147,-0.0038007,0.016022,2.5015,4.9786,0
0.029755,0.0054932,-0.0042758,0.021362,2.5012,4.9796,0.00030518
-0.0024414,0.0039673,-0.0042758,0.019989,2.5012,4.9796,-0.00030518
0.0028992,0.0036621,-0.0033257,0.011597,2.5015,4.9789,0.00030518
-0.0053406,0.0039673,-0.0038007,0.010071,2.5009,4.9789,0.00030518
-0.013275,0.0038147,-0.0042758,0.017853,2.5003,4.9796,0.00030518
0.019684,0.0042725,-0.0047509,0.022583,2.5015,4.9792,0
0.031281,0.0028992,-0.0047509,0.017242,2.5006,4.9783,0
0.009613,0.0019836,-0.0047509,0.0059509,2.5012,4.9786,0.00030518
0.0024414,0.00076294,-0.0042758,0.0062561,2.5009,4.978,-0.00030518
0.0083923,0.00091553,-0.0038007,0.018005,2.5018,4.978,0
0.012207,-0.0012207,-0.005226,0.023956,2.5015,4.9796,-0.00030518
0.019989,-0.0038147,-0.0038007,0.016174,2.5006,4.9777,0
0.0091553,-0.0064087,-0.005226,0.0027466,2.5006,4.9796,0.00030518
-0.0080872,-0.007782,-0.0038007,-0.0067139,2.5021,4.9786,0
0.0177,-0.0093079,-0.0047509,-0.0061035,2.5021,4.9792,-0.00030518
0.052643,-0.0088501,-0.0038007,0.0062561,2.5015,4.9789,-0.00030518
0.031586,-0.0047302,-0.0047509,0.022278,2.5009,4.9786,0
-0.016937,-0.0012207,-0.0047509,0.020599,2.5018,4.9789,0
-0.018463,0.00045776,-0.0047509,0.0079346,2.5,4.9789,-0.00061035
0.0093079,0.00061035,-0.0047509,0.00045776,2.5018,4.9789,-0.00030518
0.025787,-0.0036621,-0.005701,0.010681,2.5015,4.9777,-0.00061035
0.026245,-0.007019,-0.0047509,0.025482,2.5018,4.9783,-0.00091553
0.010071,-0.007782,-0.005226,0.028687,2.5009,4.9777,0
0.0032043,-0.010834,-0.0047509,0.029602,2.5015,4.978,0.00030518
0.015869,-0.013428,-0.0047509,0.029907,2.5012,4.9774,0
-0.01358,-0.012817,-0.0042758,0.027161,2.5012,4.9774,-0.00091553
-0.035095,-0.0074768,-0.0047509,0.020905,2.5015,4.9774,0
-0.004425,-0.005188,-0.0038007,0.016022,2.5009,4.9783,-0.00061035
0.01709,-0.0065613,-0.005701,0.02243,2.5012,4.9765,0
0.011902,-0.0039673,-0.0042758,0.030518,2.5021,4.9765,-0.00030518
0.00045776,-0.0039673,-0.0042758,0.028687,2.5006,4.9777,0
-0.022583,-0.0086975,-0.005226,0.019073,2.5006,4.978,0
-0.051727,-0.011902,-0.005226,0.015106,2.5012,4.9774,0.00030518
-0.062561,-0.013885,-0.0033257,0.021667,2.5006,4.9777,0.00030518
-0.057983,-0.014343,-0.0042758,0.030823,2.5012,4.9765,-0.00030518
-0.057831,-0.011749,-0.0033257,0.031433,2.5,4.978,0
-0.055389,-0.0048828,-0.0038007,0.027466,2.5006,4.9786,0
-0.04303,0.0033569,-0.0033257,0.019226,2.5009,4.9783,0.00061035
-0.019531,0.0093079,-0.0042758,0.012054,2.5015,4.9796,-0.00091553
-0.020142,0.011444,-0.005701,0.0056458,2.5009,4.978,0.00030518
-0.052185,0.01297,-0.0042758,-0.00015259,2.5009,4.9789,-0.00061035
-0.057831,0.013733,-0.0038007,-0.0013733,2.5003,4.9789,-0.00030518
-0.045166,0.014191,-0.005226,0.0028992,2.5024,4.9792,0
-0.019379,0.018158,-0.0042758,-0.0015259,2.5006,4.9792,-0.00030518
-0.0032043,0.023041,-0.0042758,-0.016174,2.5015,4.9802,0.00061035
-0.0012207,0.023804,-0.0047509,-0.026245,2.5018,4.9792,0
-0.0027466,0.018311,-0.0042758,-0.019684,2.5018,4.9802,0.00061035
-0.039063,0.015106,-0.005701,-0.0013733,2.5018,4.9789,0
-0.054932,0.014038,-0.0042758,0.01236,2.5012,4.9783,-0.00030518
-0.020905,0.014191,-0.0047509,0.015106,2.5,4.9783,0
-0.0073242,0.012817,-0.0047509,0.013885,2.5015,4.9789,0
-0.0076294,0.010681,-0.0047509,0,2.5012,4.9792,0.00061035
-0.0086975,0.012054,-0.005701,-0.016937,2.5018,4.9792,-0.00030518
-0.0062561,0.01358,-0.005226,-0.01709,2.5015,4.9789,0.00030518
-0.0039673,0.015106,-0.0042758,-0.015869,2.5009,4.9796,0
0.00091553,0.016022,-0.0042758,-0.023804,2.5018,4.9792,0
0.0045776,0.014038,-0.0042758,-0.036469,2.5012,4.9799,0
0.0082397,0.010223,-0.0038007,-0.042419,2.5021,4.9796,0.00030518
0.0021362,0.0088501,-0.0047509,-0.036621,2.5018,4.9792,0
0.009613,0.010223,-0.0042758,-0.032501,2.5021,4.9796,0.00061035
0.028381,0.0099182,-0.005226,-0.029907,2.5015,4.9786,0
0.031891,0.0068665,-0.0047509,-0.019989,2.5003,4.9802,-0.0012207
0.014038,0.0021362,-0.0042758,-0.013885,2.5018,4.9792,0
0.0032043,-0.00045776,-0.005226,-0.022583,2.5003,4.9792,0.00030518
0.0076294,-0.0030518,-0.0038007,-0.027466,2.5021,4.9799,0.00030518
0.010681,-0.0064087,-0.0047509,-0.010681,2.5015,4.9796,-0.00061035
0.027466,-0.010223,-0.0038007,0.0053406,2.5012,4.9799,0.00061035
0.046082,-0.013428,-0.0042758,0.0053406,2.5012,4.9802,0.00030518
0.020752,-0.014954,-0.0038007,0.0022888,2.5003,4.9783,0.00061035
0.025635,-0.014191,-0.0042758,0.005188,2.5006,4.9792,0.00030518
0.025177,-0.01236,-0.0042758,0.0076294,2.5012,4.9792,-0.00030518
0.0061035,-0.0093079,-0.0038007,0.0067139,2.5012,4.9796,0.00061035
0.016327,-0.0065613,-0.0033257,0.0041199,2.5009,4.9796,-0.00030518
0.0088501,-0.0057983,-0.005226,0.0067139,2.5015,4.9792,0.00030518
-0.010986,-0.007782,-0.005226,0.014648,2.5015,4.9792,-0.00061035
-0.012665,-0.010834,-0.0047509,0.025177,2.5009,4.9799,0
-0.0083923,-0.011139,-0.005226,0.032196,2.5012,4.9792,0.00061035
-0.0091553,-0.010529,-0.005701,0.027924,2.5012,4.9786,-0.00030518
-0.0038147,-0.010223,-0.0042758,0.017548,2.5015,4.9786,0
0.0057983,-0.0082397,-0.0042758,0.010071,2.5012,4.9786,-0.00030518
-0.0036621,-0.0057983,-0.0042758,0.017548,2.5012,4.9792,-0.00030518
0.005188,-0.0041199,-0.0047509,0.033417,2.5015,4.9786,0.00030518
0.011139,-0.0021362,-0.005226,0.039368,2.5015,4.9789,0
-0.0065613,0.0012207,-0.0038007,0.030823,2.5012,4.9786,0
-0.0061035,0,-0.005226,0.015564,2.5012,4.978,-0.00030518
0.012817,-0.0061035,-0.0042758,0.0021362,2.5009,4.9792,0.00061035
0.037994,-0.010529,-0.005226,-0.010529,2.5018,4.9789,0
0.05188,-0.01358,-0.0042758,-0.018768,2.5012,4.9802,0.00030518
0.040894,-0.012665,-0.0047509,-0.017242,2.5015,4.9786,-0.00030518
0.015869,-0.0097656,-0.0042758,-0.0088501,2.5021,4.9792,0.00030518
-0.0050354,-0.0054932,-0.0047509,-0.0013733,2.5024,4.9789,-0.00030518
-0.014038,0.00030518,-0.0042758,0.0015259,2.5006,4.978,0.00030518
-0.02243,0.0045776,-0.0038007,0.0035095,2.5018,4.9783,0
-0.026245,0.0053406,-0.0038007,0.0035095,2.5003,4.9786,-0.00030518
-0.0177,0.0035095,-0.0047509,0.00015259,2.5024,4.9796,0.00030518
0.0013733,0.0036621,-0.0042758,-0.0042725,2.5015,4.9792,0
0.018463,0.0041199,-0.0047509,-0.012054,2.5024,4.9792,0.00030518
0.028076,-0.00061035,-0.0047509,-0.020905,2.5015,4.9789,0.00030518
0.014496,-0.0083923,-0.0047509,-0.015869,2.5015,4.9789,0.00030518
0.0068665,-0.014648,-0.0033257,-0.0039673,2.5006,4.9792,-0.00030518
0.0036621,-0.016174,-0.0047509,0.0021362,2.5018,4.978,0
0.0091553,-0.014191,-0.0042758,-0.0032043,2.5021,4.9777,0.00030518
0.02594,-0.012207,-0.0038007,-0.011902,2.5015,4.9783,0
0.028076,-0.0080872,-0.0047509,-0.017395,2.5018,4.978,0.00061035
0.013275,-0.0024414,-0.0042758,-0.016479,2.5018,4.9774,0.00061035
0.01358,0.0036621,-0.0042758,-0.013275,2.5015,4.978,0.00061035
0.013733,0.010986,-0.0042758,-0.0090027,2.5006,4.9777,0
0.016479,0.015259,-0.0042758,-0.0048828,2.5015,4.9786,0
0.015106,0.014038,-0.0042758,-0.0042725,2.5018,4.9765,-0.00030518
0.00045776,0.010986,-0.0038007,-0.0083923,2.5015,4.9774,0.00030518
0.0086975,0.014648,-0.0047509,-0.0097656,2.5012,4.978,0
0.0177,0.019073,-0.0047509,-0.0016785,2.5003,4.9768,0.00030518
0.02533,0.019989,-0.0047509,0.0061035,2.5009,4.978,0.00030518
0.0053406,0.022583,-0.0047509,0.0085449,2.5009,4.9786,0.00061035
-0.023956,0.025787,-0.005226,0.0085449,2.5015,4.9796,0
-0.06134,0.025024,-0.0042758,0.007782,2.5012,4.9786,0
-0.055542,0.022888,-0.0028506,0.0093079,2.5012,4.9789,0
-0.0067139,0.023041,-0.0047509,0.013885,2.5,4.9796,0.00030518
0.016174,0.022583,-0.0038007,0.01358,2.5006,4.9792,0.00030518
0.034332,0.019073,-0.005226,0.0094604,2.5009,4.9789,0
0.015259,0.014496,-0.0047509,0.0097656,2.5015,4.9792,0
-0.0062561,0.0097656,-0.005226,0.013428,2.5015,4.9783,-0.00061035
-0.014496,0.0042725,-0.0038007,0.011139,2.5021,4.9792,0
0.023651,-0.00015259,-0.0047509,0.0019836,2.5003,4.9789,0
0.078125,-0.0036621,-0.0038007,-0.0093079,2.5006,4.9802,0.00030518
0.084229,-0.0053406,-0.0033257,-0.016937,2.5018,4.9792,0.00030518
0.054626,-0.0080872,-0.0042758,-0.0027466,2.5015,4.9792,-0.00061035
0.015564,-0.0083923,-0.005226,0.024261,2.5012,4.9796,-0.00091553
0.034027,-0.0067139,-0.0042758,0.034027,2.5009,4.9774,0.00061035
0.086823,-0.0057983,-0.0042758,0.020142,2.5015,4.978,0
0.11505,-0.0041199,-0.005226,0.005188,2.5009,4.9789,0
0.060883,-0.0059509,-0.0038007,0.0033569,2.5006,4.9789,-0.00030518
0.025635,-0.0088501,-0.0047509,0.011444,2.5006,4.9786,0.00030518
0.034485,-0.01297,-0.0042758,0.020294,2.5018,4.9777,0.00030518
0.015564,-0.015259,-0.0047509,0.017853,2.5015,4.9789,0
-0.0097656,-0.015106,-0.0047509,0.010681,2.5018,4.9792,0.00061035
0.0021362,-0.017853,-0.0038007,0.013428,2.5009,4.9789,0.00030518
0.016022,-0.018616,-0.0047509,0.024872,2.5024,4.9792,0.00030518
-0.017548,-0.015564,-0.0042758,0.028381,2.5009,4.9786,0.00061035
-0.017853,-0.01358,-0.005226,0.019836,2.5015,4.9792,0
0.004425,-0.0091553,-0.005226,0.011139,2.5018,4.9792,-0.00030518
-0.0010681,-0.002594,-0.0042758,0.019226,2.5012,4.978,0.00030518
-0.025635,0.0033569,-0.0042758,0.030212,2.5003,4.9786,0
-0.054474,0.0073242,-0.0038007,0.02533,2.5015,4.9796,0
-0.052338,0.0088501,-0.0038007,0.01709,2.5015,4.9783,-0.00030518
-0.017395,0.010376,-0.0038007,0.026245,2.5018,4.9786,-0.00030518
0.012665,0.011597,-0.0047509,0.038605,2.5018,4.9799,-0.00091553
0.0177,0.010223,-0.0047509,0.038757,2.5021,4.9789,-0.00030518
0.004425,0.0080872,-0.0047509,0.028992,2.5018,4.9783,0
0.0021362,0.0053406,-0.005226,0.007782,2.5012,4.9783,-0.00030518
0.021667,0.0045776,-0.005226,-0.010071,2.5009,4.9789,-0.00030518
0.012512,0.0016785,-0.0042758,-0.005188,2.5018,4.9786,0.00030518
-0.02121,-0.0024414,-0.0047509,0.014648,2.5015,4.9786,0.00030518
-0.013733,-0.0073242,-0.0042758,0.026398,2.5018,4.9786,-0.00061035
0.0036621,-0.0047302,-0.005226,0.020294,2.5006,4.9786,-0.00030518
-0.012817,-0.00045776,-0.0042758,0.010834,2.5003,4.9789,0.00030518
-0.022278,0.0027466,-0.0042758,0.0067139,2.5006,4.9789,0
-0.032196,0.0024414,-0.005226,0.011292,2.5012,4.9796,0.00030518
-0.062866,-0.00015259,-0.005226,0.013428,2.5018,4.9786,0
-0.033569,-0.002594,-0.0042758,0.013275,2.5012,4.9789,0.00061035
0.015869,0.0018311,-0.0042758,0.014648,2.5018,4.9792,0
0.02655,0.0042725,-0.005226,0.012207,2.5015,4.9783,0.00030518
0.020142,0.0032043,-0.0042758,0.0059509,2.5015,4.9789,0
0.011444,0.0018311,-0.0047509,0.00045776,2.5012,4.9792,-0.00030518
-0.027771,0.0018311,-0.0047509,0,2.5012,4.9789,0.00030518
-0.057068,0.0030518,-0.0047509,0.0041199,2.5021,4.9786,0.00030518
-0.061798,0.0028992,-0.0038007,0.014038,2.5012,4.9796,-0.00030518
-0.030518,0.0022888,-0.0042758,0.017853,2.5006,4.9792,0.00030518
0.015411,0.00061035,-0.0042758,0.010223,2.5018,4.9768,0
0.026093,-0.00076294,-0.0047509,0.0047302,2.5009,4.9786,0
0.021515,-0.00076294,-0.0047509,0.0085449,2.5012,4.9789,-0.00091553
0.018463,-0.0057983,-0.005226,0.011444,2.5018,4.9783,0.00061035
0.0080872,-0.013123,-0.0047509,0.0083923,2.5021,4.9783,0
-0.017242,-0.012054,-0.005226,0.0050354,2.5018,4.978,-0.00030518
-0.062256,-0.0038147,-0.005226,0.0039673,2.5009,4.9789,0
-0.068512,0.00015259,-0.0047509,0.0065613,2.5009,4.9799,0.00030518
-0.046234,0.00061035,-0.0038007,0.002594,2.5015,4.9796,0
-0.01709,0.0033569,-0.0042758,-0.010834,2.5015,4.9796,0.00030518
0.0082397,0.0054932,-0.0047509,-0.016632,2.5024,4.9792,0.00030518
-0.0076294,0.005188,-0.0042758,-0.011292,2.5009,4.9789,0.00030518
-0.0045776,0.0059509,-0.0047509,-0.00091553,2.5015,4.978,0
-0.0048828,0.0059509,-0.0042758,0.0033569,2.5012,4.9777,-0.00030518
-0.026855,0.0039673,-0.0038007,-0.0036621,2.5018,4.9774,0.00030518
-0.03952,0.00076294,-0.0042758,-0.014038,2.5015,4.978,0
-0.029297,-0.0013733,-0.0038007,-0.015411,2.5015,4.9771,0
-0.012817,-0.0054932,-0.0038007,-0.0028992,2.5009,4.9777,0.00030518
-0.0094604,-0.0099182,-0.0047509,0.0090027,2.5006,4.9789,0
-0.010223,-0.012512,-0.0047509,0.0065613,2.5003,4.9777,0.00030518
-0.025635,-0.011597,-0.0047509,0.0045776,2.5012,4.9762,-0.00030518
-0.025787,-0.011749,-0.0047509,0.0091553,2.5012,4.9777,-0.00030518
-0.017548,-0.012817,-0.005226,0.012817,2.5009,4.9777,0
0.014038,-0.0091553,-0.0047509,0.016785,2.5021,4.9783,0.00061035
0.031128,-0.0028992,-0.0047509,0.022736,2.5015,4.9777,-0.00091553
0.023499,0.0021362,-0.0042758,0.026703,2.5024,4.9774,0
0.0090027,0.0012207,-0.005226,0.030823,2.5015,4.9786,0.00030518
-0.0013733,-0.00015259,-0.0038007,0.028839,2.5012,4.9783,0.00061035
0.0097656,-0.0021362,-0.0042758,0.021973,2.5003,4.9792,0.00030518
0.019379,-0.00045776,-0.0042758,0.016174,2.5021,4.9796,-0.00030518
0.0036621,0.0024414,-0.0042758,0.013733,2.5006,4.9789,0.00030518
0.00045776,0.0038147,-0.0047509,0.013123,2.5006,4.9786,0
0.0032043,0.0041199,-0.0042758,0.011597,2.5015,4.9789,-0.00030518
-0.023651,0.0032043,-0.0042758,0.0057983,2.5012,4.9789,0.00030518
-0.027161,0.0047302,-0.0042758,-0.0024414,2.5009,4.9789,0.00030518
0.0090027,0.0062561,-0.0047509,-0.0085449,2.5009,4.9789,-0.00061035
0.012665,0.0024414,-0.005226,-0.012817,2.5009,4.9786,0.00030518
-0.030365,-0.0036621,-0.005701,-0.013428,2.5009,4.9792,-0.00030518
-0.04776,-0.0045776,-0.0042758,-0.011597,2.5012,4.9786,-0.00030518
-0.0035095,-0.0027466,-0.0042758,-0.012817,2.5012,4.9786,-0.00061035
0.010986,-0.0027466,-0.0047509,-0.015259,2.5012,4.978,0
-0.027313,-0.0039673,-0.0047509,-0.010986,2.5024,4.9783,0.00091553
-0.055847,-0.0054932,-0.0042758,-0.0016785,2.5018,4.9792,0
-0.06134,-0.0083923,-0.0042758,0.005188,2.5012,4.9799,0.00030518
-0.058136,-0.0076294,-0.0042758,0.004425,2.5015,4.9792,-0.00030518
-0.056458,-0.0062561,-0.0042758,0.007782,2.5012,4.9786,0.00030518
-0.044403,-0.0030518,-0.0047509,0.0094604,2.5009,4.9789,0
-0.030975,0.0022888,-0.005226,0.0048828,2.5015,4.9789,0.00061035
-0.030518,0.0030518,-0.0038007,0.0030518,2.5009,4.9796,0.00030518
-0.032959,0.00091553,-0.0042758,0.0042725,2.5021,4.9789,-0.00030518
-0.03006,-0.0012207,-0.005226,-0.0022888,2.5003,4.9802,-0.00030518
-0.011902,-0.00076294,-0.0047509,-0.012817,2.5018,4.9792,-0.00061035
-0.0041199,0.0010681,-0.0023755,-0.018768,2.5012,4.9792,-0.00030518
-0.0056458,0.0015259,-0.0042758,-0.013428,2.5015,4.9789,-0.00030518
-0.0053406,-0.0012207,-0.0047509,-0.010529,2.5024,4.9789,0
0,-0.00030518,-0.0042758,-0.011902,2.5024,4.9783,0.00030518
-0.0059509,0.0036621,-0.0042758,-0.0071716,2.5012,4.9786,-0.00030518
-0.011749,0.0082397,-0.0038007,-0.00091553,2.5012,4.9786,0
-0.019226,0.016022,-0.0047509,0.0018311,2.5009,4.9789,0.00061035
-0.028229,0.018616,-0.0042758,0.007019,2.5018,4.9783,0.00030518
-0.032043,0.017853,-0.005226,0.016174,2.5012,4.978,-0.00030518
0.00015259,0.015564,-0.0047509,0.016785,2.5006,4.9786,-0.00030518
0.0076294,0.010529,-0.0047509,0.0085449,2.5018,4.9786,0.00030518
0.0015259,0.0073242,-0.005226,0.0024414,2.5012,4.9786,0.00030518
0.018463,0.0068665,-0.0042758,0.0022888,2.5003,4.9783,-0.00030518
0.024719,0.0039673,-0.005226,0.0059509,2.5009,4.9786,0
0.021973,0.002594,-0.0042758,0.010376,2.5015,4.9796,-0.00061035
-0.00076294,0.0032043,-0.0042758,0.0082397,2.5024,4.9789,0
-0.012665,0.0012207,-0.005226,0.0028992,2.5021,4.9792,0.00061035
-0.010071,-0.002594,-0.0047509,-0.00045776,2.5,4.9789,0
0.0059509,-0.0047302,-0.0042758,0.0010681,2.5012,4.9796,0
0.033264,-0.0041199,-0.0047509,0.0048828,2.5012,4.9789,0
0.01709,-0.0068665,-0.005226,0.007782,2.5021,4.9786,-0.00061035
0.00045776,-0.014801,-0.0038007,0.023346,2.5021,4.9783,0
0.01297,-0.020294,-0.005226,0.03891,2.5018,4.9786,0.00030518
0.015259,-0.019989,-0.0047509,0.03479,2.5,4.9789,0.00030518
-0.0076294,-0.013428,-0.0047509,0.015717,2.5018,4.9783,-0.00030518
-0.012665,-0.0079346,-0.005701,0.0036621,2.5009,4.9799,-0.00030518
-0.0064087,-0.0061035,-0.0042758,0.0064087,2.5006,4.9789,-0.00061035
-0.014954,-0.00061035,-0.0047509,0.018158,2.5012,4.9792,0
-0.027313,0.0042725,-0.005226,0.024567,2.5015,4.9774,0
-0.021667,0.0061035,-0.0047509,0.027466,2.5006,4.9783,0.00030518
-0.016937,0.0079346,-0.0042758,0.026245,2.5015,4.9786,-0.00030518
-0.011444,0.0064087,-0.005226,0.022736,2.5009,4.9789,-0.00030518
-0.0062561,0.004425,-0.0047509,0.016327,2.5012,4.9783,0.00030518
0.0079346,0.0054932,-0.0042758,0.011139,2.5015,4.9792,0.00061035
0.019989,0.0062561,-0.0042758,0.0045776,2.5015,4.9802,0.00030518
0.0015259,0.0042725,-0.0042758,-0.0019836,2.5024,4.9789,0
-0.0093079,0.0010681,-0.0047509,0.0030518,2.5012,4.9789,0.00030518
-0.0053406,0.0010681,-0.0047509,0.012512,2.5018,4.9792,0.00061035
0.0018311,-0.00061035,-0.0042758,0.016785,2.5009,4.9786,0.00030518
0.016174,-0.0067139,-0.0047509,0.014954,2.5015,4.9786,0.00030518
0.014191,-0.0073242,-0.0047509,0.01358,2.5012,4.9783,0.00030518
-0.0018311,-0.0036621,-0.0042758,0.016174,2.5018,4.9783,0
-0.015106,-0.0038147,-0.0042758,0.019073,2.5006,4.9786,-0.00061035
-0.012665,-0.0048828,-0.0038007,0.017395,2.5021,4.9783,0
0.0048828,-0.00076294,-0.0047509,0.015259,2.5015,4.9783,0
0.016937,0.0068665,-0.0042758,0.015411,2.5018,4.9774,0
0.01709,0.010834,-0.005226,0.019836,2.5009,4.9789,-0.00061035
0.015106,0.010223,-0.0047509,0.015411,2.5024,4.9786,0
0.0047302,0.0093079,-0.0038007,-0.00045776,2.5003,4.9765,0
0.005188,0.0090027,-0.0033257,-0.010986,2.5021,4.9774,0
0.0054932,0.0091553,-0.0047509,-0.01297,2.5012,4.9765,-0.00091553
0.0083923,0.012817,-0.0042758,-0.012207,2.5012,4.9771,0.00030518
0.014191,0.017242,-0.005226,-0.0082397,2.5006,4.9783,0.00030518
0.015717,0.017242,-0.0042758,0.0018311,2.5012,4.9774,0.00061035
0.0085449,0.016479,-0.0042758,0.014496,2.5015,4.9792,-0.00061035
0.0048828,0.016327,-0.0042758,0.023956,2.5006,4.9786,0.00030518
0.0085449,0.016479,-0.005226,0.024719,2.5015,4.9786,-0.00030518
0.013428,0.020142,-0.0038007,0.014038,2.5009,4.9799,0
0.011139,0.020599,-0.0047509,0.00030518,2.5006,4.9783,0.00030518
0.020294,0.014496,-0.0038007,-0.0090027,2.5009,4.9783,0.00061035
0.017853,0.010071,-0.0047509,-0.0097656,2.5018,4.9786,0.00030518
0.009613,0.010529,-0.005226,-0.0048828,2.5012,4.9792,0
0.0083923,0.015259,-0.0047509,-0.002594,2.5009,4.9796,0.00030518
0.011292,0.018005,-0.005226,-0.005188,2.5015,4.9792,0.00030518
0.013885,0.016327,-0.0042758,-0.0053406,2.5003,4.9796,0
0.015717,0.015869,-0.0047509,-0.0086975,2.5009,4.9796,0.00061035
0.02121,0.013885,-0.0047509,-0.011292,2.5018,4.9796,0
0.027161,0.0082397,-0.0047509,-0.014191,2.5009,4.9783,0
0.031281,0.0027466,-0.0042758,-0.014801,2.5015,4.9777,-0.00030518
0.040436,-0.0062561,-0.0042758,-0.011749,2.5012,4.9783,0.00030518
0.037842,-0.012665,-0.0038007,-0.0083923,2.5015,4.9792,-0.00061035
0.029449,-0.016174,-0.005226,-0.0030518,2.5018,4.9792,0.00030518
0.020905,-0.017853,-0.0042758,-0.00030518,2.5012,4.9783,0.00030518
0.017853,-0.020447,-0.005701,-0.0042725,2.5012,4.9796,0.00030518
0.016937,-0.020905,-0.0047509,-0.0093079,2.5015,4.9796,0
0.0064087,-0.022888,-0.0038007,-0.0068665,2.5012,4.9792,-0.00030518
-0.0035095,-0.025787,-0.0042758,-0.0032043,2.5018,4.9789,0.00030518
-0.0083923,-0.02243,-0.0042758,-0.0024414,2.5018,4.9789,0.00030518
-0.0065613,-0.017853,-0.0047509,-0.0022888,2.5021,4.9792,0.00030518
0.013275,-0.016785,-0.0047509,0.00091553,2.5021,4.9796,0.00091553
0.0061035,-0.014191,-0.0047509,0.0067139,2.5021,4.9792,0.00030518
-0.015717,-0.0061035,-0.0042758,0.0093079,2.5006,4.9792,0
-0.02121,-0.00076294,-0.0042758,0.012665,2.5012,4.9783,0.00030518
-0.014954,0.00015259,-0.005226,0.014343,2.5018,4.9802,-0.00061035
0.0041199,-0.0030518,-0.0042758,0.010223,2.5012,4.9792,-0.00030518
0.01358,-0.0061035,-0.0038007,0.0039673,2.5009,4.9799,0.00030518
0.011444,-0.0090027,-0.0038007,0.0076294,2.5015,4.9792,0
0.010834,-0.0090027,-0.005226,0.012054,2.5012,4.9789,0.00030518
0.0016785,-0.0061035,-0.0042758,0.005188,2.5006,4.9777,0
0.0010681,-0.0024414,-0.0042758,-0.00091553,2.5009,4.9783,-0.00030518
-0.0030518,0.0039673,-0.005226,0.0038147,2.5021,4.9792,0.00030518
-0.0091553,0.0080872,-0.0038007,0.01236,2.5003,4.9783,-0.00061035
0.0054932,0.0065613,-0.0047509,0.017242,2.5021,4.9786,0
0.018768,0.0050354,-0.0038007,0.016022,2.5018,4.9789,0.00030518
-0.0097656,0.0028992,-0.0042758,0.010834,2.5012,4.9799,0.00030518
-0.026398,0.00076294,-0.005226,0.012054,2.5015,4.9792,0
-0.027008,-0.0027466,-0.005226,0.019684,2.5012,4.9792,0
-0.028534,-0.0048828,-0.0047509,0.022736,2.5006,4.9792,0
-0.026855,-0.0027466,-0.005701,0.022278,2.5015,4.9789,0
-0.016632,0.0012207,-0.005226,0.02243,2.5006,4.9786,-0.00030518
-0.016327,0.005188,-0.0042758,0.025787,2.5012,4.9789,0
-0.01297,0.0050354,-0.0038007,0.028229,2.5003,4.9789,0.00030518
-0.0093079,0.00091553,-0.0042758,0.024109,2.5015,4.9792,0
-0.009613,-0.0021362,-0.0047509,0.019989,2.5012,4.9786,-0.00061035
-0.014648,-0.0028992,-0.005226,0.015717,2.5018,4.9783,-0.00030518
-0.018158,-0.0042725,-0.0047509,0.012512,2.5012,4.9777,0
-0.017548,-0.0054932,-0.0042758,0.010223,2.5018,4.9786,-0.00030518
-0.010223,-0.0041199,-0.0047509,0.0088501,2.5018,4.9792,0.00030518
-0.011597,-0.0042725,-0.005226,0.0048828,2.5003,4.9777,-0.00091553
-0.0088501,-0.0015259,-0.005226,-0.00076294,2.5021,4.9783,0.00030518
-0.010529,0.0085449,-0.0042758,-0.0048828,2.5012,4.9786,0.00030518
-0.018616,0.013428,-0.0047509,-0.0094604,2.5012,4.9783,0.00030518
-0.023193,0.015259,-0.0042758,-0.015717,2.5012,4.9783,-0.00061035
-0.016479,0.017548,-0.0047509,-0.02121,2.5009,4.9789,-0.00030518
-0.0067139,0.014801,-0.005701,-0.02594,2.5021,4.9792,0
-0.0038147,0.010071,-0.005226,-0.027618,2.5015,4.978,-0.00030518
-0.00091553,0.0059509,-0.005226,-0.022278,2.5015,4.9789,-0.00061035
-0.0027466,0.0059509,-0.005226,-0.015411,2.5024,4.9792,-0.00030518
-0.0099182,0.005188,-0.005226,-0.011292,2.5012,4.9789,0.00030518
-0.0079346,-0.00061035,-0.0038007,-0.0074768,2.5015,4.9789,0
-0.0028992,-0.0080872,-0.0042758,-0.0071716,2.5015,4.9786,-0.00030518
0.0038147,-0.014801,-0.0047509,-0.0056458,2.5015,4.9774,0.00030518
0.0024414,-0.017242,-0.0042758,-0.0030518,2.5021,4.978,0.00030518
-0.0064087,-0.017548,-0.0042758,-0.0039673,2.5015,4.978,0.00091553
-0.012512,-0.016632,-0.005701,-0.0027466,2.5009,4.9786,0.00030518
-0.018768,-0.012054,-0.0047509,0.00076294,2.5015,4.9774,-0.00030518
-0.030365,-0.0088501,-0.0042758,-0.00015259,2.5012,4.978,-0.00061035
-0.01358,-0.010376,-0.0042758,0.0033569,2.5015,4.9786,-0.00030518
0.0012207,-0.012207,-0.0047509,0.0085449,2.5012,4.9765,-0.00030518
0.0065613,-0.010529,-0.0047509,0.011902,2.5012,4.9771,0.00030518
0.0016785,-0.0086975,-0.0038007,0.014191,2.5015,4.9777,0
0.0030518,-0.0067139,-0.0047509,0.012817,2.5006,4.9777,0.00030518
0.0097656,0.00045776,-0.0047509,0.010986,2.5012,4.978,0.00030518
0.016632,0.0050354,-0.0047509,0.013885,2.5024,4.9774,-0.00061035
0.02182,0.0053406,-0.0042758,0.021515,2.5003,4.978,0.00030518
0.011139,0.0045776,-0.0038007,0.027771,2.5021,4.9786,0.00030518
-0.0027466,0.0027466,-0.0042758,0.026855,2.5015,4.9786,0.00030518
-0.004425,0.004425,-0.0047509,0.02121,2.5015,4.9789,0
-0.0065613,0.0085449,-0.0042758,0.016327,2.5009,4.9789,0.00091553
0.0036621,0.0083923,-0.0042758,0.012817,2.5012,4.9789,0.00030518
0.0076294,0.0086975,-0.005226,0.009613,2.5006,4.9783,0
0.0099182,0.014954,-0.0042758,0.0054932,2.5015,4.9789,-0.00061035
0.012512,0.021057,-0.0047509,0.00091553,2.5015,4.9786,0
0.009613,0.019684,-0.0047509,-0.0022888,2.5009,4.9783,-0.00030518
0.0076294,0.01358,-0.005701,-0.0035095,2.5015,4.9796,0.00030518
0.0045776,0.010223,-0.0047509,-0.00030518,2.5003,4.9789,0.00061035
0.0056458,0.014038,-0.0047509,-0.00091553,2.5009,4.9796,0.00061035
0.010223,0.02182,-0.0033257,-0.0033569,2.5006,4.9796,0.00030518
0.0059509,0.025482,-0.0042758,-0.0035095,2.5021,4.9777,0.00030518
0.0042725,0.019989,-0.0047509,-0.0038147,2.5009,4.978,0
0.0086975,0.011597,-0.0042758,-0.0041199,2.5018,4.978,0
0.014496,0.0076294,-0.0047509,-0.00076294,2.5003,4.9792,0
0.014801,0.0028992,-0.0042758,0.0062561,2.5018,4.978,-0.00030518
0.012817,-0.0036621,-0.005226,0.012054,2.5018,4.9789,0.00061035
0.0093079,-0.0082397,-0.0042758,0.014191,2.5012,4.9792,-0.00030518
0.0067139,-0.0073242,-0.0042758,0.017853,2.5018,4.9786,-0.00061035
0.0097656,-0.0073242,-0.0042758,0.021057,2.5006,4.9789,-0.00030518
0.014648,-0.005188,-0.0047509,0.017395,2.5009,4.9786,0
0.017242,-0.0019836,-0.0038007,0.0080872,2.5006,4.9789,-0.00061035
0.027618,0.0027466,-0.0047509,0.0024414,2.5009,4.9792,0.00030518
0.032806,0.0094604,-0.0047509,0.0027466,2.5012,4.9792,0
0.032806,0.013428,-0.0042758,0.0024414,2.5015,4.9792,0
0.031281,0.014038,-0.0042758,0.0035095,2.5006,4.9786,0.00030518
0.031433,0.015411,-0.0047509,0.004425,2.5009,4.9774,0.00030518
0.021515,0.013885,-0.0042758,0.0035095,2.5018,4.9783,0
0.0061035,0.0083923,-0.005226,0.0016785,2.5015,4.9786,0
-0.0042725,0.0028992,-0.0047509,0.0019836,2.5018,4.9799,0
-0.0083923,0.0036621,-0.0038007,0.0050354,2.5015,4.9786,0
-0.0054932,0.0061035,-0.0047509,0.0086975,2.5021,4.9777,-0.00030518
0.0067139,0.0015259,-0.005226,0.010529,2.5009,4.9796,0.00030518
0.015106,-0.0059509,-0.0047509,0.0086975,2.5,4.9792,-0.00030518
0.028687,-0.010986,-0.0047509,0.0022888,2.5015,4.9789,0
0.014801,-0.016174,-0.0047509,-0.0028992,2.5006,4.9792,0
0.0056458,-0.023346,-0.005226,-0.004425,2.5021,4.9789,0
0.0039673,-0.029297,-0.0047509,0,2.5012,4.9792,-0.00061035
0.0030518,-0.031891,-0.0042758,0.0035095,2.5009,4.9786,0.00091553
0.00045776,-0.030975,-0.0042758,0.0088501,2.5003,4.9792,0.00061035
-0.0042725,-0.022583,-0.005226,0.016632,2.5024,4.9786,0
-0.010834,-0.009613,-0.0047509,0.02533,2.5006,4.9796,0
-0.0045776,0.002594,-0.0047509,0.028534,2.5021,4.9792,0
-0.0042725,0.010529,-0.0038007,0.021362,2.5021,4.9789,0.00061035
-0.0054932,0.016022,-0.0047509,0.011139,2.5009,4.9789,-0.00061035
-0.0033569,0.017395,-0.0047509,0.0074768,2.5015,4.9789,-0.00030518
-0.0016785,0.010529,-0.005226,0.011597,2.5018,4.9789,0.00061035
0.0038147,0.0045776,-0.0042758,0.013428,2.5009,4.9796,0.00061035
0.010376,0.0059509,-0.0042758,0.0047302,2.5015,4.9792,0.00061035
0.016174,0.0082397,-0.0038007,-0.0064087,2.5012,4.9786,0
0.017548,0.0054932,-0.0047509,-0.010529,2.5012,4.9802,-0.00030518
0.010834,0.00030518,-0.005226,-0.013275,2.5009,4.9783,-0.00030518
0.013275,-0.0027466,-0.0042758,-0.01236,2.5006,4.9789,0
0.0093079,-0.00061035,-0.0042758,-0.0062561,2.5015,4.9786,0
0.0053406,0.0039673,-0.0033257,0.0024414,2.5021,4.9789,0
0.0074768,0.0059509,-0.0047509,0.0061035,2.5018,4.9786,0
0.010529,0.0068665,-0.0047509,0.0062561,2.5018,4.9783,-0.00061035
0.0032043,0.0094604,-0.0042758,0.0041199,2.5009,4.9796,0
-0.0050354,0.0085449,-0.0042758,0.00015259,2.5006,4.9789,0
-0.010071,0.0059509,-0.0042758,0.0024414,2.5012,4.9786,0.00030518
-0.0041199,0.0035095,-0.0047509,0.010071,2.5018,4.9789,0.00030518
-0.0079346,-0.00030518,-0.0047509,0.011902,2.5015,4.9792,0
-0.0076294,-0.0024414,-0.005226,0.0050354,2.5018,4.9792,-0.00030518
-0.004425,-0.0067139,-0.0047509,-0.0016785,2.5009,4.978,0.00030518
0.0012207,-0.015717,-0.005226,-0.0033569,2.5009,4.9777,0
0.0012207,-0.02121,-0.0042758,-0.005188,2.5009,4.9786,0
0.00045776,-0.019989,-0.005226,-0.007782,2.5009,4.9777,0.00030518
-0.00076294,-0.01709,-0.0047509,-0.011902,2.5018,4.9777,-0.00061035
0.0019836,-0.014496,-0.0033257,-0.010529,2.5021,4.9786,-0.00091553
0.007782,-0.0093079,-0.0047509,-0.0036621,2.5012,4.978,0.00061035
0.013733,-0.0038147,-0.0047509,0.0010681,2.5018,4.9774,0
-0.0022888,-0.0012207,-0.0042758,0.0061035,2.5006,4.9771,0
-0.009613,-0.0018311,-0.0047509,0.0047302,2.5015,4.978,0
-0.0085449,-0.00015259,-0.005226,0.002594,2.5021,4.9777,0.00030518
-0.0090027,0.0038147,-0.0042758,0.007782,2.5006,4.9771,0.00030518
-0.017548,0.0027466,-0.0038007,0.014648,2.5018,4.9777,0.00030518
-0.021057,-0.0061035,-0.0042758,0.014801,2.5018,4.9777,-0.00061035
-0.015106,-0.012512,-0.0033257,0.01236,2.5006,4.9792,-0.00091553
-0.0094604,-0.011139,-0.0047509,0.0083923,2.5018,4.9789,0.00030518
-0.0090027,-0.0047302,-0.005226,0.007019,2.5024,4.9792,0.00030518
-0.0086975,0.00076294,-0.005226,0.0057983,2.5012,4.9783,0.00030518
-0.0042725,0.0035095,-0.0047509,0.0018311,2.5009,4.9789,0.00030518
0.0059509,0.0039673,-0.0042758,-0.0018311,2.5003,4.9792,0.00030518
0.0047302,0.0054932,-0.0047509,-0.0045776,2.5012,4.9789,0.00030518
0.0032043,0.0028992,-0.0038007,-0.0045776,2.5015,4.9792,-0.00030518
0.0030518,0,-0.0047509,0.0013733,2.5009,4.9792,0
-0.0053406,-0.0016785,-0.0042758,0.010986,2.5015,4.9792,0
-0.016937,0.0012207,-0.0047509,0.013428,2.5021,4.9792,0.00061035
-0.021515,0.0068665,-0.0042758,0.013885,2.5015,4.9792,0.00061035
-0.024872,0.0093079,-0.0038007,0.02121,2.5015,4.9786,0.00061035
-0.023804,0.007782,-0.0042758,0.027313,2.5006,4.9783,0.00030518
-0.023804,0.0080872,-0.0047509,0.026093,2.5012,4.9777,0.00030518
-0.016632,0.0036621,-0.0042758,0.018921,2.5012,4.978,0.00030518
-0.016174,-0.0079346,-0.0047509,0.014801,2.5015,4.9786,0
-0.015259,-0.015869,-0.0047509,0.011597,2.5003,4.9796,-0.00061035
-0.0030518,-0.016327,-0.0042758,0.0056458,2.5021,4.9789,0.00061035
-0.010376,-0.011749,-0.0047509,0.0054932,2.5012,4.9789,0
-0.021515,-0.0062561,-0.0042758,0.010071,2.5018,4.9786,0
-0.02182,0,-0.0047509,0.014038,2.5006,4.9786,-0.00030518
-0.016937,0.0045776,-0.0033257,0.015869,2.5015,4.9792,0.00030518
-0.015869,0.0074768,-0.005226,0.014191,2.5009,4.9789,-0.00030518
-0.019684,0.0099182,-0.0042758,0.0085449,2.5009,4.9792,-0.00030518
-0.015717,0.0099182,-0.0042758,0.0042725,2.5009,4.9796,0
-0.013275,0.010529,-0.0038007,0.0036621,2.5018,4.9792,-0.00030518
-0.0094604,0.01297,-0.0047509,0.0057983,2.5006,4.9789,0.00061035
-0.0080872,0.01236,-0.0042758,0.012054,2.5021,4.9796,0
-0.011292,0.0094604,-0.0042758,0.018768,2.5021,4.9786,0.00061035
-0.013733,0.0035095,-0.005226,0.02243,2.5003,4.9792,0.00030518
-0.0086975,-0.0047302,-0.0038007,0.02243,2.5012,4.9796,-0.00061035
0.00076294,-0.0067139,-0.0047509,0.02182,2.5006,4.9789,0
0.0079346,0.0013733,-0.005226,0.020905,2.5012,4.9799,0.00061035
0.023346,0.0074768,-0.0047509,0.017395,2.5012,4.9789,0
0.015411,0.0015259,-0.0047509,0.013428,2.5012,4.9792,-0.00091553
-0.0086975,-0.0073242,-0.0042758,0.011902,2.5012,4.9789,0
-0.020447,-0.012817,-0.005701,0.011444,2.5012,4.9789,-0.00091553
-0.018005,-0.014954,-0.0047509,0.0086975,2.5003,4.9792,0.00061035
-0.011444,-0.010376,-0.0047509,0.0016785,2.5021,4.9786,0.00061035
-0.011597,-0.0032043,-0.0047509,-0.0041199,2.5009,4.9792,0
-0.013123,0.0057983,-0.0038007,-0.0036621,2.5015,4.9786,0.00030518
-0.010834,0.012817,-0.0047509,-0.00091553,2.5018,4.9783,-0.00030518
-0.011597,0.010834,-0.0038007,0.0067139,2.5006,4.9789,0
-0.017853,0.0053406,-0.0047509,0.01358,2.5009,4.9789,0
-0.011292,0.0035095,-0.0042758,0.015259,2.5015,4.9792,0.00030518
-0.0067139,0,-0.0047509,0.011292,2.5018,4.9796,0
-0.0082397,-0.0038147,-0.0042758,0.015869,2.5012,4.9792,-0.00030518
-0.010376,-0.0079346,-0.0042758,0.023651,2.5009,4.9792,0
-0.0083923,-0.0097656,-0.0047509,0.020599,2.5018,4.9792,0.00030518
-0.0086975,-0.010834,-0.0047509,0.010376,2.5003,4.9799,0.00030518
-0.012817,-0.016632,-0.0042758,0.0041199,2.5015,4.9789,-0.00030518
-0.010529,-0.024872,-0.0047509,0.0018311,2.5,4.9792,0
-0.0053406,-0.02182,-0.0042758,0.00061035,2.5015,4.9796,-0.00091553
-0.0036621,-0.010529,-0.0038007,0.00045776,2.5018,4.9786,0.00061035
0.0024414,-0.00076294,-0.0038007,-0.0021362,2.5012,4.9792,0.00030518
-0.0012207,0.0033569,-0.0047509,-0.0053406,2.5012,4.9789,0
-0.0091553,0.007782,-0.005226,-0.0038147,2.5012,4.9777,0.00030518
-0.0053406,0.014648,-0.0042758,-0.0015259,2.5015,4.9786,-0.00061035
0.0041199,0.019379,-0.0047509,0.00045776,2.5024,4.9783,-0.00030518
0.0045776,0.023651,-0.0038007,0,2.5006,4.9789,0.00030518
0.0050354,0.027161,-0.0042758,0.00015259,2.5012,4.9796,0.00030518
0.0050354,0.027618,-0.0038007,0.0027466,2.5018,4.9789,-0.00061035
0.0027466,0.0177,-0.0042758,0.0033569,2.5009,4.9789,0
0.00061035,0.005188,-0.0033257,0.0010681,2.5015,4.9786,0.00030518
0.012054,-0.004425,-0.0042758,0.00030518,2.5009,4.9789,0.00030518
0.01358,-0.0024414,-0.0033257,0.0024414,2.5009,4.9786,-0.00030518
0.0041199,0.0045776,-0.0042758,0.0015259,2.5024,4.9783,0
-0.00045776,0.0056458,-0.0042758,-0.0015259,2.5003,4.978,0
0.0064087,0.0035095,-0.0047509,-0.004425,2.5021,4.9774,0.00030518
0.0099182,0.0019836,-0.0042758,-0.0064087,2.5012,4.9774,0.00030518
0.0064087,0.0022888,-0.0042758,-0.0035095,2.5015,4.9774,0
0.0076294,0.0068665,-0.0047509,0.00061035,2.5021,4.978,0.00061035
0.0045776,0.018005,-0.0042758,0.0048828,2.5009,4.9783,0.00030518
-0.0018311,0.023193,-0.0038007,0.0056458,2.5015,4.9765,0
0.0094604,0.0177,-0.005226,0.0013733,2.5009,4.9777,0
0.0177,0.0079346,-0.005701,-0.0024414,2.5015,4.9768,0.00030518
0.015259,0.0018311,-0.005226,-0.007782,2.5018,4.978,-0.00061035
0.010376,-0.0015259,-0.0047509,-0.0094604,2.5021,4.9774,0.00030518
0.0042725,-0.0028992,-0.005226,-0.0048828,2.5003,4.9783,0
-0.00015259,-0.0010681,-0.0042758,0.0053406,2.5003,4.9799,0.00030518
0.00045776,-0.0028992,-0.0047509,0.013885,2.5006,4.9789,0
-0.0036621,-0.0085449,-0.0047509,0.012817,2.5006,4.9792,0.00030518
-0.0080872,-0.014648,-0.0047509,0.0094604,2.5012,4.9792,0
-0.0088501,-0.018616,-0.0042758,0.0042725,2.5012,4.978,0
0.0013733,-0.0177,-0.0033257,0.00030518,2.5018,4.9792,0
0.0054932,-0.011139,-0.0042758,-0.0047302,2.5021,4.9789,-0.00061035
0.0090027,-0.0028992,-0.0047509,-0.0083923,2.5009,4.9789,0.00030518
0.010223,-0.00015259,-0.005226,-0.0024414,2.5012,4.978,-0.00030518
0.0048828,-0.0013733,-0.005226,0.0062561,2.5009,4.9792,-0.00061035
0.0067139,-0.0038147,-0.0042758,0.0039673,2.5009,4.9792,0.00030518
0.010376,-0.0086975,-0.0033257,-0.0035095,2.5015,4.9786,0.00030518
0.011597,-0.016785,-0.0042758,-0.0061035,2.5009,4.9789,-0.00061035
0.016327,-0.021057,-0.0038007,-0.0016785,2.5006,4.9796,0
0.017242,-0.021515,-0.0038007,0.0042725,2.5015,4.9783,-0.00091553
0.025177,-0.01297,-0.0047509,0.007782,2.5015,4.9789,-0.00030518
0.028076,-0.00091553,-0.0033257,0.0071716,2.5012,4.9783,0.00030518
0.03479,0.011139,-0.0047509,0.0062561,2.5021,4.9789,0.00061035
0.016632,0.019073,-0.0042758,0.0018311,2.5012,4.9783,-0.00061035
0.002594,0.022583,-0.0042758,0.00045776,2.5018,4.9783,0.00061035
0.0048828,0.027618,-0.0038007,0.0035095,2.5012,4.978,0.00030518
0.0090027,0.032654,-0.0042758,0.007782,2.5006,4.9796,0.00030518
0.0053406,0.034027,-0.0033257,0.011597,2.5012,4.9789,0
0.0016785,0.029907,-0.0042758,0.0094604,2.5012,4.9789,0
-0.0028992,0.027466,-0.0042758,0.0041199,2.5018,4.9792,-0.00030518
0.00076294,0.020142,-0.0047509,-0.00076294,2.5018,4.9792,-0.00061035
-0.0032043,0.010529,-0.0047509,-0.0027466,2.5006,4.9792,0.00061035
-0.011902,0.0013733,-0.0047509,-0.0028992,2.5012,4.9802,-0.00061035
-0.020447,-0.0047302,-0.0042758,-0.0018311,2.5003,4.9789,0
-0.017548,-0.0085449,-0.005226,-0.0038147,2.5021,4.9792,-0.00030518
-0.00045776,-0.014038,-0.0042758,-0.0035095,2.5012,4.9786,0
0.014038,-0.020599,-0.005701,-0.0028992,2.5021,4.9789,0.00061035
0.010223,-0.018311,-0.0042758,-0.00061035,2.5006,4.9789,-0.00030518
0.00061035,-0.011902,-0.0047509,0.004425,2.5012,4.9802,0
-0.0064087,-0.0097656,-0.0042758,0.0071716,2.5003,4.978,0.00061035
0.00091553,-0.010376,-0.0047509,0.0056458,2.5015,4.9783,0
-0.00076294,-0.011597,-0.0047509,0.0032043,2.5015,4.9786,0
-0.0045776,-0.0090027,-0.0047509,0.0042725,2.5027,4.9796,0.00030518
-0.0039673,-0.005188,-0.0038007,0.0062561,2.5009,4.9792,0.00061035
-0.0050354,-0.0035095,-0.005701,0.0090027,2.5006,4.9796,0.00030518
-0.010223,-0.0018311,-0.0038007,0.01358,2.5006,4.9796,0.00030518
-0.015564,0.0013733,-0.0038007,0.020752,2.5012,4.9786,0.00061035
-0.026703,0.0062561,-0.0033257,0.023346,2.5012,4.9783,0.00030518
-0.02533,0.013733,-0.005226,0.022888,2.5006,4.9792,-0.00061035
-0.016022,0.020294,-0.0042758,0.018158,2.5009,4.9786,-0.00030518
0.0013733,0.025635,-0.0042758,0.01358,2.5012,4.9783,0.00030518
-0.0010681,0.024261,-0.0047509,0.0097656,2.5015,4.9789,-0.00061035
-0.014648,0.017242,-0.0033257,0.007019,2.5015,4.9786,-0.00030518
-0.022736,0.0053406,-0.0042758,0.011597,2.5003,4.9786,0.00030518
-0.020752,-0.0061035,-0.0042758,0.01358,2.5024,4.9786,0
-0.014801,-0.0090027,-0.0042758,0.0090027,2.5024,4.9783,0
-0.014648,-0.0047302,-0.005226,0.011749,2.5012,4.9792,0.00030518
-0.018768,-0.00030518,-0.005226,0.020905,2.5021,4.9786,0.00061035
-0.020905,0.00015259,-0.0042758,0.024567,2.5006,4.9796,0.00030518
-0.023804,-0.00045776,-0.0038007,0.023956,2.5015,4.9771,0
-0.024719,0.00045776,-0.0038007,0.027618,2.5009,4.9786,0
-0.032806,0.0053406,-0.005226,0.0354,2.5006,4.9796,0
-0.037384,0.0080872,-0.0042758,0.044098,2.5015,4.9792,-0.00030518
-0.035706,0.0093079,-0.0047509,0.041199,2.5012,4.9789,0.00030518
-0.024719,0.010681,-0.0047509,0.029297,2.5006,4.9792,0
-0.0061035,0.007782,-0.005701,0.021515,2.5021,4.9789,0
-0.0097656,0.0050354,-0.0042758,0.024719,2.5015,4.9796,0.00030518
-0.021515,0.0041199,-0.0042758,0.027924,2.5021,4.9792,0.00030518
-0.028229,0.0045776,-0.0042758,0.030823,2.5018,4.9789,-0.00061035
-0.037384,0.0028992,-0.0033257,0.034485,2.5018,4.9789,0.00030518
-0.025787,0.0016785,-0.0047509,0.031586,2.5006,4.9796,0.00061035
-0.018311,0.00061035,-0.0042758,0.025635,2.5024,4.9783,0.00030518
-0.018311,-0.002594,-0.0038007,0.019684,2.5018,4.9777,0
-0.01358,-0.0062561,-0.005226,0.018616,2.5031,4.978,0.00030518
-0.017853,-0.0074768,-0.0038007,0.017242,2.5012,4.978,0.00030518
-0.030365,-0.0053406,-0.005226,0.015717,2.5012,4.978,0.00030518
-0.028534,0.00015259,-0.0047509,0.01709,2.5015,4.9783,0.00030518
-0.025024,0.0048828,-0.0042758,0.012817,2.5006,4.978,0.00030518
0.0093079,0.010071,-0.0047509,0.0050354,2.5009,4.9786,0.00030518
0.067291,0.0083923,-0.0047509,-0.00045776,2.5015,4.9774,-0.00061035
0.07843,0.0041199,-0.0047509,-0.00045776,2.5015,4.9774,-0.00030518
0.041962,0.0036621,-0.0042758,0.002594,2.5018,4.9783,0.00061035
-0.0010681,0.0053406,-0.0047509,0.0045776,2.5012,4.9777,0
-0.024719,0.0050354,-0.0047509,0.0076294,2.5009,4.9777,0
-0.013123,-0.0030518,-0.0042758,0.007782,2.5021,4.9786,-0.00030518
0.00091553,-0.010071,-0.0047509,0.0047302,2.5009,4.978,0.00061035
-0.0027466,-0.0099182,-0.0061761,0.0027466,2.5021,4.9786,-0.00061035
-0.0047302,-0.0073242,-0.0042758,0.0033569,2.5018,4.9789,0.00061035
-0.0013733,-0.0057983,-0.0047509,0.0013733,2.5006,4.9786,-0.00091553
-0.0022888,-0.0056458,-0.0042758,-0.0028992,2.5006,4.9792,-0.00030518
0.007782,-0.0080872,-0.0047509,-0.0030518,2.5015,4.9799,0
0.0091553,-0.0086975,-0.0038007,-0.00015259,2.5009,4.9789,0.00061035
0.010223,-0.0053406,-0.0038007,0.00030518,2.5009,4.9792,0.00030518
0.011139,-0.0036621,-0.0038007,0.0024414,2.5009,4.9796,0.00061035
0.0099182,-0.0027466,-0.005701,0.007782,2.5009,4.9786,0.00030518
0.0057983,-0.0030518,-0.0042758,0.0074768,2.5009,4.9802,0.00061035
0.0064087,-0.00076294,-0.0042758,0.0047302,2.5006,4.9796,0.00061035
0.0090027,0,-0.0047509,0.0016785,2.5003,4.9799,0.00030518
0.0177,0.00061035,-0.0033257,0.0039673,2.5015,4.9786,0
0.02121,-0.00061035,-0.0042758,0.010986,2.5018,4.9771,0
0.02533,-0.0050354,-0.0047509,0.013885,2.5012,4.9783,0.00030518
0.018311,-0.0090027,-0.0042758,0.010834,2.5021,4.9783,-0.00030518
0.01236,-0.012665,-0.0047509,0.007782,2.5012,4.9799,0.00030518
0.010376,-0.013733,-0.0038007,0.012665,2.5018,4.9786,-0.00030518
0.010986,-0.010834,-0.0042758,0.019684,2.5018,4.9796,0.00030518
0.014191,-0.0068665,-0.0047509,0.019073,2.5009,4.9796,0.00030518
0.019531,-0.0021362,-0.0047509,0.014191,2.5015,4.9789,0
0.018768,0.0012207,-0.0042758,0.01236,2.5006,4.9789,0.00030518
0.018005,-0.0019836,-0.005226,0.011597,2.5003,4.9792,0.00061035
0.012207,-0.0047302,-0.0047509,0.010376,2.5012,4.9789,0
0.01709,-0.0028992,-0.005226,0.013123,2.5015,4.9792,0
0.02533,0,-0.0042758,0.014191,2.5009,4.9789,0.00030518
0.014496,-0.0010681,-0.0047509,0.009613,2.5018,4.9799,-0.00061035
0.015869,-0.002594,-0.0047509,0.0053406,2.5012,4.9796,-0.00061035
0.028687,-0.00030518,-0.0047509,0.0027466,2.5012,4.9789,0.00030518
0.036163,0.00015259,-0.0047509,0.0030518,2.5006,4.9789,-0.00061035
0.032043,-0.0027466,-0.0042758,0.0086975,2.5015,4.9796,0
0.022888,-0.0064087,-0.0042758,0.018768,2.5018,4.9789,0.00061035
0.007782,-0.0086975,-0.0038007,0.022278,2.5021,4.9789,0
-0.0083923,-0.0086975,-0.0047509,0.017548,2.5024,4.9777,0
0.00045776,-0.007019,-0.005701,0.010223,2.5006,4.9786,0
0.011139,-0.0045776,-0.0042758,0.0064087,2.5015,4.9786,0.00030518
0.016327,-0.0071716,-0.0038007,0.0068665,2.5015,4.9792,0
0.010376,-0.009613,-0.005226,0.010376,2.5012,4.9796,-0.00091553
0.0059509,-0.0079346,-0.0038007,0.013733,2.5009,4.9771,-0.00030518
0.007782,-0.0035095,-0.0033257,0.010681,2.5018,4.9768,0.00030518
0.0083923,0,-0.005226,0.0061035,2.5012,4.9783,-0.00030518
0.0088501,-0.002594,-0.0042758,0.002594,2.5009,4.9786,0
0.0050354,-0.0045776,-0.005226,0,2.5015,4.9799,0.00030518
0.00015259,-0.0064087,-0.0047509,-0.0024414,2.5012,4.9792,0.00030518
0.012512,-0.0076294,-0.0042758,-0.007782,2.5009,4.9786,0
0.019836,-0.0056458,-0.0038007,-0.015717,2.5018,4.9789,0
0.026703,0.0010681,-0.0042758,-0.019226,2.5012,4.9786,0
0.027161,0.0041199,-0.005226,-0.019226,2.5018,4.9792,0.00030518
0.02182,0.004425,-0.0047509,-0.016632,2.5021,4.9786,0.00030518
0.0097656,0.0019836,-0.0038007,-0.012207,2.5015,4.9786,0
0.0033569,-0.0015259,-0.0038007,-0.010071,2.5024,4.9783,-0.00030518
0.0065613,0.0021362,-0.0042758,-0.0048828,2.5015,4.9792,0
0.014648,0.0057983,-0.0047509,0.0015259,2.5015,4.9792,0
0.011292,0.005188,-0.0042758,0.0036621,2.5018,4.9786,0.00030518
0.011139,0.0032043,-0.0047509,0.004425,2.5003,4.9783,0.00091553
0.0062561,-0.00061035,-0.0042758,0.0042725,2.5012,4.9786,-0.00030518
-0.00061035,0,-0.0047509,0.0048828,2.5009,4.9786,0
-0.0068665,0.0038147,-0.0042758,0.0086975,2.5021,4.9796,-0.00061035
-0.0010681,0.0073242,-0.0042758,0.0073242,2.5009,4.9786,0
0.0030518,0.0086975,-0.0047509,0.0022888,2.5015,4.9789,0.00030518
-0.0010681,0.0082397,-0.0038007,0.00091553,2.5009,4.9783,0
-0.0064087,0.0030518,-0.005226,-0.0036621,2.5021,4.978,-0.00061035
-0.0076294,0.00030518,-0.0042758,-0.0064087,2.5006,4.9789,0.00030518
-0.0047302,0.00076294,-0.0042758,-0.0067139,2.5024,4.9799,-0.00030518
0.0048828,0.002594,-0.0042758,-0.0030518,2.5006,4.9786,-0.00030518
0.004425,0.0050354,-0.0042758,-0.0038147,2.5015,4.9786,0.00030518
0.012665,0.0076294,-0.005226,-0.0085449,2.5012,4.9783,-0.00061035
0.037231,0.0086975,-0.0047509,-0.0062561,2.5015,4.978,0
0.074005,0.0079346,-0.0042758,-0.0010681,2.5009,4.9768,0
0.069885,0.0083923,-0.0047509,0.00015259,2.5024,4.9777,-0.00061035
0.022736,0.012512,-0.0042758,-0.0061035,2.5018,4.9774,-0.00030518
-0.0048828,0.018158,-0.005226,-0.012512,2.5009,4.9783,0.00061035
-0.013885,0.019684,-0.0033257,-0.014038,2.5012,4.9783,0.00030518
-0.024414,0.014038,-0.0038007,-0.010986,2.5009,4.9771,0
-0.021667,0.007782,-0.0042758,-0.012512,2.5015,4.9771,0
-0.018616,0.0050354,-0.005226,-0.015869,2.5024,4.9783,0.00030518
-0.016937,0.0039673,-0.0042758,-0.014954,2.5015,4.9783,0.00030518
-0.0090027,0.0018311,-0.0047509,-0.012665,2.5018,4.9777,0.00030518
-0.005188,-0.0012207,-0.005226,-0.014648,2.5015,4.978,0.00030518
-0.0033569,-0.0027466,-0.005226,-0.018768,2.5015,4.9783,-0.00091553
-0.0061035,-0.004425,-0.0042758,-0.019379,2.5018,4.9786,0.00061035
-0.011139,-0.0041199,-0.005226,-0.018616,2.5009,4.9789,0.00061035
-0.011292,-0.0035095,-0.005226,-0.018616,2.5018,4.9792,0
-0.010986,-0.00076294,-0.0038007,-0.023193,2.5006,4.9796,0
-0.00091553,-0.0012207,-0.0047509,-0.033264,2.5015,4.9796,-0.00030518
0.0019836,-0.0027466,-0.0047509,-0.033875,2.5006,4.9777,-0.00030518
0.0076294,-0.0016785,-0.0047509,-0.026703,2.5018,4.9789,0.00030518
0.0082397,-0.0045776,-0.0042758,-0.023651,2.5009,4.9789,0.00061035
0.0013733,-0.0061035,-0.005226,-0.02121,2.5021,4.9783,0
-0.0038147,-0.0033569,-0.0038007,-0.019073,2.5,4.9792,-0.00061035
-0.0062561,-0.0022888,-0.0047509,-0.017853,2.5015,4.9792,-0.00030518
-0.0050354,-0.00030518,-0.0047509,-0.016937,2.5009,4.9792,0.00030518
0.0035095,0.0036621,-0.0042758,-0.020599,2.5012,4.9786,0.00061035
0.0056458,0.0062561,-0.0047509,-0.031891,2.5018,4.9774,0
0.011902,0.007782,-0.005226,-0.046997,2.5018,4.978,0.00061035
0.015106,0.010223,-0.005226,-0.058136,2.5015,4.9783,0
0.009613,0.0085449,-0.005226,-0.055542,2.5006,4.9796,0.00030518
0.0013733,0.0048828,-0.0042758,-0.0383,2.5009,4.9792,0
-0.009613,0.0035095,-0.005226,-0.017853,2.5012,4.9796,0.00061035
-0.02121,0.0013733,-0.0042758,-0.0038147,2.5015,4.9792,-0.00061035
-0.027771,-0.0028992,-0.0042758,0.00030518,2.5012,4.9789,0
-0.025635,-0.0062561,-0.0038007,-0.0010681,2.5015,4.9789,0
-0.028992,-0.0064087,-0.005226,-0.0015259,2.5018,4.9789,0
-0.0354,-0.0083923,-0.0047509,-0.0045776,2.5012,4.9796,-0.00061035
-0.023041,-0.0074768,-0.0047509,-0.0065613,2.5012,4.9789,0.00030518
-0.028839,-0.0059509,-0.0042758,-0.0080872,2.5015,4.9796,0
-0.032196,-0.0054932,-0.0038007,-0.010071,2.5009,4.9792,0
-0.029144,-0.0028992,-0.0042758,-0.013275,2.5015,4.9796,-0.00030518
-0.030212,0.0012207,-0.0047509,-0.014343,2.5018,4.9796,0
-0.029602,0.0062561,-0.005226,-0.018921,2.5012,4.9796,-0.00030518
-0.028534,0.0059509,-0.005226,-0.016632,2.5021,4.9799,-0.00061035
-0.026245,0.0021362,-0.0028506,-0.014496,2.5015,4.9786,0
-0.027618,0.00015259,-0.0033257,-0.015259,2.5009,4.9802,0.00030518
-0.023499,0.0030518,-0.0042758,-0.019836,2.5006,4.978,0
-0.0054932,0.0032043,-0.005226,-0.02594,2.5018,4.9783,-0.00030518
-0.0050354,-0.00030518,-0.0042758,-0.024567,2.5012,4.9792,-0.00091553
-0.014801,0,-0.0047509,-0.017242,2.5015,4.9792,0.00091553
-0.020294,0,-0.005226,-0.016327,2.5009,4.9783,0
-0.021973,0.00061035,-0.0047509,-0.018768,2.5012,4.9796,0
-0.021973,0.0012207,-0.005226,-0.014954,2.5015,4.9792,0
-0.015259,0.0015259,-0.0042758,-0.010986,2.5015,4.9789,0.00030518
-0.0090027,0.0033569,-0.005226,-0.010986,2.5018,4.9789,0
-0.0074768,0.0039673,-0.0038007,-0.0073242,2.5009,4.9789,0.00030518
-0.0088501,0.0027466,-0.0047509,0.0028992,2.5012,4.9792,0.00030518
-0.0036621,0.0018311,-0.005226,0.012207,2.5015,4.9783,0.00030518
-0.0099182,0.00061035,-0.005701,0.015106,2.5009,4.9786,0
-0.011749,-0.00061035,-0.0042758,0.011444,2.5009,4.9786,-0.00061035
-0.0041199,-0.0019836,-0.0047509,0.00061035,2.5024,4.9796,0
-0.0013733,-0.0030518,-0.0047509,-0.014343,2.5003,4.9792,0.00030518
-0.0054932,-0.00030518,-0.005226,-0.0099182,2.5015,4.9786,0.00030518
-0.011597,-0.00015259,-0.0038007,0.0061035,2.5,4.9789,-0.00030518
-0.012512,-0.0016785,-0.0047509,0.0059509,2.5015,4.9789,0.00030518
-0.007019,-0.0028992,-0.0042758,-0.0036621,2.5006,4.9786,-0.00061035
-0.0071716,-0.0041199,-0.0047509,-0.0048828,2.5015,4.9777,0.00061035
0.0019836,-0.0079346,-0.0038007,-0.007019,2.5009,4.9786,0.00030518
0.012512,-0.0074768,-0.0042758,-0.007019,2.5012,4.9789,0.00030518
0.01297,-0.0059509,-0.005226,0.0021362,2.5018,4.9792,0
0.010529,-0.0042725,-0.0047509,0.0079346,2.5009,4.9792,0
0.01297,-0.0022888,-0.005226,0.0062561,2.5015,4.9786,-0.00061035
0.0035095,-0.00061035,-0.0042758,0.004425,2.5015,4.9796,0.00061035
-0.0056458,-0.0033569,-0.0042758,0.0048828,2.5015,4.9786,0.00030518
0.0015259,-0.0038147,-0.005226,0.0062561,2.5015,4.9792,-0.00061035
0.0076294,-0.0033569,-0.0047509,0.0059509,2.5015,4.9792,-0.00061035
0.0038147,-0.0018311,-0.0047509,0.0035095,2.5012,4.9789,-0.00061035
0.0080872,-0.00091553,-0.0047509,0.0057983,2.5015,4.9789,-0.00061035
0.0073242,0.00061035,-0.0033257,0.014801,2.5018,4.9786,0.00061035
0.0027466,0.00045776,-0.0038007,0.019836,2.5024,4.9789,-0.00030518
-0.0015259,0.00076294,-0.0047509,0.022125,2.5015,4.9777,-0.00030518
-0.0057983,0.0028992,-0.005226,0.023193,2.5009,4.9789,0.00030518
0,0.0038147,-0.0047509,0.016327,2.5015,4.9774,-0.00030518
0.0056458,0.0067139,-0.0047509,0.013885,2.5018,4.9777,0.00030518
0.0053406,0.0061035,-0.0042758,0.019226,2.5018,4.9783,0
-0.0010681,0.0047302,-0.005226,0.026093,2.5018,4.9786,-0.00030518
-0.014801,0.0068665,-0.0047509,0.027771,2.5009,4.9771,0
-0.012207,0.010071,-0.005226,0.024567,2.5015,4.978,0
-0.0071716,0.0085449,-0.0042758,0.019073,2.5003,4.9777,0
-0.0064087,0.0073242,-0.0042758,0.023041,2.5018,4.978,0.00030518
-0.0059509,0.0041199,-0.005226,0.032196,2.5009,4.9786,-0.00030518
-0.0097656,-0.00015259,-0.0042758,0.037079,2.5018,4.978,0.00030518
-0.010529,-0.0028992,-0.0047509,0.039215,2.5021,4.9777,0
-0.0068665,-0.0032043,-0.0038007,0.044708,2.5009,4.9792,0.00030518
-0.012512,-0.0018311,-0.0047509,0.050812,2.5009,4.9789,0.00091553
-0.015106,0.0013733,-0.0038007,0.049286,2.5009,4.9786,-0.00061035
-0.016785,0.0047302,-0.0047509,0.045624,2.5012,4.9786,-0.00061035
-0.011444,0.0088501,-0.0042758,0.043335,2.5018,4.9792,0
-0.0064087,0.011139,-0.0038007,0.039368,2.5015,4.9786,0.00061035
0.020905,0.010681,-0.0042758,0.033417,2.5009,4.9789,0.00030518
0.0091553,0.010681,-0.0042758,0.029755,2.5012,4.9786,0.00030518
-0.009613,0.0086975,-0.005226,0.034027,2.5006,4.9796,-0.00061035
-0.0094604,0.0082397,-0.005226,0.04303,2.5009,4.9805,0.00030518
-0.0036621,0.0088501,-0.0047509,0.045624,2.5015,4.9796,0.00061035
-0.0097656,0.0067139,-0.005226,0.037384,2.5009,4.9796,0
-0.014496,0.0048828,-0.0047509,0.030365,2.5021,4.9792,0.00030518
-0.017853,0.0028992,-0.0042758,0.03006,2.5018,4.978,0.00030518
-0.011749,0.0033569,-0.0047509,0.035095,2.5009,4.9783,0.00030518
-0.0086975,0.0027466,-0.005226,0.036621,2.5012,4.9792,-0.00061035
-0.0059509,0.00076294,-0.0042758,0.036926,2.5021,4.9783,0
-0.0038147,0.00091553,-0.0047509,0.037842,2.5012,4.9789,0
0.0012207,0.0038147,-0.0047509,0.036011,2.5021,4.9789,0.00061035
0.007782,0.0035095,-0.005226,0.031891,2.5021,4.9799,-0.00030518
0.010529,0,-0.0042758,0.029907,2.5006,4.9799,-0.00030518
0.0056458,0.00015259,-0.005226,0.030823,2.5009,4.9786,0.00030518
-0.0013733,0.0010681,-0.0038007,0.031586,2.5018,4.9792,0.00030518
0.0048828,0.0012207,-0.0028506,0.024567,2.5021,4.9799,0.00061035
0.019226,0.0013733,-0.0047509,0.016174,2.5012,4.9789,-0.00030518
0.021057,-0.00076294,-0.005226,0.012817,2.5006,4.9792,0.00030518
0.019379,-0.0050354,-0.0047509,0.0074768,2.5018,4.9789,0
0.013123,-0.0086975,-0.0047509,0.007782,2.5024,4.9792,-0.00061035
-0.0010681,-0.015411,-0.005701,0.013885,2.5,4.9786,-0.00061035
-0.013275,-0.018921,-0.0047509,0.017395,2.5021,4.9789,0
-0.014954,-0.017853,-0.005701,0.016479,2.5015,4.9789,-0.00030518
-0.012512,-0.012207,-0.0042758,0.013123,2.5012,4.9792,-0.00061035
-0.017395,-0.0074768,-0.0047509,0.010529,2.5012,4.9792,0.00030518
-0.019379,-0.0067139,-0.005226,0.0091553,2.5018,4.978,0.00030518
-0.0080872,-0.0064087,-0.0033257,0.007019,2.5021,4.9789,0
-0.00076294,-0.0028992,-0.005701,-0.0032043,2.5015,4.9786,0
0.0045776,-0.0048828,-0.0042758,-0.010681,2.5015,4.9796,-0.00030518
0.0032043,-0.0091553,-0.0042758,-0.0065613,2.5015,4.9796,0
0.0088501,-0.010834,-0.0047509,0.0033569,2.5012,4.9789,-0.00061035
0.03006,-0.0057983,-0.005701,0.012817,2.5012,4.9792,-0.00030518
0.052948,0.00061035,-0.0042758,0.0177,2.5012,4.9792,0
0.0093079,0.002594,-0.0047509,0.019226,2.5012,4.9789,-0.00061035
-0.036163,0.0010681,-0.0047509,0.020905,2.5009,4.9792,0.00030518
-0.039368,0.0033569,-0.0047509,0.02182,2.5024,4.9796,0.00030518
-0.017853,0.009613,-0.0047509,0.016632,2.5009,4.9792,0.00030518
-0.012512,0.014648,-0.0042758,0.011597,2.5009,4.9789,-0.00030518
-0.014954,0.014954,-0.0042758,0.0099182,2.5018,4.9789,-0.00061035
-0.018463,0.015564,-0.0042758,0.013428,2.5018,4.9792,0.00030518
-0.02655,0.016022,-0.0047509,0.025024,2.5018,4.9796,-0.00061035
-0.027313,0.01297,-0.005226,0.029144,2.5027,4.9783,0
-0.017242,0.0039673,-0.0042758,0.019684,2.5009,4.9799,0.00061035
-0.010681,-0.0065613,-0.0047509,0.014648,2.5018,4.9783,0.00061035
-0.0086975,-0.013733,-0.0047509,0.014801,2.5009,4.9789,-0.00030518
-0.0097656,-0.014954,-0.005226,0.013733,2.5015,4.9786,0.00030518
-0.0027466,-0.01358,-0.0042758,0.011749,2.5018,4.9789,0.00030518
-0.0027466,-0.015411,-0.0047509,0.012512,2.5012,4.9783,0
-0.010529,-0.017395,-0.0047509,0.0080872,2.5009,4.9799,0
-0.011902,-0.013885,-0.0047509,0.0057983,2.5015,4.9789,0
-0.0091553,-0.0050354,-0.0047509,0.0039673,2.5015,4.9783,0.00030518
-0.0024414,0.0028992,-0.005226,0.00015259,2.5009,4.9783,-0.00030518
0.002594,0.004425,-0.0047509,0.002594,2.5018,4.9786,0
0.00030518,0.0032043,-0.0042758,0.0036621,2.5015,4.9792,-0.00061035
-0.0076294,0.00076294,-0.0047509,0.0024414,2.5015,4.9796,0.00030518
-0.016327,-0.0030518,-0.0047509,0.0027466,2.5,4.9792,0.00061035
-0.014954,-0.0022888,-0.0042758,0.0061035,2.5021,4.9792,0.00030518
-0.015259,-0.0012207,-0.0042758,0.010834,2.5009,4.9783,-0.00030518
-0.011444,-0.0010681,-0.0047509,0.011444,2.5015,4.9783,-0.00061035
-0.010071,-0.00061035,-0.0042758,0.0090027,2.5012,4.978,0
-0.011902,0.00091553,-0.0038007,0.0088501,2.5006,4.9777,0
-0.0074768,0.0054932,-0.0047509,0.0094604,2.5003,4.9777,0.00030518
-0.0050354,0.0086975,-0.0042758,0.010529,2.5012,4.9783,0
-0.0038147,0.0079346,-0.005226,0.0093079,2.5003,4.9777,-0.00030518
0.00091553,0.0083923,-0.0042758,0.0065613,2.5021,4.9783,0
-0.0018311,0.011597,-0.0038007,0.0086975,2.5015,4.9765,0.00030518
-0.0021362,0.010986,-0.005701,0.012054,2.5024,4.9771,-0.00030518
-0.007782,0.0074768,-0.0047509,0.014496,2.5012,4.9774,0.00061035
-0.0064087,0.0035095,-0.0042758,0.017242,2.5024,4.978,-0.00030518
0.0022888,0.0022888,-0.0047509,0.014343,2.5003,4.9777,0
0.0033569,0.0030518,-0.0047509,0.007019,2.5015,4.9768,-0.00030518
0.0013733,0.0038147,-0.0038007,-0.00030518,2.5021,4.978,0.00061035
0.0030518,0.0041199,-0.0042758,-0.0012207,2.5009,4.9792,-0.00030518
0.009613,0.0027466,-0.0042758,0.0028992,2.5,4.9792,0.00030518
0.012512,0.0019836,-0.0042758,0.00015259,2.5006,4.9796,0.00030518
0.007782,0.0028992,-0.0047509,-0.0053406,2.4997,4.9792,-0.00030518
0.011902,0.0065613,-0.0042758,-0.0080872,2.5018,4.9789,0
0.013733,0.012665,-0.0047509,-0.0068665,2.5006,4.9786,0
0.01236,0.017242,-0.005701,-0.0042725,2.5012,4.9786,0
0.0068665,0.018463,-0.0042758,0.0042725,2.5015,4.9789,-0.00061035
0.0036621,0.018768,-0.0047509,0.014954,2.5021,4.978,0.00061035
0.017548,0.020142,-0.0047509,0.020142,2.5024,4.9792,0
0.013885,0.017548,-0.0047509,0.016174,2.5021,4.9789,-0.00061035
-0.0013733,0.016022,-0.0042758,0.0097656,2.5012,4.9789,0.00030518
-0.00061035,0.018158,-0.0047509,0.0073242,2.5006,4.9799,-0.00091553
0.0050354,0.017242,-0.0042758,0.0045776,2.5018,4.9777,0
0.020294,0.014343,-0.0028506,0.0010681,2.5006,4.9783,-0.00061035
0.028229,0.0094604,-0.0047509,-0.0019836,2.5015,4.978,0.00091553
0.024261,0.0086975,-0.005226,-0.0021362,2.5009,4.9786,0
0.017853,0.0039673,-0.005701,0,2.5015,4.9786,0
0.015106,-0.0047302,-0.0042758,-0.0016785,2.5003,4.9796,0
0.012512,-0.012817,-0.005226,-0.0015259,2.5015,4.9786,0.00030518
0.0067139,-0.015259,-0.0038007,0.0041199,2.5009,4.9792,-0.00061035
0.002594,-0.015411,-0.005226,0.0085449,2.5012,4.9792,0.00030518
0.0019836,-0.015259,-0.0047509,0.011902,2.5006,4.9789,-0.00061035
0.0054932,-0.013123,-0.005226,0.009613,2.5012,4.9789,0
0.018311,-0.0099182,-0.0038007,0.0038147,2.5006,4.9792,0.00030518
0.024261,-0.0045776,-0.0042758,0.00015259,2.5024,4.9789,0.00030518
0.017853,-0.0024414,-0.0042758,0.0027466,2.5012,4.9792,0
0.012665,-0.0068665,-0.005226,0.0041199,2.5015,4.9789,-0.00061035
0.022583,-0.0097656,-0.0047509,0.0038147,2.5015,4.9789,-0.00030518
0.030365,-0.0054932,-0.0047509,0.0012207,2.5006,4.9789,0
0.027161,0.00030518,-0.0038007,-0.0047302,2.5009,4.9792,-0.00030518
0.016937,0.0035095,-0.0047509,-0.0065613,2.5012,4.9796,0
0.007782,0.0016785,-0.005226,-0.0035095,2.5015,4.9789,0.00030518
-0.0012207,-0.0013733,-0.0061761,0.002594,2.5015,4.9783,0.00091553
0.0086975,-0.0041199,-0.0047509,0.0085449,2.5006,4.9792,0.00030518
0.0065613,-0.0048828,-0.0047509,0.011139,2.5012,4.9786,0.00030518
-0.00045776,-0.0090027,-0.0047509,0.011749,2.5012,4.9792,0.00030518
-0.00076294,-0.012207,-0.005226,0.013733,2.5027,4.9789,-0.00030518
-0.00076294,-0.0079346,-0.005226,0.01297,2.5018,4.9796,-0.00030518
0.0016785,0.00091553,-0.0047509,0.010223,2.5018,4.9786,-0.00030518
-0.0035095,0.0032043,-0.0042758,0.0088501,2.5015,4.9792,-0.00030518
-0.011902,0.0021362,-0.005701,0.010376,2.5006,4.9786,0
-0.0090027,0.0019836,-0.0047509,0.011139,2.5012,4.9789,0.00030518
-0.0027466,0.0027466,-0.0047509,0.0093079,2.5009,4.9792,0.00030518
0.0030518,0.002594,-0.0042758,0.0041199,2.5015,4.9792,0.00030518
-0.0024414,-0.00061035,-0.0042758,0.0022888,2.5018,4.9789,-0.00030518
-0.010986,0.00015259,-0.005226,-0.00061035,2.5006,4.9789,0.00030518
-0.012817,0.0027466,-0.0047509,-0.0067139,2.5003,4.9796,0.00030518
-0.0048828,0.0064087,-0.0042758,-0.015411,2.5018,4.9789,0.00030518
0.00091553,0.011444,-0.005226,-0.012817,2.5012,4.9786,-0.00030518
-0.0045776,0.010681,-0.005226,-0.0057983,2.5015,4.978,-0.00061035
-0.010529,0.0097656,-0.0061761,-0.0071716,2.5015,4.9792,0.00030518
-0.0047302,0.0091553,-0.0047509,-0.012512,2.5012,4.9786,-0.00061035
0.010834,0.0071716,-0.0038007,-0.013733,2.5015,4.9777,-0.00030518
0.01358,0.0068665,-0.0042758,-0.0067139,2.5006,4.9783,0.00030518
-0.011597,0.0027466,-0.0042758,0.0059509,2.5012,4.9789,0.00091553
0.0032043,-0.0036621,-0.0047509,0.012207,2.5015,4.9789,0
0.017853,-0.009613,-0.0047509,0.0050354,2.5009,4.9796,0
0.0074768,-0.010834,-0.0042758,-0.0035095,2.5009,4.9786,0.00030518
0.016785,-0.013428,-0.0047509,-0.005188,2.5012,4.9796,0
-0.0048828,-0.010986,-0.0047509,-0.0045776,2.5015,4.9786,0.00030518
-0.019226,-0.0064087,-0.0042758,-0.007782,2.5012,4.9796,-0.00030518
-0.01297,-0.0064087,-0.005226,-0.014954,2.5018,4.9789,0.00061035
-0.010529,-0.0065613,-0.0042758,-0.02121,2.5021,4.9789,0
-0.0061035,-0.0071716,-0.0038007,-0.0177,2.5021,4.9786,0.00030518
-0.011292,-0.0065613,-0.0042758,-0.0061035,2.5006,4.978,-0.00030518
-0.015717,-0.0045776,-0.0047509,0.0012207,2.5018,4.9774,-0.00091553
-0.01709,-0.0059509,-0.005226,0.00091553,2.5009,4.9777,-0.00061035
-0.019226,-0.0064087,-0.0038007,-0.0053406,2.5018,4.9783,-0.00030518
-0.017242,-0.0045776,-0.0042758,-0.0093079,2.5021,4.9777,0
-0.020142,-0.0035095,-0.0047509,-0.0057983,2.5018,4.9789,0.00030518
-0.019226,-0.0030518,-0.0047509,0.0050354,2.5015,4.9792,0.00061035
-0.00091553,0.00091553,-0.0047509,0.011292,2.5015,4.9786,0
0.0048828,0.0054932,-0.0047509,0.0048828,2.5006,4.9771,0.00030518
-0.023804,0.0062561,-0.0047509,-0.0010681,2.5015,4.9768,0.00030518
-0.037994,0,-0.0047509,0.0010681,2.5015,4.978,0.00030518
-0.025024,-0.0067139,-0.0047509,0.0061035,2.5006,4.9774,0.00030518
-0.018158,-0.0074768,-0.0047509,0.007782,2.5009,4.9777,0.00061035
-0.032501,-0.0038147,-0.005226,0.010071,2.5018,4.978,0.00030518
-0.044861,-0.0024414,-0.0047509,0.011597,2.5,4.9783,0.00030518
-0.043945,-0.0065613,-0.0038007,0.013275,2.5012,4.9792,0
-0.042419,-0.014801,-0.0047509,0.020905,2.5018,4.978,0.00061035
-0.045319,-0.016632,-0.0033257,0.028687,2.5021,4.9792,0.00030518
-0.054016,-0.010834,-0.0047509,0.032501,2.5012,4.9796,0.00030518
-0.048676,-0.0033569,-0.005226,0.025177,2.5006,4.9792,0
-0.04776,-0.0012207,-0.0047509,0.021667,2.5012,4.9796,0.00030518
-0.055389,-0.0013733,-0.0042758,0.032196,2.5012,4.9792,0
-0.070038,-0.0022888,-0.0038007,0.046539,2.5012,4.9796,0.00030518
-0.076904,-0.0027466,-0.0042758,0.052643,2.5003,4.9789,0.00030518
-0.070953,-0.00061035,-0.0047509,0.049896,2.5024,4.9789,0
-0.06424,0.0076294,-0.005226,0.046387,2.5012,4.9786,0
-0.062866,0.016327,-0.0042758,0.050201,2.5027,4.9792,0
-0.058441,0.018005,-0.0038007,0.059357,2.5018,4.9792,-0.00061035
-0.041809,0.013275,-0.0047509,0.066833,2.5018,4.9777,0.00030518
-0.03418,0.0050354,-0.0047509,0.070038,2.5015,4.9783,0.00030518
-0.045624,-0.0080872,-0.0047509,0.081329,2.5024,4.9792,0
-0.054016,-0.015717,-0.0033257,0.10208,2.5021,4.9789,0.00030518
-0.054169,-0.015106,-0.0047509,0.12054,2.5015,4.9796,-0.00030518
-0.075531,-0.010834,-0.0042758,0.13397,2.5012,4.9786,-0.00061035
-0.090637,-0.0050354,-0.005226,0.15015,2.5012,4.9792,0.00030518
-0.094604,0.0010681,-0.0047509,0.16937,2.5009,4.9792,0
-0.10101,0.0048828,-0.005226,0.1857,2.5021,4.9792,0
-0.10666,0.0065613,-0.0042758,0.19073,2.5009,4.9792,0.00061035
-0.10925,0.0016785,-0.0047509,0.19333,2.5012,4.9792,0.00030518
-0.10681,-0.0036621,-0.0047509,0.19882,2.5006,4.9796,0.00030518
-0.1207,-0.0050354,-0.005226,0.21576,2.5015,4.9789,-0.00030518
-0.14145,-0.0041199,-0.0047509,0.23666,2.5012,4.9792,0.00030518
-0.14938,-0.0019836,-0.0047509,0.25208,2.5015,4.9783,-0.00061035
-0.14801,-0.0032043,-0.0038007,0.25467,2.5031,4.9789,-0.00030518
-0.14374,-0.0086975,-0.0042758,0.25726,2.5006,4.9792,-0.00030518
-0.15015,-0.011139,-0.0042758,0.27023,2.5012,4.9783,0
-0.16235,-0.0091553,-0.0047509,0.2832,2.5009,4.9792,0.00091553
-0.16922,-0.0082397,-0.0042758,0.28244,2.5009,4.9796,0.00030518
-0.16785,-0.0041199,-0.0047509,0.28183,2.5015,4.978,0.00061035
-0.16037,-0.00045776,-0.0042758,0.29968,2.5012,4.9792,-0.00030518
-0.15427,0.00015259,-0.005701,0.32257,2.5006,4.9789,-0.00030518
-0.14648,-0.0032043,-0.0028506,0.3447,2.5006,4.9796,0
-0.13748,-0.0064087,-0.0047509,0.36667,2.5003,4.9792,0.00061035
-0.12329,-0.0038147,-0.0033257,0.38467,2.5009,4.9796,0.00030518
-0.11002,-0.0013733,-0.0042758,0.39841,2.5018,4.9796,-0.00030518
-0.103,0.00061035,-0.0047509,0.40497,2.5015,4.9786,0
-0.10483,0.0030518,-0.0042758,0.41,2.5012,4.9796,0.00061035
-0.10406,0.0038147,-0.005701,0.41229,2.5006,4.9789,0
-0.090179,0.0030518,-0.0047509,0.41016,2.5012,4.9783,0.00030518
-0.053101,0.004425,-0.0028506,0.39841,2.5009,4.9789,0
-0.035248,0.0047302,-0.0047509,0.38773,2.5015,4.9792,-0.00030518
-0.026245,0.0016785,-0.0042758,0.37857,2.5018,4.9783,0.00030518
-0.01297,-0.0013733,-0.0047509,0.36438,2.5012,4.9786,0
0.0094604,-0.0039673,-0.0042758,0.34271,2.5021,4.9774,-0.00061035
0.031433,-0.00015259,-0.0042758,0.32135,2.5006,4.978,-0.00091553
0.042572,0.004425,-0.0047509,0.28976,2.5021,4.9792,0
0.05188,0.005188,-0.0047509,0.24307,2.5006,4.9789,-0.00030518
0.070038,0.0045776,-0.0047509,0.19867,2.5027,4.9792,0
0.098114,0.004425,-0.0038007,0.1532,2.5018,4.9777,0
0.13855,0.0030518,-0.0042758,0.10117,2.5015,4.9783,-0.00030518
0.16312,0.0021362,-0.0028506,0.061493,2.5,4.9792,0.00030518
0.186,0.0032043,-0.0047509,0.0383,2.5015,4.9786,0.00061035
0.21484,0.0067139,-0.005226,0.0071716,2.5009,4.9786,0
0.24139,0.0097656,-0.0042758,-0.027924,2.5012,4.9786,-0.00030518
0.26672,0.011597,-0.0042758,-0.061035,2.5018,4.9802,-0.00030518
0.27039,0.0080872,-0.0042758,-0.094299,2.5012,4.9799,0
0.2832,0.0038147,-0.0038007,-0.12939,2.5006,4.9802,0
0.30716,0.0047302,-0.0042758,-0.16846,2.5009,4.9786,-0.00030518
0.33051,0.0083923,-0.005226,-0.20706,2.5012,4.9792,0.00030518
0.35172,0.0085449,-0.0042758,-0.24216,2.5009,4.9786,0
0.3688,0.0073242,-0.0047509,-0.27039,2.5012,4.978,-0.00030518
0.40146,0.0093079,-0.0047509,-0.29556,2.5018,4.9783,0.00030518
0.40924,0.0082397,-0.0047509,-0.32364,2.5006,4.978,0
0.41611,0.0047302,-0.0028506,-0.35889,2.5009,4.9786,-0.00061035
0.43304,0.0035095,-0.0047509,-0.39139,2.5009,4.978,0
0.44708,0.0068665,-0.0047509,-0.42191,2.5012,4.9786,0.00061035
0.45456,0.0059509,-0.0042758,-0.45013,2.5009,4.978,0.00030518
0.45975,0.0035095,-0.0042758,-0.47119,2.5024,4.9777,0.00030518
0.46448,0.0048828,-0.0038007,-0.48553,2.5015,4.9765,-0.00030518
0.4689,0.0076294,-0.0028506,-0.49896,2.5018,4.9771,0.00061035
0.45593,0.0035095,-0.0042758,-0.51682,2.5018,4.9774,-0.00030518
0.44815,-0.0045776,-0.0042758,-0.54062,2.5012,4.9774,0.00030518
0.44708,-0.0067139,-0.0047509,-0.56381,2.5018,4.978,0
0.44785,-0.0035095,-0.0047509,-0.58701,2.5015,4.9777,0
0.43747,-0.0010681,-0.0042758,-0.60867,2.5015,4.9789,0.00030518
0.41534,0.0022888,-0.005226,-0.62943,2.5015,4.9786,0.00061035
0.39063,0.0010681,-0.0047509,-0.63843,2.5009,4.9783,-0.00061035
0.36697,0,-0.0047509,-0.63507,2.5009,4.9789,0
0.34851,-0.00091553,-0.005701,-0.62866,2.5009,4.9799,0
0.33157,-0.00076294,-0.005226,-0.63202,2.5015,4.9796,-0.00061035
0.29846,-0.00061035,-0.0047509,-0.64621,2.5018,4.9789,0
0.2623,-0.00076294,-0.005226,-0.6546,2.5009,4.9792,0.00030518
0.23361,-0.00061035,-0.0061761,-0.64728,2.5012,4.9786,-0.00030518
0.21393,-0.0021362,-0.0042758,-0.63965,2.5018,4.9792,0.00030518
0.18646,-0.0018311,-0.0038007,-0.63751,2.5012,4.978,0
0.16037,0.00045776,-0.0042758,-0.6337,2.5018,4.9789,-0.00030518
0.14465,0.0016785,-0.0042758,-0.62683,2.5021,4.9799,0
0.13535,0.0013733,-0.005226,-0.62439,2.5006,4.9792,-0.00030518
0.10345,0.0016785,-0.0047509,-0.62485,2.5018,4.9783,-0.00061035
0.088806,0.00045776,-0.0047509,-0.61966,2.5006,4.9786,0.00030518
0.091095,0.0018311,-0.0047509,-0.60303,2.5015,4.9799,0.00030518
0.086975,0.0036621,-0.0047509,-0.58075,2.5012,4.9792,-0.00030518
0.070343,0.0038147,-0.005226,-0.56046,2.5018,4.9789,-0.00030518
0.048981,0.0039673,-0.0047509,-0.53986,2.5012,4.9792,0
0.032043,0.0028992,-0.0047509,-0.51498,2.5018,4.9792,-0.00030518
0.031586,0.0021362,-0.0042758,-0.48416,2.5009,4.9792,0.00030518
-0.0021362,0.0021362,-0.0047509,-0.44769,2.5018,4.9796,0
-0.06546,0.0019836,-0.005226,-0.41153,2.5012,4.9799,0.00030518
-0.085297,0.0028992,-0.0028506,-0.37857,2.5009,4.9789,0
-0.04303,0.0027466,-0.0042758,-0.35217,2.5009,4.9789,0
-0.050659,0.0032043,-0.0047509,-0.32867,2.5003,4.9783,0
-0.11414,0.002594,-0.0038007,-0.29739,2.5006,4.9792,0.00030518
-0.15152,0.0047302,-0.005226,-0.26321,2.5012,4.9796,0.00030518
-0.14297,0.0045776,-0.0042758,-0.23392,2.5015,4.9799,0
-0.14526,0.0015259,-0.0042758,-0.20691,2.5018,4.9789,0.00030518
-0.17532,0,-0.0047509,-0.1799,2.5012,4.9796,0
-0.19943,-0.0018311,-0.0042758,-0.15335,2.5009,4.9783,0.00030518
-0.18967,-0.0032043,-0.0042758,-0.1297,2.5021,4.9796,0
-0.18082,-0.0019836,-0.0047509,-0.10727,2.5006,4.978,0.00030518
-0.17776,-0.0032043,-0.0047509,-0.084229,2.5015,4.9783,0.00061035
-0.18646,-0.00015259,-0.005226,-0.057983,2.5021,4.9789,0.0012207
-0.18326,0.0042725,-0.005226,-0.03479,2.5009,4.9796,0
-0.16846,0.0048828,-0.005226,-0.015106,2.5,4.9783,0
-0.16388,0.0032043,-0.0047509,0.0048828,2.5018,4.9786,0.00061035
-0.17471,0.0021362,-0.0042758,0.027618,2.5006,4.9783,0
-0.17975,0.0015259,-0.0038007,0.048981,2.5018,4.9799,0.00061035
-0.18143,0.00061035,-0.0033257,0.070038,2.5018,4.9789,0
-0.17914,0.0010681,-0.0042758,0.085144,2.5021,4.9796,-0.00061035
-0.16342,0.0016785,-0.005226,0.10223,2.5012,4.9792,-0.00061035
-0.17151,-0.00076294,-0.0042758,0.11887,2.5009,4.9792,-0.00061035
-0.19608,-0.0035095,-0.005226,0.13397,2.5009,4.9789,0.00030518
-0.20233,-0.0041199,-0.005226,0.14374,2.5018,4.9792,0
-0.19119,-0.0019836,-0.0047509,0.15152,2.5009,4.9796,0.00061035
-0.18127,-0.0022888,-0.005226,0.15884,2.5018,4.9805,0.00030518
-0.18387,-0.00045776,-0.005226,0.17456,2.5018,4.9796,0.00030518
-0.19531,0.00015259,-0.005701,0.20279,2.5012,4.9792,0
-0.20782,-0.0016785,-0.0033257,0.2269,2.5009,4.9786,0.00030518
-0.2095,-0.0030518,-0.0042758,0.23422,2.5015,4.9789,-0.00061035
-0.19974,-0.0016785,-0.005226,0.23209,2.5003,4.9774,-0.00091553
-0.18997,-0.0010681,-0.0047509,0.23392,2.5024,4.978,-0.00030518
-0.20828,-0.0018311,-0.005226,0.24445,2.5009,4.9792,-0.00030518
-0.22186,-0.0027466,-0.0047509,0.25742,2.5009,4.9789,0
-0.21957,-0.0030518,-0.0047509,0.26276,2.5012,4.9786,0
-0.21317,-0.0019836,-0.0047509,0.25818,2.5003,4.9789,0
-0.2095,-0.0010681,-0.005226,0.25574,2.5012,4.9783,0
-0.20966,-0.00076294,-0.0047509,0.25833,2.5018,4.9796,-0.00061035
-0.20966,0.0018311,-0.0047509,0.26825,2.5021,4.9792,-0.00030518
-0.20538,0.0036621,-0.0047509,0.27222,2.5009,4.9802,0.00091553
-0.20157,0.0053406,-0.005226,0.27145,2.5012,4.9796,-0.00030518
-0.1947,0.0048828,-0.005226,0.27588,2.5015,4.9789,0.00030518
-0.19867,0.0019836,-0.005226,0.28259,2.5012,4.9777,0
-0.20599,0.00091553,-0.005226,0.28488,2.5015,4.9777,0
-0.21225,0.00045776,-0.0042758,0.2829,2.5012,4.9777,0
-0.22141,0.0021362,-0.0042758,0.28183,2.5018,4.9786,0.00030518
-0.23163,0.0021362,-0.0042758,0.28275,2.5006,4.9783,0
-0.23712,0.0018311,-0.0038007,0.2887,2.5003,4.9777,0.00030518
-0.24139,0.0018311,-0.0033257,0.29572,2.5012,4.9777,0
-0.24353,0.0018311,-0.0038007,0.2977,2.5012,4.9783,0
-0.23865,0.00045776,-0.0042758,0.298,2.5021,4.9765,0.00030518
-0.22278,-0.0016785,-0.0042758,0.29434,2.5009,4.9771,0.00030518
-0.21622,-0.0030518,-0.0042758,0.289,2.5015,4.9777,0
-0.22034,-0.0027466,-0.005226,0.28671,2.5015,4.9777,0
-0.224,-0.0015259,-0.005226,0.28625,2.5012,4.9783,0.00061035
-0.2179,-0.0022888,-0.0042758,0.28625,2.5003,4.9786,0.00061035
-0.21698,-0.0016785,-0.0047509,0.28549,2.5018,4.9786,-0.00030518
-0.22141,0.00061035,-0.0047509,0.28244,2.5015,4.9789,0.00061035
-0.2179,0.0016785,-0.005226,0.27832,2.5012,4.9786,0
-0.20798,0.00045776,-0.0047509,0.2771,2.5009,4.9792,-0.00061035
-0.20248,0.00076294,-0.0038007,0.27817,2.5003,4.9796,0.00030518
-0.19608,0.002594,-0.005701,0.27985,2.5018,4.9792,0
-0.20142,0,-0.0047509,0.2858,2.5012,4.9783,-0.00061035
-0.21088,-0.0086975,-0.0047509,0.2887,2.5015,4.9789,-0.00061035
-0.21042,-0.012665,-0.0047509,0.28397,2.5021,4.9786,-0.00030518
-0.20233,-0.0080872,-0.005226,0.27267,2.5015,4.9783,0.00030518
-0.19867,-0.0027466,-0.0042758,0.26184,2.5015,4.9792,-0.00030518
-0.19302,0.00015259,-0.0047509,0.25833,2.5015,4.9789,-0.00030518
-0.18036,0.0028992,-0.0047509,0.25833,2.5012,4.9786,-0.00091553
-0.17181,0.0050354,-0.0042758,0.25696,2.5015,4.9789,0.00030518
-0.17502,0.0064087,-0.0038007,0.2504,2.5018,4.9777,0
-0.16922,0.0041199,-0.0038007,0.24277,2.5012,4.9786,0
-0.17151,0.0024414,-0.0047509,0.23834,2.5021,4.9792,-0.00030518
-0.17105,0.00061035,-0.0042758,0.23727,2.5003,4.9792,-0.00061035
-0.16876,-0.00045776,-0.0047509,0.24475,2.5006,4.9792,0.00030518
-0.17044,0.0030518,-0.0038007,0.25436,2.5021,4.978,0.00030518
-0.16388,0.0068665,-0.005226,0.25711,2.5021,4.9796,-0.00061035
-0.14725,0.0073242,-0.0033257,0.25116,2.5015,4.9792,-0.00030518
-0.13321,0.0057983,-0.0033257,0.24094,2.5012,4.9789,0.00030518
-0.13138,0.0028992,-0.0038007,0.23087,2.5006,4.9796,0.00030518
-0.12955,-0.00030518,-0.0042758,0.22339,2.5021,4.9792,0
-0.1001,-0.00030518,-0.005226,0.21484,2.5018,4.9789,-0.00061035
-0.038452,0.00015259,-0.0047509,0.20447,2.5024,4.9796,-0.00061035
-0.0086975,-0.0015259,-0.0038007,0.18875,2.5021,4.9799,-0.00030518
-0.048828,-0.0027466,-0.0047509,0.17212,2.5009,4.9792,0.00030518
-0.084076,-0.0042725,-0.0047509,0.15472,2.5012,4.9786,0.00030518
-0.076447,-0.0041199,-0.0042758,0.14008,2.5009,4.9792,0.00030518
-0.065308,-0.0021362,-0.0047509,0.13367,2.5024,4.9789,0.00030518
-0.061951,-0.0035095,-0.0047509,0.13184,2.5012,4.9789,0.00030518
-0.054932,-0.0036621,-0.0047509,0.13,2.5009,4.9792,-0.00030518
-0.041504,-0.0030518,-0.0042758,0.11673,2.5012,4.9786,-0.00030518
-0.018311,-0.0042725,-0.005226,0.098572,2.5012,4.9786,0
-0.010376,-0.0039673,-0.005226,0.089569,2.5003,4.9789,0.00030518
-0.010529,-0.0036621,-0.0047509,0.092773,2.5012,4.9789,0.00091553
-0.0067139,-0.0041199,-0.0038007,0.095673,2.5012,4.9792,0
0.0056458,-0.0054932,-0.0047509,0.08728,2.5015,4.9799,0.00030518
0.014343,-0.0042725,-0.0042758,0.073547,2.5009,4.9789,0
0.015411,-0.0033569,-0.0047509,0.06485,2.5009,4.978,0.00030518
0.016479,-0.0018311,-0.0038007,0.063477,2.5006,4.9792,0
0.021057,0.00061035,-0.005226,0.059052,2.5079,4.9792,0.00030518
0.024567,0.00015259,-0.0047509,0.049896,2.5018,4.9789,-0.00030518
0.049286,0.00091553,-0.0047509,0.041199,2.5018,4.9792,0
0.061798,0.0013733,-0.0042758,0.034485,2.5015,4.9799,0
0.059662,0.00076294,-0.0042758,0.02594,2.5012,4.9799,0.00030518
0.06012,0.00091553,-0.0028506,0.023346,2.5015,4.9792,0
0.072784,0.0030518,-0.0047509,0.026855,2.5021,4.9789,-0.00030518
0.121,0.0027466,-0.005701,0.029755,2.5003,4.9786,0
0.14572,0.0021362,-0.0042758,0.028229,2.5009,4.9792,-0.00030518
0.097656,0.0016785,-0.0042758,0.02182,2.5015,4.9799,0.00061035
0.058289,-0.00076294,-0.0047509,0.016785,2.5009,4.9792,0.00030518
0.059357,-0.0024414,-0.0047509,0.015717,2.5021,4.978,-0.00030518
0.081177,-0.004425,-0.0047509,0.013275,2.5009,4.9786,0.00030518
0.095978,-0.0050354,-0.0038007,0.0036621,2.5012,4.9786,0
0.097046,-0.0054932,-0.0047509,-0.0082397,2.5021,4.9799,-0.00030518
0.090637,-0.0042725,-0.0042758,-0.0082397,2.5024,4.9786,0
0.10132,-0.0036621,-0.0047509,-0.0061035,2.5015,4.9792,0.00030518
0.14816,0.00061035,-0.0042758,-0.010986,2.5018,4.9789,-0.00091553
0.15427,0.0042725,-0.0047509,-0.02121,2.5012,4.9792,-0.00061035
0.11826,0.0050354,-0.0042758,-0.027618,2.5018,4.9796,0.00030518
0.10345,0.0047302,-0.0047509,-0.028687,2.5015,4.9786,0.00061035
0.10605,0.0080872,-0.0042758,-0.026703,2.5015,4.9789,0
0.11734,0.0083923,-0.0042758,-0.026093,2.5024,4.9789,-0.00030518
0.11292,0.0045776,-0.0042758,-0.028839,2.4997,4.978,-0.00061035
0.098419,0.00061035,-0.0047509,-0.032501,2.5009,4.978,0.00091553
0.096283,0.0021362,-0.005701,-0.03952,2.5018,4.978,0.00030518
0.10529,0.0035095,-0.0047509,-0.037842,2.5018,4.978,0.00061035
0.11414,0.0053406,-0.0047509,-0.032959,2.5021,4.978,0
0.11734,0.0050354,-0.0042758,-0.032959,2.5018,4.9786,0.00030518
0.1152,0.0032043,-0.0033257,-0.035858,2.5012,4.9789,0
0.1004,0.0032043,-0.005226,-0.0383,2.5015,4.9786,-0.00030518
0.089264,0.0062561,-0.005226,-0.036774,2.5018,4.9777,0.00030518
0.10788,0.011292,-0.0042758,-0.038147,2.5012,4.9774,0
0.12314,0.013275,-0.0047509,-0.044708,2.5018,4.9771,0.00030518
0.1268,0.011444,-0.0042758,-0.052795,2.5009,4.9771,0.00030518
0.12253,0.007019,-0.0042758,-0.053253,2.5018,4.978,-0.00030518
0.11429,0.0048828,-0.005226,-0.046844,2.5009,4.9786,-0.00030518
0.11154,0.0042725,-0.0038007,-0.045624,2.5009,4.9786,-0.00030518
0.11337,0.002594,-0.0042758,-0.050049,2.5015,4.9786,-0.00091553
0.11108,-0.00061035,-0.0047509,-0.053253,2.5015,4.9783,0.00030518
0.10757,-0.0024414,-0.0047509,-0.044708,2.5012,4.9789,0
0.10025,-0.00061035,-0.005226,-0.02533,2.5015,4.9786,0.00091553
0.10086,0.0021362,-0.005226,-0.018311,2.5012,4.9796,0.00061035
0.098724,0.0012207,-0.0047509,-0.028687,2.5015,4.9789,-0.00030518
0.096741,-0.0022888,-0.005226,-0.04364,2.5015,4.9789,0.00030518
0.1001,-0.0036621,-0.0042758,-0.052185,2.5015,4.9789,0
0.10696,-0.0033569,-0.0047509,-0.048828,2.5006,4.9789,0.00030518
0.10834,-0.0032043,-0.0047509,-0.045471,2.5015,4.9786,0.00061035
0.1062,-0.0033569,-0.0042758,-0.050507,2.5021,4.9786,0.00030518
0.096283,-0.0016785,-0.0042758,-0.050354,2.5015,4.9789,0
0.092926,-0.00076294,-0.0042758,-0.048676,2.5015,4.9789,0
0.0914,-0.00076294,-0.0047509,-0.046997,2.5009,4.9777,0
0.095825,-0.0030518,-0.0042758,-0.045929,2.5018,4.9783,0.00030518
0.083618,-0.002594,-0.0042758,-0.04776,2.5009,4.9786,0.00030518
0.07431,-0.0013733,-0.005226,-0.054321,2.5015,4.9783,0.00030518
0.086823,-0.00091553,-0.0047509,-0.059662,2.5009,4.9792,0.00030518
0.098114,-0.0021362,-0.0047509,-0.061646,2.5012,4.9796,0
0.097961,-0.0039673,-0.0042758,-0.064087,2.5015,4.9799,0.00030518
0.089874,-0.0054932,-0.0042758,-0.067444,2.5015,4.9789,0
0.076599,-0.0041199,-0.0047509,-0.066833,2.5012,4.9792,-0.00030518
0.072632,-0.0024414,-0.0042758,-0.065308,2.5018,4.9796,0.00030518
0.075989,-0.0036621,-0.005701,-0.06424,2.5021,4.9789,0.00030518
0.081329,-0.0022888,-0.005226,-0.061035,2.5009,4.9796,0.00091553
0.079193,-0.0010681,-0.005226,-0.05249,2.5021,4.9796,-0.00030518
0.081482,-0.00076294,-0.0047509,-0.050354,2.5006,4.9792,-0.00061035
0.080872,0.0035095,-0.0047509,-0.052338,2.5009,4.9796,0.00091553
0.069733,0.0061035,-0.005226,-0.051117,2.5021,4.9799,-0.00091553
0.066833,0.0050354,-0.0042758,-0.049744,2.5009,4.9811,0.00030518
0.068512,0.0056458,-0.0042758,-0.051422,2.5018,4.9799,0
0.06485,0.0062561,-0.0047509,-0.053864,2.5009,4.9792,0
0.055847,0.0093079,-0.0042758,-0.055542,2.5015,4.9792,0.00030518
0.046997,0.009613,-0.0047509,-0.053101,2.5012,4.9777,-0.00061035
0.050812,0.009613,-0.0042758,-0.05127,2.5015,4.9789,0.0012207
0.058136,0.0067139,-0.0042758,-0.05249,2.5015,4.9796,0
0.054474,0,-0.0042758,-0.051575,2.5012,4.9792,0.00030518
0.045319,-0.0054932,-0.0042758,-0.04715,2.5003,4.9796,-0.00061035
0.047607,-0.002594,-0.0028506,-0.045624,2.5012,4.9796,0
0.058746,0.0042725,-0.0042758,-0.044556,2.5012,4.9796,0.00030518
0.055084,0.0093079,-0.0047509,-0.036621,2.5015,4.9792,-0.00030518
0.035858,0.010071,-0.005226,-0.03006,2.5024,4.9786,0.00061035
0.023804,0.0093079,-0.005226,-0.02594,2.5021,4.9789,-0.00030518
0.016479,0.014038,-0.0042758,-0.019226,2.5003,4.9792,0.00030518
0.016937,0.019073,-0.0047509,-0.010376,2.5012,4.9792,-0.00030518
0.013428,0.02121,-0.0042758,-0.0035095,2.5012,4.9792,0.00030518
0.014648,0.025635,-0.0042758,-0.0097656,2.5009,4.9789,0
0.021515,0.025635,-0.0047509,-0.024872,2.5006,4.9786,0.00030518
0.030518,0.019531,-0.0047509,-0.037231,2.5015,4.9786,0.00030518
0.033417,0.011139,-0.0047509,-0.037079,2.5009,4.9802,0.00030518
0.031128,0.0061035,-0.0042758,-0.033722,2.5018,4.9792,-0.00030518
0.028534,0.0015259,-0.0047509,-0.030823,2.5018,4.9796,0.00030518
0.027771,-0.0038147,-0.005701,-0.027924,2.5018,4.9789,0.00030518
0.02533,-0.007019,-0.0042758,-0.023193,2.5027,4.978,0.00030518
0.0354,-0.0091553,-0.005226,-0.021057,2.5018,4.9786,0.00030518
0.029755,-0.0076294,-0.005226,-0.022278,2.5009,4.9783,0.00030518
0.028381,-0.0062561,-0.0047509,-0.025024,2.5003,4.9783,0.00061035
0.032959,-0.007019,-0.005226,-0.03006,2.5018,4.9789,0
0.036774,-0.010071,-0.005226,-0.032959,2.5012,4.9786,0
0.03479,-0.0085449,-0.0047509,-0.031738,2.5015,4.9783,0
0.036316,-0.0062561,-0.005226,-0.026093,2.5003,4.9799,0.00030518
0.031433,-0.0057983,-0.0047509,-0.024414,2.5018,4.9789,0.00030518
0.023651,-0.0016785,-0.0047509,-0.027313,2.5006,4.9802,0.00030518
0.015564,-0.00045776,-0.0047509,-0.025635,2.5015,4.9792,0.00030518
0.018311,-0.0016785,-0.005226,-0.023193,2.5015,4.9792,0.00061035
0.012817,-0.0053406,-0.005226,-0.0177,2.5012,4.9783,0.00061035
0.0018311,-0.0062561,-0.0047509,-0.005188,2.5018,4.9783,0
-0.0035095,-0.0057983,-0.0042758,0.0045776,2.5021,4.978,0.00030518
-0.0045776,-0.0059509,-0.0042758,0.0041199,2.5012,4.9771,0.00061035
-0.0047302,-0.010834,-0.0047509,-0.005188,2.5012,4.9786,0
-0.0053406,-0.012817,-0.005226,-0.013275,2.5006,4.978,-0.0012207
-0.0061035,-0.01297,-0.0047509,-0.019226,2.5018,4.9786,0
-0.0010681,-0.014038,-0.0047509,-0.025635,2.5009,4.9783,-0.00030518
-0.0057983,-0.011444,-0.0047509,-0.024414,2.5,4.9762,0.00030518
-0.0032043,-0.0041199,-0.0042758,-0.02243,2.5009,4.978,-0.00030518
-0.0056458,0.0019836,-0.0038007,-0.019226,2.5003,4.9777,-0.00061035
-0.0088501,0.0038147,-0.0038007,-0.0177,2.5009,4.9777,-0.00030518
-0.0061035,0.0016785,-0.0047509,-0.018768,2.5009,4.9771,0
0.0177,0.0010681,-0.0047509,-0.019989,2.5015,4.9783,-0.00030518
0.023041,0.0015259,-0.0047509,-0.020294,2.5015,4.9774,0
-0.0082397,0.00045776,-0.0047509,-0.019226,2.5015,4.978,0
-0.026398,-0.00030518,-0.0042758,-0.015717,2.5009,4.9786,0
-0.025635,-0.0018311,-0.005226,-0.018005,2.5009,4.9792,0.00061035
-0.016785,-0.00061035,-0.0042758,-0.022583,2.5024,4.9786,0
0.0062561,-0.0013733,-0.0042758,-0.024109,2.5018,4.9786,0
0.014038,-0.0041199,-0.0047509,-0.020905,2.5021,4.9789,0.00030518
0.0056458,-0.002594,-0.0047509,-0.015564,2.5009,4.9789,0.00030518
-0.007019,-0.0012207,-0.0047509,-0.015106,2.5015,4.9789,0
-0.011597,-0.0027466,-0.0047509,-0.021667,2.5018,4.9792,0.00030518
-0.0064087,-0.0050354,-0.0047509,-0.024872,2.5018,4.9777,0.00061035
-0.0082397,-0.004425,-0.005226,-0.011749,2.5012,4.9792,0.00030518
-0.010376,-0.0036621,-0.005226,0.0010681,2.5012,4.9796,-0.00030518
-0.0093079,-0.0018311,-0.0042758,0.005188,2.5012,4.9789,0
-0.010681,-0.0021362,-0.0042758,0.0042725,2.5009,4.9786,0.00030518
-0.0047302,-0.0039673,-0.005226,0.0099182,2.5009,4.9789,0.00061035
-0.0073242,-0.0038147,-0.005226,0.015259,2.5009,4.9786,0
-0.011902,-0.004425,-0.0042758,0.013885,2.5021,4.9789,-0.00030518
-0.019073,-0.0064087,-0.0047509,0.016174,2.5018,4.978,0.00030518
-0.022736,-0.0080872,-0.0038007,0.022736,2.5015,4.9799,0
-0.028229,-0.0027466,-0.0042758,0.029602,2.5006,4.9789,0
-0.027008,0.0016785,-0.005226,0.030365,2.5015,4.9786,0.00061035
-0.02121,0.0027466,-0.005701,0.023956,2.5009,4.9786,0.00030518
-0.017548,0.0021362,-0.005226,0.017395,2.5018,4.9792,0
-0.027466,0.00061035,-0.0042758,0.015411,2.5018,4.978,-0.00030518
-0.024109,0.00076294,-0.005226,0.016785,2.5015,4.9786,0.00030518
-0.026855,0.0039673,-0.005226,0.01297,2.5009,4.9799,-0.00030518
-0.036011,0.0080872,-0.0042758,0.007019,2.5021,4.9789,-0.00061035
-0.03418,0.0097656,-0.0038007,0.0024414,2.5012,4.9789,0.00061035
-0.024719,0.010986,-0.005226,-0.0013733,2.5009,4.9783,0.00061035
-0.016327,0.01236,-0.0042758,-0.0028992,2.5015,4.9786,0
-0.018768,0.015259,-0.0042758,-0.004425,2.5018,4.9786,-0.00030518
-0.019073,0.016022,-0.0028506,-0.011597,2.5018,4.9792,0
-0.019531,0.017548,-0.0042758,-0.015564,2.5006,4.9796,0.00061035
-0.026703,0.016327,-0.005226,-0.015106,2.5012,4.9786,0.00091553
-0.019379,0.0057983,-0.005226,-0.011292,2.5018,4.9789,-0.00061035
-0.015259,-0.0022888,-0.005226,-0.0064087,2.5027,4.978,0.00030518
-0.014496,-0.0074768,-0.0047509,-0.0071716,2.5015,4.9792,0.00061035
-0.014954,-0.017395,-0.0047509,-0.010681,2.5018,4.9786,0.00030518
-0.016174,-0.023193,-0.0042758,-0.010376,2.5018,4.978,-0.00061035
-0.018005,-0.022583,-0.0033257,-0.0071716,2.5015,4.9789,-0.00030518
-0.01297,-0.019684,-0.005701,-0.0057983,2.5021,4.9789,0.00030518
-0.0056458,-0.018158,-0.0047509,-0.0053406,2.5015,4.9789,-0.00061035
-0.0059509,-0.016479,-0.0038007,-0.0054932,2.5027,4.9789,0
-0.011749,-0.01297,-0.0047509,-0.0048828,2.5006,4.9792,-0.00030518
-0.0073242,-0.0099182,-0.0047509,-0.00091553,2.5021,4.9789,-0.00091553
-0.0050354,-0.0057983,-0.0061761,-0.0013733,2.5018,4.9786,-0.00030518
-0.0042725,-0.0021362,-0.0047509,-0.0054932,2.5018,4.9789,0.00030518
-0.0039673,0.00045776,-0.0038007,-0.0064087,2.5015,4.9786,0
-0.00076294,0.0062561,-0.0042758,-0.0013733,2.5015,4.9783,0.00030518
0.0013733,0.011597,-0.0047509,0.0056458,2.5012,4.9783,0
0.032806,0.01358,-0.005226,0.0086975,2.5003,4.9796,0.00030518
0.068359,0.011597,-0.0033257,0.011444,2.5018,4.9796,0.00030518
0.061951,0.012207,-0.0042758,0.015411,2.5009,4.9792,0.00030518
0.014954,0.012207,-0.0047509,0.020447,2.5003,4.9774,0
-0.018311,0.010376,-0.0042758,0.024567,2.5012,4.9786,-0.00091553
-0.025177,0.0082397,-0.0047509,0.024872,2.5018,4.9786,0
-0.018158,0.0045776,-0.005226,0.021362,2.5012,4.9786,0
-0.012665,-0.00030518,-0.005226,0.016937,2.5012,4.9799,0.00030518
-0.016937,-0.0039673,-0.0047509,0.015869,2.5006,4.9796,0.00061035
-0.012054,-0.0028992,-0.0047509,0.012054,2.5018,4.9792,0
0.016174,-0.00015259,-0.0042758,0.0061035,2.5012,4.9786,0
0.010834,0.0012207,-0.005226,0.0012207,2.5015,4.9789,0.00030518
0.013275,0.00061035,-0.0042758,-0.0012207,2.5018,4.9792,-0.00030518
0.0059509,-0.0030518,-0.005701,-0.00061035,2.5015,4.9786,-0.00061035
-0.014801,-0.0038147,-0.0038007,0.0027466,2.5,4.9799,-0.00030518
-0.025482,-0.0022888,-0.0047509,0.0054932,2.5018,4.9783,0
-0.025482,-0.00015259,-0.0047509,0.0064087,2.5009,4.9777,0.00061035
-0.02533,0.0054932,-0.0047509,0.0050354,2.5018,4.9783,0
-0.03006,0.0085449,-0.0042758,0.0050354,2.5009,4.978,-0.00030518
-0.033569,0.0074768,-0.0047509,0.0061035,2.5006,4.9777,0.00030518
-0.028839,0.0083923,-0.0047509,0.0059509,2.5006,4.9783,0.00030518
-0.023956,0.0047302,-0.005226,0.0013733,2.5009,4.9783,0
-0.024567,0.00030518,-0.0047509,-0.0024414,2.5021,4.9783,0
-0.02594,-0.0039673,-0.005226,-0.0088501,2.5018,4.9765,-0.00030518
-0.014648,-0.0064087,-0.005226,-0.014343,2.5018,4.9774,-0.00030518
-0.019073,-0.0091553,-0.0042758,-0.012665,2.5006,4.978,0.00030518
-0.025482,-0.0085449,-0.0047509,-0.005188,2.5021,4.9774,-0.00030518
-0.024261,-0.0057983,-0.0042758,0.002594,2.5006,4.9789,0.00030518
-0.016785,-0.0024414,-0.0042758,0.0035095,2.5031,4.9783,0.00061035
-0.011597,-0.00015259,-0.005226,0.0012207,2.5021,4.978,0.00030518
-0.011444,0.0016785,-0.0047509,0.0018311,2.5018,4.9786,-0.00030518
-0.012207,0.0032043,-0.0047509,0.0038147,2.5015,4.9796,0
-0.0177,0.0041199,-0.005226,0.0056458,2.5018,4.9789,-0.00091553
-0.028076,0.0068665,-0.0047509,0.0079346,2.5006,4.9792,-0.00061035
-0.021362,0.0082397,-0.005226,0.013885,2.5015,4.9789,-0.00030518
-0.014038,0.0054932,-0.0042758,0.016022,2.5006,4.9799,-0.00030518
-0.011444,0.00015259,-0.0042758,0.010529,2.5024,4.9796,0.00030518
-0.014954,0,-0.0047509,0.0053406,2.5012,4.9786,-0.00091553
-0.019531,0.002594,-0.0047509,0.010223,2.5009,4.9805,-0.00030518
-0.024261,0.0012207,-0.005226,0.016327,2.5012,4.9783,0.00030518
-0.016785,-0.0013733,-0.0042758,0.0090027,2.5018,4.9789,0
-0.0045776,-0.0016785,-0.005226,0.0022888,2.5006,4.9799,-0.00030518
-0.0013733,-0.0024414,-0.005226,0.0038147,2.5012,4.9789,0
-0.013275,-0.0039673,-0.0042758,0.010986,2.5018,4.9777,0
-0.013428,-0.0041199,-0.0042758,0.016785,2.5009,4.9786,0.00030518
-0.016632,-0.0032043,-0.005226,0.019989,2.5012,4.9799,-0.00030518
-0.017242,-0.0059509,-0.0042758,0.017242,2.5012,4.9786,0
-0.016632,-0.0035095,-0.0047509,0.014496,2.5018,4.9786,0.00030518
-0.023193,0.0035095,-0.0047509,0.015717,2.5012,4.9799,-0.00030518
-0.023651,0.005188,-0.0047509,0.020142,2.5024,4.9789,0.00030518
-0.015717,0.0035095,-0.0047509,0.024261,2.5012,4.9792,0
-0.016327,0.0047302,-0.005226,0.022888,2.5009,4.9792,-0.00030518
-0.023499,0.0050354,-0.0038007,0.020142,2.5012,4.9789,0
-0.030212,-0.00076294,-0.0061761,0.016785,2.5024,4.9792,0.00061035
-0.013733,-0.0068665,-0.0042758,0.013428,2.5021,4.9796,-0.00030518
-0.0032043,-0.0073242,-0.0042758,0.013123,2.5021,4.9789,0
-0.0042725,-0.0045776,-0.005226,0.016327,2.5018,4.9802,0.00061035
-0.0097656,-0.0032043,-0.005226,0.016327,2.5015,4.9799,0.00030518
-0.012054,-0.00076294,-0.0047509,0.013275,2.5,4.9789,0
-0.0082397,0.0010681,-0.0047509,0.010529,2.5012,4.9792,0
-0.0038147,0.00045776,-0.0047509,0.0080872,2.5018,4.9799,-0.00030518
-0.0024414,-0.0018311,-0.0042758,0.0093079,2.5012,4.9789,0
-0.0028992,-0.0024414,-0.005226,0.01236,2.5009,4.9796,-0.00061035
-0.0035095,-0.0028992,-0.0042758,0.014648,2.5003,4.978,0
0.0019836,-0.0030518,-0.005226,0.010986,2.5021,4.9786,-0.00061035
-0.0027466,0.0018311,-0.0033257,0.0086975,2.5012,4.9786,0
-0.0099182,0.010529,-0.0047509,0.01297,2.5006,4.9783,0.00030518
-0.0085449,0.015411,-0.0033257,0.019073,2.5021,4.9783,0.00030518
-0.0062561,0.016632,-0.0042758,0.022888,2.5021,4.9789,0
-0.0090027,0.014191,-0.005226,0.026703,2.5015,4.9789,0
-0.005188,0.0097656,-0.0038007,0.023804,2.5006,4.9789,0.00030518
0.0019836,0.0076294,-0.0033257,0.015717,2.5012,4.9789,0
0.004425,0.0030518,-0.0038007,0.011749,2.5009,4.9786,-0.00030518
-0.0010681,-0.0038147,-0.0042758,0.015259,2.5015,4.9786,0
0.0032043,-0.01358,-0.0042758,0.020447,2.5015,4.9789,0
0.0015259,-0.026398,-0.0042758,0.025635,2.5021,4.9792,0.00030518
-0.0045776,-0.032043,-0.005226,0.025024,2.5003,4.9796,-0.00061035
-0.016632,-0.026398,-0.005226,0.023193,2.5009,4.9799,0
-0.02182,-0.020905,-0.0047509,0.019531,2.5012,4.978,-0.00061035
-0.017853,-0.018311,-0.0047509,0.018921,2.5012,4.9792,-0.00030518
-0.018921,-0.012665,-0.005226,0.018768,2.5018,4.9777,-0.00030518
-0.020599,-0.0041199,-0.0042758,0.018768,2.5018,4.9786,0
-0.013428,0.0018311,-0.005226,0.015717,2.5009,4.9786,0
-0.0038147,-0.0013733,-0.005226,0.01297,2.5006,4.9774,0
0.0094604,-0.013123,-0.0042758,0.014954,2.5015,4.9789,0.00030518
0.00030518,-0.024261,-0.005226,0.021057,2.5018,4.9786,-0.00061035
-0.011597,-0.030365,-0.0047509,0.024109,2.5021,4.9789,0
-0.014191,-0.031433,-0.005226,0.02243,2.5031,4.9783,0.00030518
-0.014038,-0.023804,-0.0047509,0.017853,2.5018,4.9789,0.00030518
-0.017853,-0.014343,-0.0047509,0.013733,2.5009,4.9789,0.00030518
-0.014496,-0.0015259,-0.0042758,0.011749,2.5009,4.9789,-0.00030518
-0.0048828,0.012207,-0.0047509,0.012207,2.5009,4.9786,-0.00030518
-0.0033569,0.024872,-0.0047509,0.01236,2.5015,4.9792,0
-0.0090027,0.032654,-0.0042758,0.0086975,2.5015,4.9792,0.00030518
-0.0047302,0.032349,-0.0047509,0.0056458,2.5024,4.9789,-0.00030518
-0.0057983,0.028229,-0.0042758,0.0047302,2.5012,4.978,0.00030518
-0.0088501,0.031433,-0.0042758,0.0057983,2.5015,4.9783,0
-0.0038147,0.037537,-0.0047509,0.0062561,2.5012,4.9777,-0.00061035
-0.0036621,0.035553,-0.0047509,0.0067139,2.5018,4.9789,0.00030518
-0.0033569,0.026093,-0.0042758,0.0045776,2.5021,4.9771,0.00030518
-0.00045776,0.019073,-0.005226,0.0033569,2.5027,4.9786,0.00030518
-0.0019836,0.01297,-0.0047509,0.0057983,2.5012,4.9783,-0.00061035
-0.0093079,0.010529,-0.0042758,0.0085449,2.5018,4.9786,0.00030518
-0.014496,0.011444,-0.0038007,0.011749,2.5015,4.9765,0.00030518
-0.005188,0.016022,-0.0042758,0.016937,2.5018,4.9771,0
0,0.020752,-0.0047509,0.01297,2.5009,4.9783,0
0.0036621,0.023346,-0.0042758,0.0053406,2.5018,4.9777,-0.00061035
0.005188,0.022583,-0.005226,0.0016785,2.5,4.9783,0.00030518
0.0073242,0.018005,-0.0047509,0.0038147,2.5021,4.9783,0.00030518
0.0083923,0.011292,-0.0042758,0.0094604,2.5,4.9783,-0.00030518
0.005188,0.011444,-0.0042758,0.014648,2.5018,4.9789,-0.00030518
0.0053406,0.014801,-0.0047509,0.018158,2.5009,4.9799,0
0.0082397,0.012207,-0.0047509,0.020905,2.5015,4.9786,0.00030518
0.0099182,0.010071,-0.005226,0.022736,2.5009,4.9789,0
0.017853,0.013123,-0.0042758,0.011902,2.5018,4.9792,-0.00030518
0.010834,0.014343,-0.0042758,-0.0024414,2.5,4.9789,0.00030518
0.0024414,0.014343,-0.0038007,-0.004425,2.5018,4.9789,0
0.0013733,0.014496,-0.0047509,0.00091553,2.5015,4.9786,0.00091553
0.0013733,0.010376,-0.0038007,0.0027466,2.5015,4.9796,0.00061035
-0.0027466,0.0012207,-0.0047509,-0.0012207,2.5015,4.9789,-0.00030518
0.0019836,-0.0041199,-0.0042758,-0.0065613,2.5006,4.9792,0
0.015106,-0.00061035,-0.005226,-0.012207,2.5015,4.9786,-0.00030518
0.023804,0.0016785,-0.0047509,-0.012512,2.5012,4.9789,0.00030518
-0.00061035,-0.00076294,-0.0047509,-0.0097656,2.5018,4.9774,0.00030518
-0.0016785,-0.0013733,-0.0042758,-0.0099182,2.5015,4.9789,0
-0.0042725,0.002594,-0.0047509,-0.0094604,2.5021,4.9792,-0.00030518
-0.0068665,0.0085449,-0.0042758,-0.0062561,2.5006,4.9796,0
-0.002594,0.0097656,-0.0042758,-0.0010681,2.5015,4.9792,0.00061035
-0.0021362,0.0054932,-0.0047509,-0.0010681,2.5012,4.9783,0
-0.0042725,0.0016785,-0.0047509,-0.0036621,2.5024,4.9786,0
-0.007019,-0.00015259,-0.005226,-0.0036621,2.5015,4.9792,0
-0.0016785,-0.00045776,-0.0047509,-0.0036621,2.5024,4.9805,0.00030518
0.011597,-0.00076294,-0.0042758,-0.0062561,2.5015,4.9792,0.00091553
0.01297,-0.0057983,-0.0042758,-0.0045776,2.5015,4.9789,0.00030518
0.0071716,-0.011902,-0.0042758,0.0013733,2.5003,4.9789,0.00061035
-0.0068665,-0.01236,-0.0047509,0.007019,2.5024,4.9783,0.00030518
-0.015411,-0.009613,-0.005701,0.007782,2.5012,4.9786,0.00030518
-0.011749,-0.015869,-0.005226,0.0016785,2.5009,4.9789,0.00030518
0.00061035,-0.028381,-0.0042758,-0.0053406,2.5012,4.9792,0.00030518
0.011749,-0.040588,-0.0047509,-0.010223,2.5012,4.9799,0.00061035
0.016327,-0.044556,-0.0033257,-0.0082397,2.5012,4.9796,-0.00061035
0.0097656,-0.039825,-0.0038007,-0.00030518,2.5012,4.9799,-0.00061035
-0.0022888,-0.031128,-0.0047509,0.0085449,2.5009,4.9789,0
-0.012665,-0.018768,-0.0042758,0.014038,2.5015,4.9783,0.00061035
-0.0091553,-0.00076294,-0.0047509,0.013123,2.5012,4.9786,0
-0.010376,0.014038,-0.0042758,0.0067139,2.5015,4.9792,0.00030518
-0.0074768,0.014954,-0.0047509,0.00015259,2.5015,4.9789,-0.00030518
0.0050354,0.0079346,-0.0047509,-0.0012207,2.5012,4.9789,0.00061035
0.01358,-0.00061035,-0.0033257,-0.0045776,2.5015,4.9792,0.00030518
0.014648,-0.0068665,-0.0042758,-0.0088501,2.5015,4.9777,0
0.016785,-0.0074768,-0.0047509,-0.012207,2.5015,4.9789,-0.00061035
0.0093079,-0.0035095,-0.0047509,-0.0062561,2.5012,4.9786,-0.00030518
-0.0039673,0.0041199,-0.0047509,0.0045776,2.5009,4.9799,0
-0.014648,0.0080872,-0.0047509,0.01297,2.5006,4.9789,0.00030518
-0.00091553,0.0065613,-0.0047509,0.01297,2.5009,4.9792,0.00030518
0.004425,0.0022888,-0.005226,0.0073242,2.5018,4.9786,-0.00061035
-0.0024414,-0.005188,-0.0047509,0.0019836,2.5015,4.9792,0.00061035
-0.011292,-0.0080872,-0.005226,0.00061035,2.5021,4.9792,-0.00061035
-0.010376,-0.0021362,-0.0042758,-0.0028992,2.5012,4.9792,0.00061035
-0.004425,0.011597,-0.0042758,-0.0088501,2.5012,4.9789,-0.00061035
-0.00091553,0.019531,-0.0047509,-0.0082397,2.5015,4.9792,0.00030518
0.00045776,0.019989,-0.0042758,0.0013733,2.5003,4.9796,0.00061035
-0.00061035,0.016632,-0.0047509,0.007782,2.5021,4.9792,-0.00061035
-0.0036621,0.0080872,-0.0047509,0.011902,2.5012,4.9777,0
-0.0021362,-0.0016785,-0.005226,0.012512,2.5009,4.978,0.00030518
-0.011292,-0.0041199,-0.0042758,0.013275,2.5012,4.9792,0
-0.011902,0.0015259,-0.0042758,0.012817,2.5015,4.9789,0
-0.0010681,0.0041199,-0.0042758,0.0071716,2.5009,4.9789,0.00030518
0.0012207,0.00076294,-0.0042758,0.0016785,2.5018,4.9802,0.00030518
-0.0038147,0.00015259,-0.005226,0.00015259,2.5012,4.9789,0.00030518
-0.0038147,0.0099182,-0.0042758,-0.00061035,2.5012,4.9786,0
0.0021362,0.019531,-0.0042758,-0.002594,2.5012,4.9792,0.00030518
0.0093079,0.023346,-0.0042758,-0.0041199,2.5009,4.9799,0
0.0053406,0.02533,-0.0047509,-0.00091553,2.5012,4.9796,0.00061035
0.0079346,0.023346,-0.0047509,0.0047302,2.5012,4.9792,-0.00091553
-0.00045776,0.024414,-0.005226,0.011902,2.5018,4.9786,0
-0.013123,0.026093,-0.0038007,0.0177,2.5012,4.9786,-0.00030518
-0.016479,0.023804,-0.0047509,0.01709,2.5006,4.978,-0.00030518
-0.011902,0.014801,-0.0042758,0.021057,2.5015,4.978,0
-0.0041199,0.0047302,-0.0042758,0.02243,2.5018,4.9777,0.00030518
-0.0027466,-0.0045776,-0.005226,0.019379,2.5009,4.9783,-0.00061035
-0.0053406,-0.011749,-0.005226,0.018311,2.5021,4.978,0.00061035
0.0016785,-0.009613,-0.0038007,0.016479,2.5018,4.9783,-0.00030518
0.00045776,0.00061035,-0.0042758,0.010071,2.5012,4.9777,0.00030518
0.0068665,0.0061035,-0.0042758,0.010376,2.5012,4.978,0
0.0039673,0.00030518,-0.0042758,0.015259,2.5021,4.9774,-0.00030518
-0.00091553,-0.0090027,-0.0042758,0.014343,2.5018,4.978,0.00030518
-0.005188,-0.0177,-0.005226,0.010376,2.5015,4.9777,0
-0.0057983,-0.018005,-0.0042758,0.012512,2.5018,4.9783,0
0,-0.016174,-0.0042758,0.015259,2.5015,4.9786,0
0.0048828,-0.015411,-0.0047509,0.016479,2.5015,4.9789,0
0.0097656,-0.0091553,-0.0042758,0.015564,2.5006,4.9786,0.00030518
0.0062561,-0.00076294,-0.005701,0.010071,2.5024,4.9786,0
-0.0041199,-0.00045776,-0.0047509,0.007782,2.5015,4.9786,-0.00030518
-0.0033569,-0.0083923,-0.005226,0.0097656,2.5009,4.9789,0
-0.0068665,-0.013733,-0.0047509,0.0064087,2.5015,4.9789,0
-0.011444,-0.010223,-0.0047509,0.00030518,2.5012,4.9792,0.00061035
-0.002594,-0.0012207,-0.005226,-0.0028992,2.5018,4.9789,0.00030518
0.0010681,0.004425,-0.0042758,0.00030518,2.5018,4.9786,0.00061035
-0.0035095,0.007782,-0.0038007,0.0047302,2.5015,4.9792,-0.00030518
-0.010986,0.0076294,-0.0042758,0.0080872,2.5015,4.978,0.00030518
-0.014343,0.0019836,-0.0042758,0.0076294,2.5018,4.9796,0.00061035
-0.0097656,-0.0057983,-0.005226,0.0073242,2.5009,4.9786,0
-0.0038147,-0.014801,-0.0047509,0.010986,2.5018,4.9771,0.00061035
0.014191,-0.025482,-0.0047509,0.012054,2.5015,4.9789,0.00091553
0.014343,-0.034943,-0.0042758,0.010223,2.5021,4.9783,0.00030518
0.0059509,-0.033722,-0.005701,0.016022,2.5021,4.9792,0
0.0074768,-0.029755,-0.0047509,0.019226,2.5027,4.9786,0.00030518
0.011139,-0.025635,-0.0047509,0.016785,2.5006,4.9786,0.00030518
0.0054932,-0.01709,-0.0042758,0.020752,2.5012,4.9792,0
-0.0012207,-0.0093079,-0.0047509,0.033264,2.5006,4.9792,-0.00030518
-0.0085449,-0.0059509,-0.0038007,0.035706,2.5021,4.9789,0
-0.0083923,-0.00045776,-0.0047509,0.029755,2.5012,4.9796,0
0.0018311,0.0057983,-0.005226,0.026703,2.5015,4.9789,0.00030518
0.0085449,0.010834,-0.0047509,0.023499,2.5009,4.9796,0.00061035
-0.0010681,0.012054,-0.005226,0.023804,2.5021,4.9789,0
-0.0061035,0.011749,-0.0042758,0.025787,2.5009,4.9789,0.00030518
-0.0027466,0.0093079,-0.0042758,0.026855,2.5027,4.9792,0
-0.010376,0.0022888,-0.0047509,0.029602,2.5015,4.9792,0.00030518
-0.014801,-0.0057983,-0.0047509,0.028839,2.5024,4.9792,0.00061035
-0.013733,-0.0085449,-0.0042758,0.025024,2.5015,4.9799,0.00030518
-0.016479,-0.0056458,-0.0033257,0.019989,2.5012,4.9789,-0.00030518
-0.022125,0.002594,-0.0047509,0.012817,2.5018,4.9792,-0.00030518
-0.020294,0.015106,-0.005226,0.011597,2.5012,4.9777,-0.00030518
-0.0030518,0.021973,-0.0047509,0.020447,2.5015,4.9789,-0.00061035
-0.00030518,0.024567,-0.005226,0.027313,2.5012,4.9786,-0.00061035
-0.0062561,0.023804,-0.005226,0.027008,2.5006,4.9786,-0.00061035
-0.0091553,0.016022,-0.0047509,0.024567,2.5003,4.9796,0.00061035
-0.00076294,0.0042725,-0.0047509,0.019531,2.5018,4.9786,-0.00030518
0.013123,0.00076294,-0.0042758,0.010986,2.5012,4.9789,0.00030518
0.010834,0.0012207,-0.0047509,0.0068665,2.5015,4.9783,0.00061035
0.014801,0.0018311,-0.005226,0.007782,2.5015,4.9786,0.00030518
0.01358,0.0032043,-0.0042758,0.0090027,2.5018,4.9789,-0.00061035
0.00030518,0.0016785,-0.0047509,0.010986,2.5015,4.9799,0.00030518
0.00076294,-0.0053406,-0.0042758,0.011292,2.5021,4.9789,-0.00030518
-0.0062561,-0.0068665,-0.0038007,0.009613,2.5009,4.9783,-0.00061035
-0.017548,-0.0035095,-0.0038007,0.0090027,2.5018,4.9789,0.00030518
-0.015717,-0.004425,-0.0047509,0.014038,2.5021,4.9786,0
-0.0085449,-0.0073242,-0.0047509,0.018616,2.5012,4.9786,-0.00030518
-0.0019836,-0.009613,-0.005226,0.016632,2.5015,4.9789,0
0.0013733,-0.0042725,-0.0042758,0.011597,2.5018,4.9796,0
0.0012207,0.00045776,-0.0042758,0.0079346,2.5015,4.9792,0.00030518
-0.00061035,0.0039673,-0.0042758,0.0030518,2.5009,4.9786,0
-0.0019836,0.0048828,-0.0047509,-0.00091553,2.5003,4.978,-0.00030518
0.0082397,0.0042725,-0.0042758,-0.0021362,2.5021,4.9792,0.00030518
0.0015259,0.0057983,-0.0038007,-0.0013733,2.5012,4.9792,0.00061035
-0.013123,0.0064087,-0.0047509,-0.0016785,2.5009,4.9789,0
-0.010834,0.002594,-0.0038007,0.0013733,2.5012,4.9786,0.00030518
0.0047302,0.00030518,-0.0038007,0.0062561,2.5021,4.9783,-0.00061035
0.013428,-0.00076294,-0.005226,0.0050354,2.5012,4.9786,0
0.014496,-0.00045776,-0.0042758,-0.0054932,2.5018,4.9789,0.00030518
0.011292,-0.00045776,-0.005226,-0.011139,2.5021,4.9789,0.00030518
0.0036621,0.0030518,-0.0047509,-0.013733,2.5015,4.9792,0.00030518
-0.010223,0.0056458,-0.005226,-0.012512,2.5009,4.9789,-0.00061035
-0.0068665,0.0065613,-0.0047509,-0.0076294,2.5006,4.9799,0
0.0022888,0.0030518,-0.0047509,-0.0041199,2.5006,4.9783,-0.00030518
0.0091553,-0.0038147,-0.0047509,-0.0053406,2.5009,4.978,0
0.013733,-0.0094604,-0.0047509,-0.0088501,2.5015,4.9774,0.00030518
0.0076294,-0.01236,-0.005226,-0.01709,2.5015,4.9774,-0.00030518
-0.0071716,-0.0076294,-0.0047509,-0.017242,2.5015,4.9786,0.00030518
-0.0093079,-0.00030518,-0.0047509,-0.010529,2.5015,4.9786,0
0.0021362,0.0033569,-0.0047509,-0.004425,2.5012,4.9774,0.0012207
0.0086975,0.0039673,-0.005226,-0.0088501,2.5012,4.9783,-0.00030518
0.014038,0.0030518,-0.005226,-0.022736,2.5018,4.9765,0.00030518
0.032043,0.00091553,-0.0047509,-0.027771,2.5018,4.9774,0
0.028229,-0.0013733,-0.0047509,-0.017242,2.5009,4.9774,0.00061035
0.013885,-0.0013733,-0.005226,-0.0061035,2.5012,4.9774,0.00061035
0.017242,-0.00061035,-0.0047509,-0.011139,2.5018,4.9774,-0.00030518
0.030212,-0.0042725,-0.0047509,-0.02182,2.5018,4.9774,0.00061035
0.033417,-0.0083923,-0.005226,-0.023651,2.5018,4.9786,0
0.026245,-0.0086975,-0.0047509,-0.019836,2.5015,4.9789,0
0.0086975,-0.009613,-0.0038007,-0.015717,2.5018,4.9783,-0.00030518
0,-0.007782,-0.0033257,-0.017853,2.5009,4.9799,0.00030518
-0.0048828,-0.0038147,-0.0042758,-0.015411,2.4994,4.9796,0
0.0012207,-0.0015259,-0.0042758,-0.0039673,2.5009,4.9786,0
0.005188,0.0019836,-0.0042758,0.0032043,2.5018,4.9789,0.00030518
0.0088501,0.0010681,-0.0042758,0.0030518,2.5021,4.9792,0
0.011444,-0.00030518,-0.0042758,0.0053406,2.5024,4.9786,0.00030518
0.010986,-0.0018311,-0.005226,0.011749,2.5009,4.9796,0.00030518
0.011749,-0.00045776,-0.0047509,0.011902,2.5012,4.9796,0.00030518
0.010223,-0.00030518,-0.0042758,0.0083923,2.5015,4.9789,0.00030518
0.0085449,-0.00030518,-0.0047509,0.007019,2.5015,4.9796,0.00061035
0.010071,-0.0018311,-0.0042758,0.0054932,2.5009,4.9792,-0.00030518
0.013885,-0.0033569,-0.0042758,0.0050354,2.5015,4.978,-0.00030518
0.017242,-0.00061035,-0.0038007,0.0074768,2.5018,4.9783,-0.00030518
0.012665,0.00015259,-0.0047509,0.0090027,2.5012,4.9792,-0.00030518
0.010529,-0.00015259,-0.0042758,0.011292,2.5006,4.9792,0.00030518
0.0068665,-0.00045776,-0.005226,0.013275,2.5015,4.9792,-0.00030518
-0.00076294,-0.00076294,-0.0047509,0.013885,2.5018,4.9786,-0.00061035
-0.0015259,0.00045776,-0.0047509,0.014191,2.5015,4.9783,0.00061035
0.0022888,0.002594,-0.0042758,0.011444,2.5012,4.9792,0.00030518
0.013428,0.0013733,-0.0042758,0.0065613,2.5015,4.9799,0
0.026245,-0.0012207,-0.0042758,0.0018311,2.5015,4.9786,-0.00030518
0.030823,-0.0050354,-0.005226,0.0021362,2.5018,4.9792,-0.00030518
0.02533,-0.0039673,-0.0042758,0.005188,2.5015,4.9786,0.00030518
0.0079346,-0.00030518,-0.0038007,0.0064087,2.5015,4.9796,0
0.0038147,0.00091553,-0.0042758,0.0062561,2.5018,4.9792,0
0.0019836,0.00045776,-0.0042758,0.0056458,2.5003,4.9796,0
-0.0013733,0.00076294,-0.0047509,0.0083923,2.5012,4.9786,-0.00061035
0.00045776,0.0015259,-0.005226,0.013885,2.5012,4.9799,0
-0.0071716,0.0028992,-0.0042758,0.016327,2.5015,4.9792,0.00061035
-0.0086975,0.0036621,-0.0042758,0.018768,2.5009,4.9792,-0.00061035
-0.00030518,0.0038147,-0.005226,0.022125,2.5009,4.9799,-0.00030518
-0.0036621,0.0042725,-0.005226,0.022888,2.5009,4.9786,0.00061035
-0.0082397,0.005188,-0.0042758,0.020599,2.5015,4.9777,0.00030518
-0.013885,0.0053406,-0.0047509,0.018463,2.5006,4.9796,0.00030518
-0.0013733,0.0032043,-0.0047509,0.011902,2.5012,4.9786,-0.00030518
0.0059509,-0.0018311,-0.0028506,0.0065613,2.5021,4.9799,0.00030518
0.0012207,-0.0010681,-0.0038007,0.0061035,2.5034,4.978,0.00061035
-0.010834,0.0019836,-0.0047509,0.0050354,2.5024,4.978,-0.00030518
-0.021667,0.0012207,-0.0042758,0.0059509,2.5012,4.9786,-0.00030518
-0.020905,0,-0.0047509,0.0057983,2.5,4.9786,-0.00030518
-0.010376,0.0015259,-0.0047509,0.0035095,2.5003,4.9789,-0.00030518
-0.0064087,0.0036621,-0.0033257,0.0028992,2.5018,4.9796,-0.00030518
-0.0012207,0.0028992,-0.0047509,0.0062561,2.5015,4.9786,0.00061035
-0.00030518,0.0033569,-0.005226,0.0050354,2.5012,4.9796,-0.00061035
0.010223,0.0062561,-0.0033257,0.002594,2.5015,4.9792,0.00030518
0.0085449,0.0083923,-0.0047509,0.0010681,2.5006,4.9789,-0.00030518
0.002594,0.0090027,-0.0047509,0.0030518,2.5012,4.9789,-0.00061035
-0.0013733,0.0067139,-0.0042758,0.0042725,2.5021,4.9786,0
-0.0038147,0.0045776,-0.0042758,0.0036621,2.5012,4.9786,0.00061035
-0.004425,0.0032043,-0.005226,0.0024414,2.5009,4.9789,0.00030518
-0.0042725,0.0042725,-0.0047509,0.00015259,2.5012,4.9789,0
0.0042725,0.0056458,-0.005226,-0.0028992,2.5024,4.9783,-0.00061035
0.026398,0.0053406,-0.0042758,-0.0086975,2.5009,4.9789,0.00030518
0.01297,0.00076294,-0.0033257,-0.013733,2.5015,4.9789,0.00030518
-0.0027466,-0.0024414,-0.0038007,-0.0090027,2.5015,4.9777,0.00030518
-0.00061035,-0.00061035,-0.005701,-0.002594,2.5021,4.9792,0.00030518
-0.004425,0.0010681,-0.0038007,-0.0028992,2.5009,4.9796,-0.00061035
-0.0059509,0.0021362,-0.0042758,-0.0056458,2.5012,4.9786,-0.00030518
-0.0038147,0.0028992,-0.0047509,-0.0048828,2.5003,4.9789,0
-0.0019836,0.0054932,-0.0047509,-0.007782,2.5015,4.9792,-0.00030518
0.00076294,0.0027466,-0.0042758,-0.01297,2.5009,4.9786,-0.00030518
0.0035095,-0.00061035,-0.0047509,-0.016632,2.5015,4.9789,-0.00061035
0.015717,-0.00030518,-0.005226,-0.018158,2.5012,4.9799,0
0.011749,0.0012207,-0.0033257,-0.020599,2.5015,4.9783,0.00030518
0.013428,0.00045776,-0.0042758,-0.020142,2.5012,4.9777,0.00030518
0.035858,-0.00015259,-0.0047509,-0.016022,2.5018,4.9777,0
0.034943,0.0019836,-0.0042758,-0.010986,2.5018,4.9774,0.00030518
0.0073242,0.0027466,-0.005226,-0.0099182,2.5024,4.9786,0
-0.0036621,0.0010681,-0.0038007,-0.0088501,2.5015,4.9783,0
0.0053406,-0.00015259,-0.0047509,-0.010681,2.5009,4.9777,-0.00030518
0.0042725,-0.0016785,-0.0042758,-0.015411,2.5003,4.978,0.00061035
-0.013733,-0.00045776,-0.0042758,-0.018005,2.5015,4.9768,0.00030518
-0.026245,0.0010681,-0.005226,-0.014038,2.5003,4.9771,0.00030518
-0.041046,-0.00076294,-0.0061761,-0.0088501,2.5012,4.9783,-0.00061035
-0.039978,-0.0012207,-0.0042758,-0.0079346,2.5018,4.978,0.00091553
-0.036163,0.00045776,-0.0047509,-0.0086975,2.5018,4.9777,0
-0.032959,0.0028992,-0.0038007,-0.0053406,2.5018,4.9777,0.00030518
-0.027161,0.002594,-0.005226,-0.004425,2.5018,4.9789,-0.00061035
-0.022888,0.00076294,-0.0047509,-0.0083923,2.5012,4.9789,0
-0.022278,0.00076294,-0.0038007,-0.010834,2.5027,4.9789,-0.00030518
-0.026703,0.0024414,-0.0038007,-0.0093079,2.5012,4.978,-0.00030518
-0.031738,0.0038147,-0.0042758,-0.010986,2.5018,4.9789,-0.00061035
-0.017853,0.005188,-0.0042758,-0.017548,2.5015,4.9789,0
-0.0012207,0.0068665,-0.0038007,-0.022888,2.5012,4.9786,-0.00030518
0.025482,0.005188,-0.0038007,-0.024567,2.5012,4.9789,-0.00030518
0.015564,0.0056458,-0.0033257,-0.02533,2.5009,4.9786,0
0.0097656,0.007782,-0.0047509,-0.027161,2.5018,4.9789,0
0.0036621,0.0062561,-0.0038007,-0.027924,2.5009,4.9786,0.00061035
-0.0018311,0.0033569,-0.0047509,-0.024719,2.5012,4.9786,0
0.00061035,0.002594,-0.0042758,-0.02594,2.5003,4.9789,0
0.0085449,-0.00061035,-0.005226,-0.039215,2.5021,4.9789,-0.00030518
0.0073242,-0.0027466,-0.005226,-0.044556,2.5009,4.9774,0
0.01358,-0.0042725,-0.005226,-0.040436,2.5031,4.9789,0.00030518
0.037537,-0.0015259,-0.0038007,-0.030365,2.5015,4.9796,-0.00030518
0.071106,0.00076294,-0.0038007,-0.024719,2.5012,4.9792,-0.00030518
0.058289,0.0015259,-0.005226,-0.024261,2.5003,4.9789,-0.00030518
0.037689,0.00076294,-0.0042758,-0.024872,2.5006,4.9792,-0.00030518
0.048065,-0.00030518,-0.0038007,-0.022583,2.5015,4.9792,0.00030518
0.046844,-0.0016785,-0.005226,-0.017395,2.5018,4.9799,-0.00061035
0.037689,-0.0039673,-0.0047509,-0.012512,2.5006,4.9796,0
0.035858,-0.0065613,-0.0047509,-0.0086975,2.5018,4.9792,0.00030518
0.025024,-0.0050354,-0.0047509,-0.0071716,2.5012,4.9789,0
0.0032043,-0.0024414,-0.005226,-0.007019,2.5009,4.9792,0.00030518
-0.031586,-0.0036621,-0.0038007,-0.0064087,2.5018,4.9786,0.00030518
-0.042419,-0.0010681,-0.0042758,-0.0082397,2.5015,4.9796,0.00030518
-0.043793,0.0036621,-0.0042758,-0.013123,2.5018,4.9789,0.00061035
-0.028992,0.0047302,-0.0038007,-0.0177,2.5009,4.9786,0.00030518
-0.020294,0.0021362,-0.005226,-0.017395,2.5003,4.9792,0.00061035
-0.019836,0.0010681,-0.0042758,-0.014496,2.5006,4.9786,-0.00091553
-0.017548,0.00015259,-0.0047509,-0.012817,2.5009,4.9796,-0.00030518
-0.0073242,0.00091553,-0.0038007,-0.010223,2.5009,4.9796,0.00030518
-0.00030518,0.0027466,-0.0042758,-0.0062561,2.5021,4.9789,-0.00030518
0.0059509,0.0039673,-0.0042758,-0.0067139,2.5009,4.9789,0
0.0093079,0.0028992,-0.0047509,-0.0067139,2.5009,4.9789,0.00030518
0.0032043,-0.00045776,-0.0042758,-0.011444,2.5015,4.9792,0.00061035
-0.0013733,-0.0027466,-0.0042758,-0.016479,2.5006,4.9792,0
0,-0.00061035,-0.0042758,-0.02121,2.5021,4.978,-0.00030518
-0.0041199,0.00015259,-0.0047509,-0.016174,2.5012,4.9789,0
-0.01236,-0.00045776,-0.0042758,-0.007782,2.5009,4.9799,-0.00061035
-0.018921,-0.00076294,-0.005226,-0.0033569,2.5009,4.9792,0.00030518
-0.007019,0.00030518,-0.0047509,-0.0013733,2.5006,4.9786,0.00061035
0.00091553,0.002594,-0.0042758,-0.00076294,2.5,4.9786,0
-0.080872,0.005188,-0.0047509,-0.0033569,2.5021,4.9792,0.00030518
-0.093536,0.0090027,-0.0047509,-0.010681,2.5012,4.9789,0.00091553
0.015411,0.007019,-0.0038007,-0.015411,2.5018,4.9789,0
0.067749,0.0038147,-0.0047509,-0.016022,2.5018,4.9786,0.00030518
-0.023041,0.004425,-0.0042758,-0.010071,2.5018,4.9789,0.00061035
-0.075989,0.0038147,-0.005226,-0.0022888,2.5015,4.9789,0.00030518
-0.012665,0.00091553,-0.0047509,0,2.5006,4.9783,-0.00030518
0.036774,0.0022888,-0.005226,-0.0048828,2.5012,4.9786,0.00030518
0.027161,0.0013733,-0.0047509,-0.014038,2.5024,4.9786,0.00061035
0.00061035,-0.0012207,-0.0042758,-0.021515,2.5018,4.978,0.00030518
0.0033569,-0.0038147,-0.0047509,-0.02121,2.5003,4.9777,0.00091553
0.00076294,-0.0050354,-0.0047509,-0.014038,2.5024,4.9774,-0.00061035
0.014801,-0.0019836,-0.0047509,-0.0093079,2.5012,4.9786,0.00030518
0.028839,0.00076294,-0.0042758,-0.013733,2.5015,4.9786,0
0.024872,0.00015259,-0.0047509,-0.020752,2.5024,4.9789,0.00030518
0.019073,-0.00045776,-0.005226,-0.020752,2.5015,4.9789,0.00030518
0.029602,0.00061035,-0.005226,-0.018768,2.5012,4.9786,0.00030518
0.035706,0.00045776,-0.0033257,-0.016937,2.5018,4.9796,0
0.038757,-0.0028992,-0.0033257,-0.010834,2.5012,4.9789,0
0.018311,-0.0050354,-0.0047509,-0.0042725,2.5018,4.9786,0.00030518
0.0050354,-0.0042725,-0.0047509,0.00091553,2.5015,4.9792,0.00061035
0.0088501,-0.0033569,-0.005226,0.00015259,2.5027,4.9783,-0.00030518
0.037079,-0.0045776,-0.0047509,0.00061035,2.5018,4.978,-0.00061035
0.055084,-0.0054932,-0.0042758,0.0042725,2.5006,4.978,-0.00091553
0.0177,-0.0042725,-0.0047509,0.0065613,2.5012,4.978,0.00091553
-0.014648,-0.0035095,-0.0047509,0.0061035,2.5003,4.9783,0.00061035
-0.014038,-0.0032043,-0.0047509,0.0038147,2.5009,4.9783,0.00030518
-0.004425,-0.0019836,-0.0047509,0.0062561,2.5012,4.9786,0
-0.010834,0.00015259,-0.0042758,0.0093079,2.5018,4.9777,0
-0.022278,0.00030518,-0.0042758,0.0086975,2.5009,4.9771,0
-0.009613,-0.0016785,-0.0047509,0.01236,2.5012,4.9777,0.00030518
0.014801,-0.0042725,-0.0033257,0.015717,2.5012,4.9774,0
-0.0041199,-0.0056458,-0.0047509,0.019226,2.5018,4.9774,0.00030518
-0.033722,-0.0068665,-0.0042758,0.026245,2.5015,4.978,0.00030518
-0.032501,-0.0056458,-0.0042758,0.030518,2.5012,4.978,0
-0.010681,-0.0039673,-0.0047509,0.026398,2.5012,4.9792,-0.00061035
-0.0080872,-0.00076294,-0.005226,0.022583,2.5018,4.9786,0.00030518
-0.015717,0.0012207,-0.0047509,0.020447,2.5009,4.9789,0
-0.0080872,0.0027466,-0.0047509,0.021362,2.5012,4.9783,0
-0.012054,0.0027466,-0.0042758,0.023041,2.5018,4.9796,0.00030518
-0.012207,-0.00061035,-0.0042758,0.022888,2.5012,4.9792,0.00030518
-0.016937,-0.0010681,-0.0047509,0.020905,2.5012,4.9786,0
-0.019836,-0.00061035,-0.0042758,0.021362,2.5009,4.9786,0.00030518
-0.018921,-0.0018311,-0.005226,0.023651,2.5018,4.9786,0
-0.022125,-0.0028992,-0.005226,0.027771,2.5012,4.9789,0.00030518
-0.031891,-0.0032043,-0.0047509,0.030365,2.5009,4.9789,0.00030518
-0.035248,-0.0032043,-0.0042758,0.032501,2.5031,4.9792,-0.00091553
-0.028992,-0.0030518,-0.0047509,0.031738,2.5015,4.9783,0.00061035
-0.017548,-0.0032043,-0.0042758,0.029449,2.5009,4.9789,0.00030518
-0.018463,-0.0042725,-0.0042758,0.029755,2.5009,4.9777,0.00030518
-0.011139,-0.0056458,-0.0033257,0.032654,2.5012,4.9789,0
-0.014801,-0.0067139,-0.005226,0.033875,2.5018,4.9796,0
-0.016479,-0.0091553,-0.0042758,0.028076,2.5021,4.9796,0
0.0018311,-0.010223,-0.0038007,0.018616,2.5009,4.978,0.00030518
-0.007782,-0.0091553,-0.0042758,0.016785,2.5018,4.9777,0
-0.025482,-0.0083923,-0.005226,0.025635,2.5009,4.9792,0
-0.037384,-0.0068665,-0.0042758,0.036163,2.5009,4.9792,0.00030518
-0.039368,-0.0033569,-0.0047509,0.039215,2.5009,4.9796,0.00030518
-0.030365,0.00015259,-0.0028506,0.035095,2.5003,4.9792,0.00061035
-0.0177,-0.0010681,-0.0038007,0.03006,2.5,4.9786,0.00061035
-0.0056458,-0.00015259,-0.0047509,0.032806,2.5015,4.9786,0
-0.017395,0.002594,-0.0038007,0.036774,2.5012,4.9796,-0.00030518
-0.028992,0.0074768,-0.0042758,0.037689,2.5009,4.9792,0
-0.026855,0.011902,-0.0042758,0.036621,2.5009,4.9796,-0.00030518
-0.015564,0.013885,-0.0042758,0.032806,2.5012,4.9792,0.00030518
0.00015259,0.012817,-0.0047509,0.03006,2.5015,4.9805,0.00061035
-0.0073242,0.013123,-0.0047509,0.029449,2.5015,4.9786,0
0.0021362,0.011292,-0.0042758,0.028687,2.5015,4.9796,-0.00030518
0,0.0083923,-0.0038007,0.027924,2.5018,4.9796,0
-0.012817,0.0057983,-0.0047509,0.021973,2.5009,4.9777,0.00061035
0.0019836,0.0018311,-0.0038007,0.018616,2.5015,4.9789,-0.00030518
0.0076294,-0.0013733,-0.0042758,0.025635,2.5018,4.9799,0.00030518
-0.0042725,-0.0065613,-0.005701,0.034637,2.5021,4.9789,-0.00030518
-0.0079346,-0.0082397,-0.0047509,0.038452,2.5009,4.9796,-0.00030518
-0.0036621,-0.0083923,-0.0038007,0.040283,2.5012,4.9799,0.00030518
-0.0065613,-0.0045776,-0.0042758,0.042114,2.5009,4.9792,0
-0.009613,-0.0012207,-0.0047509,0.041351,2.5003,4.9789,0.00030518
-0.0082397,0.00015259,-0.0047509,0.039368,2.5021,4.9786,0
-0.009613,0.00015259,-0.005701,0.038757,2.5015,4.9789,-0.00030518
-0.011597,0.00076294,-0.0047509,0.039063,2.5021,4.9789,-0.00030518
0.00030518,0.0024414,-0.0042758,0.038605,2.5009,4.9789,0.00030518
0.0028992,0.0039673,-0.0038007,0.039673,2.5006,4.9792,0
-0.0062561,0.0028992,-0.0042758,0.045471,2.5018,4.9789,0.00030518
-0.0086975,0.00091553,-0.0042758,0.048981,2.5018,4.9796,-0.00030518
-0.0080872,0.00045776,-0.0047509,0.048981,2.5018,4.9786,0
-0.017242,0.0015259,-0.0042758,0.04776,2.5015,4.9783,-0.00030518
-0.022583,-0.00030518,-0.0047509,0.041504,2.5012,4.9796,0.00061035
-0.019684,0.00015259,-0.005226,0.031433,2.5015,4.9786,0.00061035
-0.0048828,0.0036621,-0.0042758,0.02655,2.5006,4.9796,0.00030518
0.034637,0.0035095,-0.0047509,0.026398,2.5015,4.9771,0
0.048218,-0.00030518,-0.005226,0.023193,2.5012,4.9786,0
0.038452,-0.0035095,-0.0047509,0.020905,2.5015,4.9799,0.00030518
0.033417,-0.0048828,-0.0047509,0.022125,2.5012,4.9786,0.00030518
0.00030518,-0.0042725,-0.005226,0.019226,2.5018,4.9796,0
-0.025024,-0.0033569,-0.0047509,0.012817,2.5,4.9786,-0.00030518
-0.0080872,-0.0032043,-0.0042758,0.010376,2.5015,4.9786,-0.00030518
-0.0030518,-0.0032043,-0.0047509,0.0099182,2.5012,4.9789,0.00030518
-0.015717,-0.0032043,-0.0042758,0.0059509,2.5027,4.9792,0.00061035
-0.025177,-0.0047302,-0.0038007,0.0030518,2.5015,4.9799,0
-0.022278,-0.0064087,-0.005226,0.0013733,2.5009,4.9805,-0.00030518
-0.0071716,-0.0076294,-0.0042758,-0.0030518,2.5006,4.9789,-0.00030518
-0.0076294,-0.0053406,-0.0047509,-0.0039673,2.5003,4.978,-0.00061035
-0.0091553,-0.0036621,-0.0047509,-0.00076294,2.5006,4.9783,-0.00061035
-0.0056458,-0.0033569,-0.0028506,-0.00030518,2.5021,4.978,-0.00030518
-0.0086975,-0.0030518,-0.005226,-0.00045776,2.5009,4.9777,0.00030518
-0.012817,-0.0045776,-0.0042758,0.00045776,2.5012,4.9774,0
-0.0071716,-0.005188,-0.0038007,0.0045776,2.5006,4.978,-0.00030518
-0.0022888,-0.0041199,-0.005226,0.0082397,2.5015,4.9777,0.00061035
-0.005188,-0.0016785,-0.005226,0.012817,2.5021,4.9783,0.00030518
-0.014954,-0.0022888,-0.005226,0.016785,2.5012,4.9768,0.00061035
-0.0093079,-0.0041199,-0.0047509,0.016174,2.5015,4.9774,0
0.010986,-0.0041199,-0.005226,0.012665,2.5009,4.9771,0.00030518
0.00076294,-0.0019836,-0.0047509,0.0079346,2.5015,4.9774,-0.00030518
-0.016022,-0.00076294,-0.0042758,0.010681,2.5006,4.978,0
-0.011139,-0.00030518,-0.005226,0.015717,2.5018,4.9777,0
-0.0053406,0.00061035,-0.0038007,0.022583,2.5015,4.9783,-0.00061035
-0.0080872,0.0028992,-0.005226,0.021515,2.5018,4.9792,0.00030518
-0.011444,0.0010681,-0.0047509,0.018005,2.5006,4.9786,-0.00030518
-0.007782,0,-0.005226,0.015411,2.5012,4.9786,0
-0.0042725,0.00061035,-0.0038007,0.013885,2.5,4.9789,0.00030518
0.010376,0.0015259,-0.0047509,0.010681,2.5012,4.9792,0.00030518
0.024567,0.00045776,-0.0042758,0.0083923,2.5009,4.9792,-0.00030518
0.019073,-0.0028992,-0.0047509,0.010223,2.5018,4.9789,0
-0.0022888,-0.0047302,-0.005226,0.0088501,2.5012,4.9796,-0.00061035
-0.013275,-0.0030518,-0.005226,0.0041199,2.5015,4.9796,0.00030518
-0.0082397,-0.0024414,-0.0038007,0.0024414,2.5009,4.9799,0
0.0074768,-0.0016785,-0.0047509,0.0035095,2.5021,4.9783,0.00030518
-0.0015259,-0.0019836,-0.0047509,0.0093079,2.5009,4.9792,0.00061035
-0.013275,-0.0028992,-0.0042758,0.0094604,2.5018,4.9796,-0.00030518
-0.01709,-0.0028992,-0.0042758,0.0057983,2.5012,4.9783,-0.00030518
-0.0018311,-0.0032043,-0.0042758,0.0056458,2.5012,4.9783,0
0.020752,-0.0032043,-0.0038007,0.0073242,2.5018,4.9783,-0.00061035
0.040741,-0.0016785,-0.0061761,0.007019,2.5009,4.9789,0.00030518
0.018616,0.00045776,-0.0047509,0.0050354,2.5009,4.9792,0.00061035
-0.0074768,0.00015259,-0.0047509,0.002594,2.5009,4.9799,0.00030518
-0.0024414,0.0019836,-0.0047509,0.0012207,2.5015,4.9789,-0.00030518
0.015869,0.0021362,-0.005701,0.0048828,2.5012,4.9792,0.00061035
0.0016785,0.00076294,-0.0038007,0.0076294,2.5009,4.9792,-0.00061035
-0.013428,0.0010681,-0.005226,0.0057983,2.5006,4.9789,-0.00030518
-0.013885,0.0039673,-0.0042758,0.0068665,2.5006,4.9796,0
0.0080872,0.0019836,-0.0047509,0.009613,2.5018,4.9792,0
0.007782,-0.00076294,-0.0047509,0.0079346,2.5018,4.9792,0.00030518
-0.010681,-0.0038147,-0.005226,0.0093079,2.5021,4.9796,0
-0.01358,-0.0056458,-0.0047509,0.011902,2.5006,4.9786,-0.00061035
-0.004425,-0.0057983,-0.0033257,0.011292,2.5012,4.9789,-0.00030518
-0.00045776,-0.0030518,-0.0047509,0.0076294,2.5006,4.9792,0.00030518
-0.007782,0.00015259,-0.0047509,0.0054932,2.5012,4.9796,0.00061035
-0.011292,0.0032043,-0.005226,0.011292,2.5015,4.9796,-0.00030518
-0.013428,0.0038147,-0.0047509,0.020294,2.5018,4.9802,-0.00061035
-0.019379,0.0042725,-0.0038007,0.023041,2.5003,4.9786,0.00030518
-0.017242,0.007019,-0.0042758,0.021667,2.5009,4.9792,0
-0.016479,0.0085449,-0.005226,0.018921,2.5006,4.9796,0.00061035
-0.016632,0.0065613,-0.0047509,0.018463,2.5021,4.9789,0.00061035
-0.016022,0.0045776,-0.0047509,0.017548,2.5009,4.9792,0
-0.010986,0.0054932,-0.005226,0.016174,2.5024,4.9777,-0.00030518
-0.0061035,0.0064087,-0.0047509,0.015106,2.5012,4.9771,0
-0.0032043,0.0080872,-0.005226,0.014343,2.5015,4.9777,-0.00030518
-0.0042725,0.011292,-0.0042758,0.01297,2.5009,4.978,0.00030518
-0.0061035,0.0093079,-0.0047509,0.01297,2.5003,4.9792,0
-0.0015259,0.0047302,-0.0047509,0.010071,2.5021,4.9796,0.00030518
0.028534,0.0036621,-0.005226,0.0067139,2.5015,4.9786,0
0.045624,0.0016785,-0.0033257,0.0065613,2.5018,4.9789,0.00030518
0.01358,-0.00030518,-0.0047509,0.0076294,2.5003,4.9796,0.00061035
0.0018311,-0.0019836,-0.0042758,0.011139,2.5018,4.9789,0.00030518
-0.017395,-0.002594,-0.0061761,0.010071,2.5021,4.9799,0.00030518
-0.023346,-0.0016785,-0.0042758,0.0064087,2.5009,4.9789,0.00030518
-0.011597,0.00015259,-0.0047509,-0.0019836,2.5018,4.9792,-0.00030518
0.00076294,0.0015259,-0.005226,-0.007782,2.5012,4.9789,0
0.0061035,0.0027466,-0.005226,-0.0094604,2.5003,4.9796,-0.00030518
0.014801,0.0036621,-0.0047509,-0.0086975,2.5021,4.978,0.00061035
0.018768,0.0041199,-0.0047509,-0.007782,2.5015,4.9796,0
0.0045776,0.0016785,-0.005226,-0.0059509,2.5015,4.9796,0.00030518
-0.0065613,0.00076294,-0.0042758,-0.0036621,2.5018,4.9792,0
-0.0080872,0.0056458,-0.0042758,0.0010681,2.5027,4.9789,0.00030518
-0.016174,0.0056458,-0.0047509,0.0067139,2.5012,4.9796,0.00030518
-0.019531,0.0030518,-0.0038007,0.010986,2.5021,4.9789,0.00030518
-0.004425,0.00091553,-0.005226,0.015411,2.5006,4.9789,-0.00061035
-0.0071716,0.0010681,-0.0042758,0.016785,2.5012,4.9792,-0.00030518
-0.016022,0.0027466,-0.0042758,0.013123,2.5006,4.9792,-0.00030518
-0.019226,0.0041199,-0.0033257,0.0073242,2.5015,4.9792,0.00061035
-0.01297,0.0038147,-0.0042758,0.004425,2.5015,4.9792,0
-0.010834,0.0056458,-0.005226,0.0074768,2.5012,4.978,0.00030518
-0.02182,0.0053406,-0.0042758,0.010376,2.5003,4.9783,0.00030518
-0.028076,0.0019836,-0.0038007,0.012207,2.5003,4.9783,0
-0.016022,-0.0012207,-0.0042758,0.013733,2.5018,4.9777,0.00061035
-0.0018311,-0.0016785,-0.0042758,0.015106,2.5015,4.9777,0.00030518
-0.0016785,-0.00091553,-0.0061761,0.01358,2.5018,4.9786,0.00030518
-0.0048828,0.0019836,-0.0047509,0.015869,2.5009,4.9783,0.00030518
-0.0035095,0.005188,-0.005226,0.018616,2.5021,4.9783,0.00030518
0.0076294,0.0039673,-0.005226,0.015869,2.5015,4.9774,0.00061035
0.020447,0.0022888,-0.0047509,0.012817,2.5021,4.9768,0.00030518
0.031281,0.0016785,-0.005226,0.010681,2.5012,4.9783,0
0.037079,0.0018311,-0.0047509,0.011139,2.5012,4.978,0
0.012817,0.0019836,-0.005226,0.01236,2.5012,4.9774,0
-0.015869,-0.00076294,-0.0042758,0.015717,2.5009,4.9777,0.00030518
-0.011902,-0.0022888,-0.0038007,0.019073,2.5012,4.9783,-0.00061035
0.0019836,-0.0028992,-0.0047509,0.016174,2.5012,4.9789,0.00030518
-0.0054932,-0.0018311,-0.0047509,0.01236,2.5009,4.9786,0.00030518
-0.017395,-0.0022888,-0.0047509,0.007782,2.5012,4.9792,0.00030518
-0.020447,-0.0042725,-0.005226,0.0038147,2.5015,4.9792,-0.00030518
-0.011139,-0.0041199,-0.0042758,0.0027466,2.5012,4.9786,-0.00030518
-0.014496,-0.0019836,-0.0047509,0.0068665,2.5012,4.9799,-0.00061035
-0.012054,0.002594,-0.0047509,0.0073242,2.5021,4.9786,0.00030518
-0.004425,0.0033569,-0.0042758,0.0018311,2.5006,4.9796,-0.00061035
-0.0019836,0.00076294,-0.005226,-0.0059509,2.5021,4.9789,-0.00030518
-0.0024414,0.0035095,-0.005226,-0.011597,2.5018,4.9789,0
-0.0050354,0.0045776,-0.0047509,-0.010223,2.5009,4.9783,0
-0.0042725,0.004425,-0.005226,-0.0038147,2.5012,4.9792,-0.00091553
-0.0094604,0.0065613,-0.0047509,0.00061035,2.5012,4.9792,-0.00061035
-0.012207,0.0073242,-0.005226,0.0036621,2.5006,4.9777,0
-0.010376,0.0041199,-0.0042758,0.0086975,2.5021,4.9786,0.00061035
-0.021362,0.0038147,-0.005701,0.014038,2.5009,4.9789,0.00030518
-0.020905,0.0053406,-0.0038007,0.01709,2.5003,4.9789,0.00030518
-0.0097656,0.0036621,-0.005226,0.012817,2.5009,4.9792,0.00030518
-0.0028992,0.0021362,-0.0047509,0.0067139,2.5015,4.9796,-0.00030518
0.0028992,0.0016785,-0.0038007,0.0033569,2.5012,4.9792,-0.00061035
0.0062561,0.004425,-0.0028506,0.0019836,2.5012,4.978,0.00030518
0.013275,0.0036621,-0.0042758,0.0021362,2.5024,4.9811,0.00061035
0.014496,0.0022888,-0.005226,0.0038147,2.5009,4.9799,-0.00061035
0.014191,0.0028992,-0.0047509,0.0067139,2.5015,4.9792,-0.00030518
0.024567,0.005188,-0.0042758,0.0042725,2.5006,4.9789,0
0.023804,0.0065613,-0.0042758,-0.0030518,2.5015,4.9789,0.00061035
0.019226,0.0027466,-0.0042758,-0.0086975,2.5009,4.9792,0.00030518
0.017395,0.0015259,-0.0038007,-0.0047302,2.5021,4.9789,-0.00061035
0.014038,0.002594,-0.005226,0,2.5015,4.9789,0
0.0067139,0.0035095,-0.0047509,0.0045776,2.5015,4.9789,0
0.010986,0.0028992,-0.0042758,0.004425,2.4997,4.9789,0.00030518
0.042725,0.00091553,-0.0042758,0.0021362,2.5015,4.9799,0
0.028381,-0.00015259,-0.0047509,-0.0027466,2.5006,4.9789,0
-0.011597,0.00061035,-0.0047509,-0.0030518,2.5006,4.9786,0.00030518
-0.0028992,0.00015259,-0.0047509,-0.0041199,2.5012,4.9796,-0.00030518
0.013275,0.0021362,-0.0033257,-0.0090027,2.5018,4.9796,0
0.011902,0.0022888,-0.0047509,-0.011749,2.5018,4.9783,0
0.0048828,0.0018311,-0.0038007,-0.0050354,2.5024,4.9792,-0.00030518
-0.0024414,0.0013733,-0.0047509,0.0068665,2.5012,4.9796,-0.00030518
-0.0061035,0.00045776,-0.0047509,0.016174,2.5015,4.9786,0.00030518
-0.013123,-0.00045776,-0.005226,0.02182,2.5012,4.9783,-0.00061035
-0.013123,0.00045776,-0.005226,0.020752,2.5009,4.9792,0.00030518
-0.0039673,0.0027466,-0.005226,0.014191,2.5009,4.9796,0.00030518
0.0061035,0.0010681,-0.0033257,0.0067139,2.5006,4.9792,0.00030518
0.020905,0,-0.005226,0.0022888,2.5018,4.9789,0
0.018768,0.0018311,-0.005226,0.0030518,2.5012,4.9789,-0.00030518
0.011139,0.0036621,-0.0047509,0.0012207,2.5009,4.9792,-0.00030518
0.0085449,0.0018311,-0.0047509,-0.0054932,2.5021,4.9786,0.00030518
0.010376,-0.0013733,-0.005226,-0.011902,2.5015,4.9786,0
0.020447,-0.00015259,-0.0042758,-0.012665,2.5015,4.9783,-0.00030518
0.028381,0.0010681,-0.0047509,-0.0083923,2.5009,4.9789,0.00061035
0.0045776,0.0016785,-0.005701,0.00061035,2.5012,4.9783,-0.00030518
-0.013123,0.0032043,-0.0047509,0.0085449,2.5024,4.9786,-0.00030518
-0.013428,0.0013733,-0.0047509,0.013275,2.5015,4.9786,0
0.00091553,-0.0015259,-0.0042758,0.014191,2.5015,4.978,-0.00061035
-0.0027466,0.00091553,-0.0038007,0.0059509,2.5015,4.9786,0.00030518
-0.0053406,0.0035095,-0.005226,-0.0064087,2.5015,4.9786,0.00030518
-0.0010681,0.0015259,-0.0047509,-0.012817,2.5009,4.9802,0.00030518
0.0080872,-0.00030518,-0.0042758,-0.012512,2.5009,4.9792,0
0.017242,-0.00030518,-0.0047509,-0.0073242,2.5021,4.9792,-0.00030518
0.019531,-0.0019836,-0.005226,-0.0028992,2.5015,4.9789,0.00061035
0.011902,-0.0039673,-0.0047509,-0.00030518,2.5006,4.9786,0.00030518
0.0074768,-0.0041199,-0.0047509,0.00015259,2.5012,4.9792,-0.00061035
-0.004425,-0.0035095,-0.0047509,-0.0018311,2.5012,4.9792,0.00030518
-0.0038147,-0.0016785,-0.0047509,-0.0039673,2.5018,4.9796,-0.00030518
0.0012207,-0.00091553,-0.0042758,-0.0047302,2.5018,4.9786,0.00030518
0.0073242,-0.00076294,-0.0047509,-0.0094604,2.5015,4.978,0.00030518
0.014801,0.00061035,-0.0047509,-0.016327,2.5003,4.9786,-0.00030518
0.0085449,0.0027466,-0.0047509,-0.018463,2.5012,4.978,0.00030518
-0.0042725,0.0012207,-0.0047509,-0.01358,2.5009,4.9789,0
-0.0041199,0.0010681,-0.0047509,-0.010681,2.5012,4.9774,0.00030518
-0.0038147,0.0015259,-0.0042758,-0.0076294,2.5012,4.978,0.00061035
-0.0097656,0.0015259,-0.0038007,-0.00045776,2.5018,4.9783,0.00061035
-0.013428,0.0028992,-0.005226,0.0061035,2.5009,4.9774,-0.00030518
0.00076294,0.0041199,-0.0047509,0.0085449,2.5012,4.9765,0
0.0013733,0.004425,-0.0047509,0.0073242,2.5009,4.9783,0.00061035
-0.007782,0.0036621,-0.0047509,0.0053406,2.5021,4.9774,0
-0.004425,0.0030518,-0.0047509,0.0035095,2.5009,4.9777,0.00030518
0.0061035,0.0035095,-0.005701,-0.00045776,2.5021,4.978,0
0.0073242,0.0054932,-0.0033257,-0.0015259,2.5018,4.9786,0
0.0010681,0.0036621,-0.0042758,-0.00061035,2.5018,4.9786,0.00030518
0.00015259,0.00076294,-0.0042758,-0.0059509,2.5009,4.9789,0.00030518
0.00076294,0.0010681,-0.0042758,-0.010529,2.5021,4.9796,0.00061035
-0.0019836,0.0027466,-0.0042758,-0.011749,2.5021,4.9786,-0.00030518
0.0064087,0.0038147,-0.005226,-0.010986,2.5012,4.9789,0
0.0062561,0.004425,-0.0042758,-0.010681,2.5015,4.9789,0.00030518
0.0045776,0.0041199,-0.0047509,-0.011292,2.5003,4.9792,0
0.0067139,0.0028992,-0.0047509,-0.0065613,2.5003,4.9796,0.00030518
0.0028992,-0.00030518,-0.0042758,0.0076294,2.5018,4.9786,0.00061035
0.00091553,-0.0012207,-0.0047509,0.016937,2.5009,4.9786,0.00030518
0.00076294,0.0015259,-0.0042758,0.01709,2.5006,4.9799,0
0.0021362,0.0022888,-0.0047509,0.013428,2.5015,4.9789,0
0.0019836,0.00061035,-0.0038007,0.012054,2.5018,4.9783,0
0.0010681,0.0010681,-0.0042758,0.010681,2.5009,4.9777,0.00061035
0.015259,-0.00091553,-0.0042758,0.012817,2.5006,4.9783,0.00061035
0.021973,-0.0015259,-0.0042758,0.014648,2.5015,4.9783,0.00061035
0.009613,-0.00076294,-0.005226,0.012817,2.5015,4.9802,-0.00030518
-0.0054932,-0.0019836,-0.0047509,0.010986,2.5027,4.9786,0
-0.009613,-0.0015259,-0.0042758,0.01358,2.5,4.9792,0.00030518
-0.011902,-0.00076294,-0.0047509,0.016785,2.5018,4.9783,0
-0.012817,-0.00061035,-0.005226,0.015259,2.5012,4.9792,0
-0.0062561,-0.0019836,-0.0033257,0.0061035,2.5009,4.9792,0.00030518
0.002594,-0.0015259,-0.0047509,0.00091553,2.5006,4.9789,0
0.0067139,-0.00076294,-0.0042758,0.0032043,2.5021,4.9792,-0.00061035
-0.00091553,-0.00061035,-0.0042758,0.0086975,2.5009,4.9792,0.00030518
-0.019379,-0.0033569,-0.0042758,0.0094604,2.5018,4.9789,0.00061035
-0.02182,-0.0038147,-0.0038007,0.0088501,2.5009,4.9796,0.00030518
-0.0073242,-0.004425,-0.0047509,0.0065613,2.5018,4.9789,0
0.002594,-0.0038147,-0.0038007,0.0024414,2.5012,4.9796,0.00030518
-0.0076294,-0.0032043,-0.0047509,0.0018311,2.5015,4.9789,-0.00030518
-0.020294,-0.00076294,-0.0047509,0.0016785,2.5018,4.9789,0.00030518
-0.0080872,0,-0.0042758,0,2.5015,4.9792,0
0.036316,0,-0.0047509,-0.0015259,2.5009,4.9799,0.00030518
0.042877,-0.0019836,-0.0047509,0.0010681,2.5006,4.9786,0.00091553
0.05127,-0.0039673,-0.0047509,0.0045776,2.5012,4.9786,0.00061035
0.063629,-0.0036621,-0.0047509,0.0045776,2.5018,4.9789,0.00030518
0.061951,-0.0019836,-0.0047509,0.0032043,2.5015,4.9796,0.00061035
0.053864,-0.00076294,-0.0038007,0.0045776,2.5006,4.9792,0.00030518
0.052643,-0.00076294,-0.0042758,0.0097656,2.5012,4.9789,-0.00030518
0.044403,0.00076294,-0.0047509,0.015106,2.5003,4.9783,-0.00061035
0.015411,0.00030518,-0.0042758,0.020142,2.5018,4.9786,-0.00030518
0.00076294,-0.00045776,-0.0038007,0.024414,2.5021,4.9786,0.00030518
0.0080872,-0.00030518,-0.0033257,0.026398,2.5015,4.9786,0.00030518
0.0047302,0.00045776,-0.0061761,0.027313,2.5015,4.9786,0.00030518
0.0059509,0.0015259,-0.0047509,0.023041,2.5,4.9786,-0.00061035
0.011292,-0.0010681,-0.0047509,0.017548,2.5012,4.9789,0
0.0054932,-0.0041199,-0.0038007,0.018005,2.5015,4.9792,-0.00030518
0.005188,-0.0038147,-0.0033257,0.018768,2.5015,4.9792,0.00030518
0.0073242,-0.0036621,-0.0042758,0.019836,2.5021,4.9796,-0.00030518
-0.0012207,-0.0041199,-0.0047509,0.02243,2.5018,4.9796,0
-0.019989,-0.0028992,-0.0038007,0.022125,2.5009,4.9792,-0.00091553
-0.010071,-0.002594,-0.0042758,0.020905,2.5015,4.9792,0
0.0086975,-0.00045776,-0.0038007,0.0177,2.5009,4.9789,0.00030518
-0.0065613,-0.00091553,-0.005226,0.013275,2.5018,4.9777,0
-0.045013,-0.0024414,-0.005226,0.010223,2.5015,4.9786,-0.00061035
-0.058899,-0.0028992,-0.0042758,0.007782,2.5009,4.9789,0
-0.059814,-0.0032043,-0.0038007,0.0074768,2.5015,4.9783,-0.00030518
-0.05661,-0.004425,-0.0038007,0.0090027,2.5009,4.9789,0.00030518
-0.036926,-0.0039673,-0.0038007,0.0041199,2.5018,4.9786,-0.00030518
-0.027008,-0.0021362,-0.0038007,-0.0032043,2.5009,4.9792,0
-0.02121,-0.0010681,-0.0047509,-0.0079346,2.5018,4.9796,0.00030518
-0.030823,-0.00076294,-0.005226,-0.0099182,2.5021,4.9799,0.00061035
-0.047455,-0.00076294,-0.0047509,-0.0080872,2.5009,4.9799,0.00061035
-0.033569,-0.0019836,-0.0047509,-0.0061035,2.5012,4.9783,-0.00030518
0.013733,-0.0013733,-0.0038007,-0.0036621,2.5003,4.9792,0.00030518
0.014038,-0.0010681,-0.0033257,-0.0010681,2.5012,4.978,-0.00061035
0.013733,-0.0018311,-0.0042758,0.0022888,2.5012,4.9786,0.00030518
0.023651,-0.00030518,-0.0038007,0.0012207,2.5012,4.978,0
0.004425,0.0012207,-0.0047509,-0.0061035,2.5031,4.9777,0
-0.0030518,0.0015259,-0.0047509,-0.015564,2.5003,4.978,0
0.015259,0.0016785,-0.0047509,-0.019379,2.5018,4.9786,0.00091553
0.039063,0.0042725,-0.005226,-0.020294,2.5009,4.9786,0
0.029297,0.0061035,-0.005226,-0.02243,2.5015,4.978,0
0.013123,0.0053406,-0.005226,-0.024261,2.5024,4.9771,0.00030518
0.027161,0.0057983,-0.0042758,-0.016022,2.5018,4.9774,-0.00061035
0.054779,0.0048828,-0.0033257,-0.0076294,2.5012,4.9771,0
0.052643,0.0042725,-0.0042758,-0.0076294,2.5018,4.9777,-0.00061035
0.033264,0.0041199,-0.0042758,-0.0091553,2.5012,4.9777,0.00030518
0.014801,0.0054932,-0.0047509,-0.0090027,2.5018,4.9783,0
0.011292,0.0053406,-0.0042758,-0.010986,2.5018,4.9774,-0.00030518
0.025787,0.0018311,-0.0038007,-0.011292,2.5015,4.978,0.00030518
0.032501,-0.00061035,-0.0047509,-0.010986,2.5006,4.9789,0.00030518
0.0041199,0.00091553,-0.0047509,-0.0048828,2.5012,4.9789,0
-0.025177,0.0041199,-0.0047509,0.0010681,2.5003,4.9789,0.00061035
-0.013885,0.0050354,-0.005226,0.002594,2.5018,4.9792,0.00030518
-0.0013733,0.0028992,-0.0042758,-0.0010681,2.5009,4.9792,0.00030518
-0.0073242,0.0021362,-0.0042758,-0.0061035,2.5015,4.9783,0.00030518
-0.024567,0.0015259,-0.0042758,-0.010223,2.5018,4.9792,0.00061035
-0.02655,0.0021362,-0.0047509,-0.015564,2.5009,4.9792,-0.00061035
-0.020752,0.00061035,-0.005226,-0.017395,2.5009,4.9789,0
-0.016327,-0.00015259,-0.0042758,-0.013275,2.5015,4.9783,0
-0.0030518,-0.00061035,-0.0047509,-0.011139,2.5018,4.9789,0.00061035
-0.0018311,-0.00076294,-0.005226,-0.009613,2.5015,4.9789,0.00061035
-0.034027,0.00076294,-0.005226,-0.0059509,2.5015,4.9774,0.00030518
-0.047607,0.00061035,-0.0047509,-0.0054932,2.5006,4.9777,0.00030518
-0.0093079,0.00091553,-0.0042758,-0.0053406,2.5018,4.9792,0.00030518
0.011749,0.0015259,-0.0047509,-0.0030518,2.5009,4.9786,0.00030518
-0.013123,0.0028992,-0.0047509,0.0028992,2.5012,4.9792,-0.00061035
-0.017242,0.0036621,-0.0042758,0.011902,2.5021,4.9796,0
-0.01358,0.0016785,-0.005226,0.015717,2.5018,4.9786,0
-0.010986,-0.00015259,-0.0047509,0.01709,2.5009,4.9792,0.00030518
0.0012207,0.00061035,-0.0047509,0.018463,2.5018,4.9796,0.00030518
0.004425,-0.0012207,-0.005226,0.019836,2.5012,4.9796,-0.00030518
-0.0047302,-0.0041199,-0.005701,0.023041,2.5018,4.9789,-0.00091553
-0.0019836,-0.0027466,-0.0042758,0.025635,2.5027,4.9792,0.00061035
-0.00045776,-0.00091553,-0.0047509,0.02594,2.5018,4.9792,0.00061035
-0.014496,-0.0018311,-0.0047509,0.02533,2.5012,4.9802,0.00030518
-0.047302,-0.00030518,-0.0042758,0.026093,2.5012,4.9799,-0.00030518
-0.040894,0.00015259,-0.0042758,0.027771,2.5009,4.9796,0.00030518
-0.018005,0.00061035,-0.0042758,0.028381,2.5012,4.9786,-0.00030518
-0.025482,0.0016785,-0.0042758,0.028839,2.5018,4.9792,-0.00030518
-0.042572,0.0015259,-0.0047509,0.028076,2.5024,4.9799,0.00030518
-0.016022,0.0028992,-0.0038007,0.031891,2.5018,4.9789,0.00030518
0.0059509,0.0039673,-0.0042758,0.034332,2.5006,4.9789,0
0.010834,0.0028992,-0.0042758,0.030212,2.5009,4.9792,-0.00061035
0.017395,0.0021362,-0.0042758,0.023346,2.5009,4.978,0.00030518
0.01358,0.0032043,-0.0042758,0.016632,2.5015,4.9786,0
0.0041199,0.0030518,-0.0042758,0.011292,2.5015,4.9796,0.00061035
0.00091553,0.0021362,-0.0038007,0.0090027,2.5024,4.9786,0.00030518
0.0062561,0.00076294,-0.0042758,0.0059509,2.5012,4.9786,-0.00030518
-0.0090027,-0.0016785,-0.0042758,0.0074768,2.5015,4.9783,0.00030518
-0.064697,-0.0027466,-0.0042758,0.012817,2.5009,4.9789,0.00030518
-0.093842,-0.0015259,-0.0033257,0.012817,2.5021,4.9789,0
-0.093079,0.0016785,-0.005226,0.014343,2.5018,4.9783,-0.00030518
-0.079956,0.0024414,-0.0042758,0.016479,2.5012,4.9783,0.00030518
-0.0737,0.0021362,-0.0047509,0.01236,2.5009,4.9783,0.00030518
-0.065155,0.00045776,-0.0042758,0.0039673,2.5012,4.9792,-0.00061035
-0.039673,0.00091553,-0.0042758,-0.0053406,2.5,4.9789,-0.00061035
-0.026245,0.00061035,-0.0047509,-0.0071716,2.5006,4.9799,-0.00030518
-0.040588,-0.00045776,-0.0038007,-0.005188,2.5,4.9786,0.00030518
-0.047302,-0.00076294,-0.0047509,-0.0064087,2.5015,4.9789,-0.00030518
-0.02594,-0.0015259,-0.0047509,-0.0027466,2.5021,4.9792,-0.00061035
-0.016785,-0.0028992,-0.0042758,0.0074768,2.5012,4.9796,-0.00061035
-0.036469,-0.0018311,-0.0038007,0.016022,2.5015,4.9777,0.00030518
-0.026703,0.00061035,-0.0042758,0.019836,2.5012,4.9777,0.00030518
-0.016937,0.0012207,-0.0042758,0.019226,2.5018,4.9789,-0.00061035
-0.038605,0.0030518,-0.0042758,0.0177,2.5015,4.9786,-0.00030518
-0.048218,0.002594,-0.0047509,0.017395,2.5009,4.9792,0.00030518
-0.031891,0.00091553,-0.0047509,0.013733,2.5024,4.9789,0
-0.025024,0.0018311,-0.0047509,0.010834,2.5012,4.9796,0.00030518
-0.029755,0.0024414,-0.005226,0.0099182,2.5009,4.9792,-0.00091553
-0.024567,-0.0010681,-0.0047509,0.0093079,2.5015,4.9789,0
-0.0054932,-0.00030518,-0.0033257,0.0021362,2.5015,4.9792,0.00030518
-0.0016785,0.0013733,-0.0042758,-0.0059509,2.5015,4.9796,0.00091553
-0.0035095,0.00015259,-0.0042758,-0.0065613,2.5015,4.9796,-0.00030518
-0.007019,-0.0018311,-0.0038007,-0.0019836,2.5009,4.9786,0.00061035
0.011292,-0.0039673,-0.0042758,0.0041199,2.5006,4.978,0
0.0021362,-0.0039673,-0.0038007,0.007019,2.5015,4.9774,-0.00061035
-0.015106,-0.0035095,-0.0042758,0.0035095,2.5006,4.978,0.00030518
-0.023651,-0.0027466,-0.0038007,0.0015259,2.5024,4.9783,0
-0.019836,-0.0041199,-0.0042758,0.0047302,2.5024,4.9783,-0.00061035
-0.009613,-0.0039673,-0.0047509,0.007019,2.5006,4.978,0
-0.010376,-0.0016785,-0.005226,0.0056458,2.5009,4.9777,0
-0.023346,-0.00091553,-0.0047509,0.0045776,2.5009,4.9768,0.00091553
-0.011292,0.00076294,-0.005226,0.0054932,2.5018,4.9771,0.00061035
0.020752,0.0016785,-0.005226,0.0082397,2.5021,4.9777,0.00030518
0.02594,0.0016785,-0.0047509,0.010223,2.5012,4.978,0.00030518
0.009613,0.004425,-0.0047509,0.007782,2.5012,4.9771,0.00091553
0.0091553,0.007019,-0.0047509,0.0053406,2.5006,4.9774,0.00030518
0.0090027,0.0062561,-0.0047509,0.0039673,2.5012,4.9777,0.00061035
0.014648,0.0061035,-0.005226,0.0010681,2.5009,4.9786,0.00030518
0.022583,0.0076294,-0.0047509,0,2.5009,4.9792,0.00030518
0.012054,0.0073242,-0.0042758,0.0012207,2.5009,4.9792,0.00030518
-0.0030518,0.0057983,-0.0047509,0.0028992,2.5006,4.9789,0.00030518
0.011597,0.0045776,-0.0047509,0.00061035,2.5015,4.9792,0.00061035
0.018768,0.0016785,-0.005226,0.00015259,2.5015,4.9796,0
0.017853,0,-0.0042758,0.00045776,2.5015,4.978,-0.00030518
0.010071,-0.00061035,-0.0047509,-0.002594,2.5009,4.9796,-0.00030518
0.0177,-0.0028992,-0.0042758,-0.0074768,2.5018,4.9786,0
0.032806,-0.005188,-0.0047509,-0.010071,2.5012,4.9796,-0.00030518
0.036774,-0.0042725,-0.0047509,-0.010071,2.5012,4.9799,0.00030518
0.027771,-0.0021362,-0.005226,-0.0085449,2.5012,4.9792,0
0.018921,-0.00091553,-0.0042758,-0.0080872,2.5009,4.9789,-0.00030518
0.027313,-0.0019836,-0.0047509,-0.0074768,2.5006,4.9777,-0.00061035
0.034027,-0.0027466,-0.0047509,-0.0039673,2.5009,4.978,-0.00061035
0.024872,-0.0018311,-0.005226,-0.0010681,2.5018,4.9792,-0.00030518
0.015564,-0.0010681,-0.0042758,0.0018311,2.5015,4.978,-0.00030518
0.013733,-0.00030518,-0.0042758,0.00076294,2.5021,4.9792,0.00030518
0.0073242,-0.00045776,-0.005701,-0.00030518,2.5018,4.9786,0.00061035
-0.00091553,0.00045776,-0.0047509,-0.00030518,2.5012,4.9792,0.00030518
0.0027466,0.00030518,-0.005226,0.0013733,2.5012,4.9792,-0.00030518
0.0086975,-0.0016785,-0.0042758,0.0033569,2.5015,4.9792,0
0.0048828,-0.0027466,-0.0042758,0.0041199,2.5024,4.9789,-0.00091553
0.00091553,-0.0016785,-0.005226,0.004425,2.5009,4.9789,-0.00030518
0.0056458,0.00030518,-0.0047509,0.0041199,2.5003,4.9792,-0.00061035
0.012817,0.002594,-0.0042758,0.0028992,2.5012,4.9805,0.00030518
0.019531,0.002594,-0.0042758,0.00030518,2.5009,4.9792,0
0.027466,0.00076294,-0.0047509,-0.0016785,2.5021,4.9789,-0.00030518
0.025787,0.00076294,-0.0033257,-0.0083923,2.5003,4.9796,-0.00030518
0.015717,0.0013733,-0.005226,-0.015869,2.5012,4.9792,-0.00030518
0.013275,0.0028992,-0.005226,-0.018005,2.5012,4.9792,-0.00061035
0.015564,0.0038147,-0.0047509,-0.020142,2.5012,4.9789,0.00091553
0.018921,0.0027466,-0.005701,-0.023651,2.5015,4.9796,0.00030518
0.030518,0.00091553,-0.0047509,-0.024109,2.5018,4.978,-0.00030518
0.04364,-0.00061035,-0.0042758,-0.021057,2.5021,4.978,0.00061035
0.03418,0.00045776,-0.005226,-0.015564,2.5009,4.9786,0.00030518
0.019226,0.00015259,-0.0047509,-0.009613,2.5024,4.9789,-0.00061035
0.016785,0.00091553,-0.0047509,-0.0093079,2.5018,4.9783,0
0.018158,0.00045776,-0.005226,-0.010376,2.5009,4.9792,0.00030518
0.023804,-0.0030518,-0.0047509,-0.012207,2.5015,4.9783,-0.00030518
0.021667,-0.0050354,-0.0047509,-0.014496,2.5018,4.9789,0
0.02182,-0.0039673,-0.0047509,-0.015411,2.5003,4.9792,0.00030518
0.05188,-0.0019836,-0.0038007,-0.014954,2.5015,4.9786,-0.00030518
0.039063,-0.0021362,-0.0047509,-0.013733,2.5003,4.9789,0.00030518
0.010223,-0.0016785,-0.0047509,-0.011749,2.5009,4.9783,0
0.0068665,-0.0010681,-0.0042758,-0.0036621,2.5009,4.9789,0.00030518
0.023499,-0.00091553,-0.0042758,0.0042725,2.5015,4.9786,0.00030518
0.044098,0.00061035,-0.0042758,0.012207,2.5009,4.9783,0
0.03952,0.0027466,-0.0047509,0.017242,2.5012,4.9789,0
0.029144,0.0053406,-0.0047509,0.018616,2.5006,4.9789,-0.00030518
0.035706,0.0061035,-0.0047509,0.016022,2.5003,4.9792,0.00030518
0.019379,0.0064087,-0.005226,0.010071,2.5015,4.9786,0.00030518
0.0028992,0.0030518,-0.0038007,0.0073242,2.5018,4.9783,0
0.0093079,0.00030518,-0.0047509,0.0054932,2.5031,4.9777,0.00061035
0.02121,-0.0015259,-0.0028506,0.007019,2.5009,4.9789,0.00030518
0.013123,-0.0015259,-0.0047509,0.010986,2.5015,4.9786,0.00061035
0.00091553,-0.0018311,-0.0047509,0.016937,2.5,4.9792,-0.00030518
0.0015259,-0.0039673,-0.0047509,0.021667,2.5018,4.9796,0.00061035
0.016022,-0.0041199,-0.005226,0.023193,2.5009,4.9792,0
0.0080872,-0.00076294,-0.0042758,0.021057,2.5021,4.9792,0.00061035
-0.010834,-0.0010681,-0.0047509,0.021057,2.5012,4.9789,0
-0.0053406,-0.0028992,-0.005226,0.020142,2.5018,4.9792,0.00030518
-0.0016785,-0.00061035,-0.005701,0.019379,2.5003,4.9792,0.00061035
-0.010223,0.0013733,-0.0042758,0.018768,2.5024,4.9789,0.00030518
-0.0030518,0.0028992,-0.0042758,0.016937,2.5018,4.9792,0.00030518
-0.0033569,0.002594,-0.0047509,0.015106,2.5012,4.9783,0
-0.012054,-0.00061035,-0.0033257,0.014954,2.5021,4.9777,0.00030518
-0.014648,0.0012207,-0.0047509,0.017853,2.5012,4.9786,0.00030518
-0.0074768,0.0021362,-0.0042758,0.020599,2.5012,4.9771,0
0.0053406,0.0018311,-0.0038007,0.022888,2.5015,4.978,-0.00030518
0.028534,0.00091553,-0.0047509,0.022888,2.5012,4.9774,0
0.0054932,0.0021362,-0.0047509,0.025482,2.5015,4.9774,0
-0.022888,0.002594,-0.0047509,0.027161,2.5009,4.978,0
-0.015106,0.0033569,-0.0047509,0.027161,2.5006,4.9768,-0.00061035
0.0012207,0.0062561,-0.0038007,0.025482,2.5012,4.9771,0.00030518
-0.0091553,0.0062561,-0.0047509,0.021057,2.5018,4.9777,-0.00030518
-0.010986,0.004425,-0.0042758,0.018768,2.5012,4.9777,0
-0.0091553,0.0032043,-0.0038007,0.019531,2.5015,4.978,0.00030518
0.0021362,0.0033569,-0.0042758,0.017242,2.5018,4.9777,-0.00030518
0.0053406,0.0027466,-0.0038007,0.016479,2.5015,4.9783,-0.00030518
-0.0018311,0.0021362,-0.005226,0.019989,2.5015,4.9792,0.00030518
-0.0076294,0.0019836,-0.0061761,0.022888,2.5012,4.9789,-0.00030518
-0.005188,0.0030518,-0.0047509,0.023804,2.5015,4.9789,0.00061035
-0.012054,0.0024414,-0.0042758,0.025024,2.5021,4.9783,0.00030518
-0.0091553,0.0018311,-0.005226,0.029144,2.5021,4.9783,0.00030518
-0.010376,0.0013733,-0.0038007,0.032349,2.5018,4.9786,0.00030518
0.00045776,-0.00076294,-0.0042758,0.033875,2.5006,4.9789,0.00030518
0.024872,-0.0024414,-0.005226,0.034027,2.5009,4.9792,0
0.045013,0.00061035,-0.0042758,0.033112,2.5021,4.9789,0
0.040588,-0.00045776,-0.0038007,0.029449,2.5003,4.9792,0.00061035
0.033722,-0.0032043,-0.0047509,0.02594,2.5015,4.978,-0.00030518
0.012207,-0.005188,-0.0047509,0.025787,2.5018,4.9796,0.00030518
0.017853,-0.0054932,-0.0047509,0.025482,2.5012,4.9783,0.00030518
0.014648,-0.0056458,-0.005701,0.021973,2.5006,4.978,0
0.018616,-0.0030518,-0.0042758,0.013733,2.5024,4.9786,0
0.02655,-0.0010681,-0.0038007,0.0053406,2.5015,4.9789,0
0.036011,-0.00091553,-0.0042758,0.0010681,2.5015,4.9783,-0.00030518
0.029755,0.0019836,-0.0042758,-0.00061035,2.5009,4.9796,-0.00061035
0.0036621,0.0036621,-0.0042758,-0.002594,2.5009,4.9796,0
-0.007019,0.0010681,-0.0042758,-0.0054932,2.5015,4.9783,0.00030518
0.019226,-0.00015259,-0.0042758,-0.011292,2.5015,4.9789,0
0.016937,-0.00061035,-0.0042758,-0.018921,2.5021,4.9789,0.00030518
0.010834,-0.00061035,-0.0038007,-0.022278,2.5015,4.9789,0.00030518
0.011444,-0.0030518,-0.0042758,-0.02533,2.5018,4.9789,0
0.01358,-0.0047302,-0.0047509,-0.029297,2.5018,4.9789,0
0.013428,-0.0039673,-0.0038007,-0.028381,2.5009,4.9792,0.00030518
0.014954,-0.0021362,-0.0042758,-0.02594,2.5012,4.9789,0.00061035
0.019684,0.00045776,-0.0042758,-0.022888,2.5006,4.9792,0.00030518
0.023041,0.00015259,-0.005226,-0.01709,2.5012,4.9796,-0.00061035
0.0013733,0.0022888,-0.0047509,-0.012665,2.5003,4.9786,-0.00030518
-0.029144,0.0036621,-0.0042758,-0.013275,2.5015,4.9786,0.00030518
-0.0056458,0.0041199,-0.005226,-0.016022,2.5,4.9789,0
0.010223,0.0015259,-0.0038007,-0.018158,2.5018,4.9792,-0.00030518
0.0028992,-0.00030518,-0.0042758,-0.019684,2.5015,4.9783,0
0.0056458,0.00076294,-0.0042758,-0.015106,2.5006,4.9799,0.00091553
-0.0016785,0.00030518,-0.0042758,-0.010986,2.5015,4.9789,0.00030518
-0.0036621,-0.0028992,-0.0047509,-0.01358,2.5012,4.9783,0
-0.037231,-0.0048828,-0.0047509,-0.015717,2.5012,4.9792,-0.00030518
-0.065613,-0.0042725,-0.0047509,-0.012054,2.5015,4.9796,0.00061035
-0.055084,-0.0018311,-0.0042758,-0.0059509,2.5015,4.9792,0
-0.052338,-0.00091553,-0.0042758,0.0045776,2.5003,4.9789,0.00030518
-0.058136,-0.00061035,-0.0042758,0.011292,2.5009,4.9792,-0.00030518
-0.061188,0.00076294,-0.0038007,0.011749,2.5009,4.9786,0.00061035
-0.050201,0.00045776,-0.0042758,0.011292,2.5006,4.9783,0
-0.013885,-0.00030518,-0.0042758,0.010986,2.5015,4.9789,0
-0.0050354,0.0019836,-0.0042758,0.01709,2.5009,4.9792,0
-0.041351,0.0038147,-0.0042758,0.022736,2.5015,4.9786,-0.00030518
-0.045776,0.002594,-0.005226,0.021667,2.5024,4.9786,0.00091553
-0.030975,0.00076294,-0.005226,0.018158,2.5018,4.9783,0
-0.027466,-0.0015259,-0.0047509,0.020294,2.5021,4.9792,-0.00061035
-0.02243,-0.00015259,-0.005226,0.023193,2.5003,4.9789,-0.00030518
-0.016632,0.0013733,-0.005226,0.017395,2.5009,4.9792,0.00030518
-0.018921,0.00045776,-0.0047509,0.011597,2.5009,4.9792,0
-0.0062561,-0.00015259,-0.0047509,0.0028992,2.5018,4.9777,0.00030518
0.021973,0.0016785,-0.0042758,-0.0032043,2.5015,4.9774,0
0.022888,0.002594,-0.0047509,-0.0074768,2.5015,4.978,0.00061035
-0.0010681,0.00061035,-0.0042758,-0.011444,2.5009,4.9783,0.00030518
0.00015259,0.00061035,-0.0042758,-0.013733,2.5009,4.9796,0.00030518
0.013275,0.00030518,-0.0038007,-0.011139,2.5009,4.9789,-0.00091553
0.007019,-0.0016785,-0.0033257,-0.0071716,2.5015,4.9789,0
-0.013428,-0.0039673,-0.005226,-0.0038147,2.5006,4.9789,0
-0.019531,-0.0028992,-0.0047509,0.00076294,2.5012,4.9786,0
-0.019989,0,-0.0038007,0.0054932,2.5018,4.9786,0.00061035
-0.019379,-0.0012207,-0.005226,0.007782,2.5015,4.9789,-0.00030518
-0.013733,-0.0036621,-0.0047509,0.0064087,2.5012,4.9789,0
-0.019836,-0.0013733,-0.005226,0.0030518,2.5018,4.978,0.00030518
-0.02182,0.00061035,-0.0038007,-0.00061035,2.5006,4.9777,0.00061035
-0.015259,0.0018311,-0.0042758,0.0019836,2.5015,4.9768,0.00061035
-0.012054,0.0028992,-0.005701,0.0090027,2.5021,4.978,-0.00030518
-0.017242,0.0015259,-0.0042758,0.016327,2.5012,4.9777,-0.00030518
-0.018311,-0.00030518,-0.005226,0.021362,2.5012,4.9774,0.00091553
-0.019379,-0.0016785,-0.005226,0.019531,2.5012,4.9783,-0.00030518
-0.024109,-0.0039673,-0.0047509,0.014954,2.5015,4.978,-0.00030518
-0.026703,-0.0022888,-0.0042758,0.010681,2.5009,4.978,0.00030518
-0.010986,-0.0015259,-0.005226,0.0064087,2.5018,4.9771,-0.00091553
-0.011292,-0.0021362,-0.0047509,0.004425,2.5009,4.9786,0.00061035
-0.019836,-0.0024414,-0.005701,0.0047302,2.5021,4.9765,0
-0.022583,-0.0032043,-0.0042758,0.0059509,2.5012,4.9783,0
-0.028839,-0.0018311,-0.0047509,0.0068665,2.5021,4.978,0.00030518
-0.037231,0.0015259,-0.005226,0.0085449,2.5015,4.9783,-0.00030518
-0.034637,0.002594,-0.0042758,0.0090027,2.5018,4.978,-0.00030518
-0.012054,0.0019836,-0.0042758,0.0065613,2.5006,4.9786,0
0.00045776,0.0032043,-0.0047509,0.00015259,2.5015,4.9789,-0.00030518
-0.0076294,0.0047302,-0.0047509,-0.0047302,2.4997,4.9789,0
-0.011902,0.0064087,-0.0047509,0.00091553,2.5015,4.9796,0.00030518
-0.01297,0.0054932,-0.005226,0.017242,2.5012,4.9789,0.00030518
-0.0080872,0.0033569,-0.0042758,0.021515,2.5024,4.9783,-0.00091553
-0.0032043,0.0019836,-0.0038007,0.0093079,2.5018,4.9796,0.00030518
-0.0067139,0.0015259,-0.0047509,0.0013733,2.5018,4.9799,0.00091553
-0.0062561,0.0019836,-0.0042758,0.0038147,2.5018,4.9789,0
-0.0030518,0.0028992,-0.0038007,0.011749,2.5015,4.9799,0
-0.0059509,0.0013733,-0.005226,0.019989,2.5015,4.9789,0.00030518
-0.013275,-0.0012207,-0.0047509,0.022583,2.5009,4.9789,0.00091553
-0.021515,-0.00045776,-0.005226,0.020752,2.5006,4.9768,-0.00061035
-0.020447,0.0024414,-0.0042758,0.019836,2.5009,4.9783,-0.00061035
-0.022583,0.0024414,-0.0042758,0.02243,2.5012,4.9789,-0.00091553
-0.012817,0.0019836,-0.0038007,0.021973,2.5018,4.9792,0.00030518
0.0068665,0.0028992,-0.0047509,0.014191,2.5009,4.9789,0
0.016327,0.00015259,-0.0038007,0.01236,2.5015,4.9792,-0.00030518
0.012665,-0.0012207,-0.0047509,0.01236,2.5021,4.9789,0.00061035
-0.00076294,0.0018311,-0.0042758,0.0076294,2.5012,4.9799,-0.00061035
-0.013275,0.0021362,-0.0047509,0,2.5009,4.9789,-0.00061035
-0.01236,0.00076294,-0.0047509,0.0038147,2.5009,4.9786,0.00061035
-0.0028992,-0.00030518,-0.0042758,0.013275,2.5015,4.9789,-0.00030518
0.015717,-0.00061035,-0.0047509,0.01297,2.5018,4.9786,0
0.034485,-0.00076294,-0.0038007,0.0054932,2.5018,4.9789,0.00030518
0.027924,-0.00061035,-0.0038007,0.010071,2.5018,4.9796,0.00030518
-0.0015259,-0.00061035,-0.005226,0.023804,2.5018,4.9786,0.00061035
-0.01358,-0.00061035,-0.0047509,0.031738,2.5009,4.9789,0.00030518
0.0028992,-0.004425,-0.0047509,0.028839,2.5018,4.9792,-0.00061035
0.010223,-0.0061035,-0.0042758,0.022125,2.5018,4.9789,0
0.010834,-0.0032043,-0.0047509,0.010834,2.5021,4.9796,0
0.040588,0.0013733,-0.0047509,0.0028992,2.5009,4.9789,0.00030518
0.025482,0.0035095,-0.0042758,-0.00061035,2.5012,4.978,0.00030518
0.00030518,0.0019836,-0.0047509,-0.0061035,2.5015,4.9786,0
-0.0018311,0.00091553,-0.005226,-0.010986,2.5009,4.9786,0
0.0068665,0.002594,-0.0047509,-0.014038,2.5009,4.9796,0.00030518
0.0082397,0.0036621,-0.0028506,-0.015259,2.5012,4.9799,0.00030518
0.0097656,0.0015259,-0.0047509,-0.017395,2.5015,4.9789,0
0.0093079,0.0027466,-0.005226,-0.019989,2.5018,4.9789,0.00030518
0.0057983,0.0024414,-0.0033257,-0.017853,2.5009,4.9786,0.00030518
-0.00076294,0.0022888,-0.0047509,-0.0177,2.5015,4.9786,0
-0.00015259,0.0019836,-0.0042758,-0.018311,2.5012,4.9792,0
0.0064087,-0.00076294,-0.0047509,-0.012817,2.5015,4.9783,-0.00030518
0.019836,-0.0015259,-0.0042758,0.0010681,2.5012,4.9789,0.00061035
0.017395,0.00045776,-0.0042758,0.0093079,2.5021,4.9783,0
0.016327,0.00030518,-0.0047509,0.0076294,2.5012,4.9783,-0.00091553
0.01236,0.00061035,-0.0047509,0.00045776,2.5003,4.9796,0
0.0042725,0.00030518,-0.0047509,0,2.5009,4.9792,0
0.0019836,-0.0016785,-0.005226,0.00076294,2.5012,4.9786,0.00030518
-0.0013733,-0.0041199,-0.0042758,0.00045776,2.5012,4.9796,0
0.0050354,-0.0038147,-0.0047509,0.00076294,2.5018,4.9792,0
0.052948,-0.0021362,-0.0042758,0.0022888,2.5012,4.9792,0
0.057831,-0.0013733,-0.0038007,0.0028992,2.5021,4.9783,0.00030518
0.016022,0.00076294,-0.0047509,0.00061035,2.5012,4.9786,0
-0.0016785,0.002594,-0.005226,-0.00076294,2.5012,4.9786,0
-0.0048828,0.002594,-0.0042758,0.0032043,2.5018,4.9792,0.00061035
-0.012207,0.0018311,-0.0042758,0.0080872,2.5027,4.9789,-0.00030518
-0.0090027,-0.00045776,-0.0038007,0.0076294,2.5015,4.9796,0.00030518
0.010223,-0.0022888,-0.0047509,0.0059509,2.5006,4.9789,0
0.019989,-0.0032043,-0.0038007,0.0076294,2.5006,4.9786,0
0.021973,-0.0016785,-0.0038007,0.005188,2.5015,4.9792,0.00091553
0.026398,-0.0012207,-0.0047509,-0.0062561,2.5018,4.9792,0
0.01709,-0.00076294,-0.0047509,-0.015106,2.5006,4.9792,0.00030518
0.0071716,-0.0018311,-0.0042758,-0.0056458,2.5006,4.9796,0.00061035
-0.0019836,-0.0016785,-0.005226,0.011139,2.5009,4.978,0.00061035
-0.0085449,0,-0.0042758,0.018463,2.5015,4.9789,-0.00091553
-0.011139,0.0013733,-0.0047509,0.016785,2.5021,4.9792,0.00061035
0.0042725,0.00061035,-0.0038007,0.011749,2.5009,4.9783,-0.00061035
0.010223,0.00076294,-0.005226,0.0080872,2.5015,4.9783,0
-0.0094604,0.0013733,-0.005226,0.0061035,2.5024,4.9786,0.00030518
-0.021057,0.00045776,-0.005226,0.0094604,2.5003,4.9777,0.00030518
-0.018463,-0.00045776,-0.0047509,0.010529,2.5021,4.978,0.00030518
-0.018311,-0.00061035,-0.005226,0.01358,2.5009,4.9765,0.00030518
-0.010681,0.00076294,-0.0047509,0.012817,2.5009,4.9771,0
-0.012512,0.0013733,-0.0038007,0.01236,2.5021,4.9774,-0.00061035
-0.014191,-0.00045776,-0.0038007,0.013123,2.5012,4.9777,0
-0.016174,-0.002594,-0.0033257,0.013885,2.5012,4.9774,0.00061035
-0.014648,-0.00091553,-0.0042758,0.015564,2.5012,4.9777,-0.00091553
-0.005188,0.002594,-0.0042758,0.022888,2.5009,4.9783,0.00030518
-0.010376,0.0022888,-0.005226,0.03479,2.5012,4.9789,0.00030518
-0.011597,0.0045776,-0.005701,0.037537,2.5018,4.9789,0.00030518
-0.0024414,0.0048828,-0.0047509,0.02655,2.5021,4.9789,-0.00030518
0.010071,0.0042725,-0.005226,0.015106,2.5009,4.9799,0.00061035
0.022125,0.0015259,-0.0042758,0.0065613,2.5012,4.9789,0
0.017548,-0.0015259,-0.0047509,0.00061035,2.5009,4.9792,0.00030518
0.013123,0.00076294,-0.0047509,0.0013733,2.5009,4.9796,0.00061035
0.00076294,0.004425,-0.0038007,0.0045776,2.5021,4.9789,0.00061035
-0.0088501,0.0038147,-0.0042758,0.0036621,2.5021,4.9786,0.00030518
0,0.0024414,-0.005226,-0.00045776,2.5012,4.9783,-0.00061035
-0.00045776,0.00076294,-0.0042758,-0.0028992,2.5006,4.9789,-0.00091553
-0.0053406,-0.00030518,-0.0047509,-0.0045776,2.5018,4.978,-0.00030518
0.011139,-0.0015259,-0.0042758,-0.0050354,2.5006,4.9783,0
0.045624,0.0012207,-0.0047509,-0.004425,2.5009,4.9774,0.00030518
0.067902,0.0018311,-0.0042758,-0.0065613,2.5021,4.9792,0.00030518
0.073547,0.0032043,-0.0047509,-0.0068665,2.5009,4.9792,0.00061035
0.057678,0.0039673,-0.0047509,-0.0053406,2.5018,4.978,0
0.05188,0.0027466,-0.0047509,-0.018463,2.5012,4.9799,0
0.063934,0.0032043,-0.0038007,-0.038757,2.5015,4.9792,0.00030518
0.063629,0.0041199,-0.0047509,-0.027161,2.5024,4.9783,0.00030518
0.051422,0.0038147,-0.0038007,0.0068665,2.5012,4.9792,0
0.038605,0.0033569,-0.0047509,0.024414,2.5024,4.9792,-0.00030518
0.042725,-0.00045776,-0.0038007,0.016022,2.5015,4.9789,0.00030518
0.0074768,-0.0016785,-0.0047509,0.0064087,2.5021,4.9783,0.00061035
-0.019684,-0.0010681,-0.0042758,0.010986,2.5003,4.9796,-0.00030518
-0.0074768,-0.004425,-0.0047509,0.022888,2.5015,4.9789,0.00030518
-0.004425,-0.0045776,-0.0042758,0.036774,2.5006,4.9796,0.00091553
-0.00030518,-0.0050354,-0.0042758,0.04425,2.5012,4.9796,0
-0.0045776,-0.0048828,-0.0042758,0.035248,2.5003,4.9792,0.00030518
0.0024414,-0.005188,-0.0042758,0.011902,2.5006,4.9792,-0.00061035
-0.0010681,-0.0059509,-0.0042758,-0.0067139,2.5006,4.9786,-0.00061035
-0.0038147,-0.0045776,-0.0042758,-0.0038147,2.5009,4.9799,0.00030518
-0.01358,-0.0033569,-0.0042758,0.0091553,2.5006,4.9796,0.00030518
-0.021057,-0.004425,-0.0042758,0.014954,2.5015,4.9783,0.00030518
-0.017853,-0.0036621,-0.005701,0.016327,2.5012,4.9783,0
-0.0010681,-0.0019836,-0.0047509,0.016632,2.5021,4.9789,0
-0.020142,-0.00076294,-0.0042758,0.018005,2.4924,4.9792,0
-0.045776,-0.00091553,-0.0042758,0.023804,2.5018,4.978,0
-0.037994,-0.00076294,-0.0042758,0.028229,2.5015,4.9789,-0.00030518
-0.015869,-0.00076294,-0.005226,0.023346,2.5021,4.9789,0
-0.018158,-0.00076294,-0.005226,0.0091553,2.5012,4.9786,0
-0.037537,0.0030518,-0.0038007,-0.0048828,2.5009,4.9792,0
-0.033417,0.0033569,-0.0047509,-0.010376,2.5003,4.9786,0
-0.02121,0.0024414,-0.0042758,-0.0047302,2.5012,4.9786,-0.00030518
-0.0042725,0.0018311,-0.0047509,-0.00015259,2.5015,4.9792,-0.00061035
-0.018768,0.0018311,-0.0042758,0.00030518,2.5018,4.9792,0
-0.017853,0.00045776,-0.0042758,0.0012207,2.5009,4.9792,0.00030518
-0.0085449,0.00076294,-0.0047509,0.0016785,2.5015,4.9786,0
-0.0062561,-0.00091553,-0.0047509,0.0012207,2.5006,4.9777,-0.00061035
-0.0085449,-0.0012207,-0.0038007,-0.0015259,2.5009,4.9786,0.00030518
-0.004425,0.00045776,-0.0042758,-0.0019836,2.5015,4.9792,0.00061035
-0.0018311,0,-0.0042758,-0.00061035,2.5009,4.9789,-0.00030518
-0.015106,-0.00030518,-0.005226,-0.0041199,2.5015,4.9783,0.00030518
-0.027161,0.00076294,-0.0042758,0.00045776,2.5027,4.9774,0.00061035
-0.018616,0.002594,-0.0047509,0.014038,2.5018,4.9783,0.00061035
-0.016174,0.0024414,-0.0047509,0.018768,2.5006,4.9786,0.00030518
-0.017395,0.0019836,-0.0047509,0.0082397,2.5012,4.9786,-0.00061035
-0.012207,0.002594,-0.0047509,0,2.5015,4.978,0
-0.014343,0.0024414,-0.0028506,-0.0056458,2.5018,4.9786,-0.00030518
-0.012817,0.0018311,-0.0042758,-0.014801,2.5006,4.9792,-0.00061035
-0.0019836,0.00030518,-0.0042758,-0.015869,2.5009,4.9792,0.00030518
0.0018311,0,-0.0038007,-0.0091553,2.4994,4.9789,0.00030518
-0.0093079,-0.00076294,-0.0047509,-0.0030518,2.5,4.9789,0
-0.030212,-0.00045776,-0.0038007,0.0080872,2.5018,4.9789,-0.00061035
-0.02594,-0.0016785,-0.0047509,0.020752,2.5015,4.9786,0
-0.012665,-0.00015259,-0.0033257,0.023041,2.5009,4.9786,0
-0.02243,0,-0.0038007,0.012512,2.5027,4.9774,0.00061035
-0.035248,-0.00045776,-0.0042758,-0.0016785,2.5003,4.9783,0.00091553
-0.036774,0.0016785,-0.0038007,-0.0090027,2.5012,4.9777,0
-0.030365,0.0074768,-0.0042758,-0.0085449,2.5012,4.9774,-0.00030518
-0.018158,0.007782,-0.0047509,-0.01236,2.5006,4.9777,0.00030518
-0.0041199,0.0054932,-0.0042758,-0.010834,2.5012,4.9786,0.00030518
-0.010071,0.0042725,-0.0042758,-0.0015259,2.5015,4.9786,0
-0.022278,0.004425,-0.005226,0.0021362,2.5,4.9768,-0.00061035
-0.016937,0.005188,-0.0042758,-0.0016785,2.5009,4.9774,0.00030518
-0.0061035,0.0038147,-0.0042758,-0.0071716,2.5012,4.9771,0
0.020142,0.0022888,-0.0047509,-0.0071716,2.5006,4.9777,0
0.0032043,0.0032043,-0.0042758,0.00091553,2.5021,4.9783,-0.00091553
-0.030518,0.0030518,-0.0047509,0.015106,2.5018,4.9765,-0.00030518
-0.037537,0.00091553,-0.005226,0.022125,2.5015,4.9768,0
-0.020294,-0.00030518,-0.0047509,0.015717,2.5012,4.9777,0
-0.011597,0.00061035,-0.0042758,0.0045776,2.5,4.9777,-0.00091553
-0.013428,0.0015259,-0.0047509,-0.0027466,2.5015,4.9789,0.00030518
-0.010986,0.0019836,-0.0042758,-0.0076294,2.5018,4.9799,0
-0.0018311,0.0018311,-0.0047509,-0.012665,2.5012,4.9789,0
-0.0042725,0.00076294,-0.005226,-0.011292,2.5012,4.9796,0
0.0041199,-0.00061035,-0.0042758,-0.0032043,2.5034,4.9783,0.00030518
0.027008,-0.00061035,-0.005226,-0.00076294,2.5015,4.9783,0.00061035
0.02655,-0.00061035,-0.0042758,0.0013733,2.5018,4.9796,0.00030518
-0.0018311,0.00091553,-0.005226,0.01297,2.5015,4.9796,0
-0.032806,0.0016785,-0.0042758,0.025482,2.5006,4.9783,0
-0.033112,0.0018311,-0.0038007,0.020752,2.5018,4.9783,-0.00061035
-0.026703,0.0028992,-0.0042758,0.010071,2.5009,4.9789,0.00061035
-0.019073,0.0013733,-0.005226,0.0065613,2.5024,4.9792,-0.00030518
-0.0015259,0.0012207,-0.005226,0.012207,2.5006,4.9792,0
-0.0073242,0.0010681,-0.005226,0.019073,2.5015,4.9789,0.00061035
-0.023499,-0.00076294,-0.0047509,0.022278,2.5009,4.9792,0
-0.025024,-0.0013733,-0.005226,0.01236,2.5015,4.9789,-0.00030518
-0.012054,0.0013733,-0.0038007,0.0012207,2.5012,4.9786,0
-0.0048828,0.0045776,-0.0047509,0.0032043,2.5021,4.9789,-0.00030518
-0.010986,0.0064087,-0.0047509,0.024414,2.5009,4.9799,0
-0.016479,0.0039673,-0.005226,0.03952,2.5012,4.9792,0
-0.016785,0.0010681,-0.0047509,0.038147,2.5018,4.9792,-0.00030518
-0.022583,-0.0015259,-0.0042758,0.033112,2.5021,4.9789,0
-0.021515,-0.0018311,-0.0047509,0.028839,2.5018,4.9799,-0.00061035
-0.023956,-0.0012207,-0.0042758,0.029297,2.5012,4.9792,-0.00030518
-0.027924,-0.00076294,-0.0047509,0.030365,2.4994,4.9789,0.00030518
-0.027161,-0.00061035,-0.0042758,0.021057,2.5015,4.9792,0
-0.0085449,0.00076294,-0.005226,0.0054932,2.5009,4.9799,0.00030518
0.0088501,0.0012207,-0.0047509,-0.0064087,2.5015,4.9786,0
0.0076294,0.0018311,-0.0047509,-0.013123,2.5012,4.9799,-0.00030518
0.0036621,0.00061035,-0.0047509,-0.0071716,2.5021,4.9796,0
0.0027466,-0.00030518,-0.0038007,0.011597,2.5018,4.9792,0.00030518
0.012817,-0.00061035,-0.0047509,0.016479,2.5015,4.9786,0.00030518
0.020599,-0.00015259,-0.0042758,0.0027466,2.5021,4.9783,0.00061035
-0.0019836,-0.00061035,-0.0038007,-0.022278,2.5024,4.9783,0.00030518
-0.0053406,-0.00061035,-0.005226,-0.048065,2.5018,4.9792,0.00030518
0.0042725,0.0018311,-0.0038007,-0.055542,2.5003,4.9786,0.00030518
-0.00061035,0.0035095,-0.0042758,-0.037689,2.5018,4.9786,-0.00061035
-0.010376,0.00061035,-0.005226,-0.0027466,2.5009,4.9789,-0.00030518
-0.0061035,0.00061035,-0.0042758,0.019989,2.5018,4.9799,0
0.011902,0.0027466,-0.005226,0.012665,2.5012,4.9789,-0.00030518
0.026398,0.0013733,-0.0047509,-0.0056458,2.5018,4.9796,0
0.022736,-0.0015259,-0.0047509,-0.010223,2.5012,4.9789,-0.00030518
0.037384,-0.0039673,-0.0038007,-0.004425,2.5012,4.9792,0
0.019379,-0.0076294,-0.0042758,-0.005188,2.5012,4.9789,0.00061035
-0.0022888,-0.0097656,-0.0047509,-0.014496,2.5015,4.9792,-0.00061035
0.014954,-0.010223,-0.0047509,-0.016785,2.5015,4.9786,0
0.042114,-0.0091553,-0.0047509,-0.0047302,2.5021,4.9796,0
0.007782,-0.0068665,-0.005226,0.010986,2.5012,4.9789,0
-0.028839,-0.0036621,-0.0033257,0.022736,2.5015,4.9789,0.00030518
-0.015717,-0.0012207,-0.0038007,0.028229,2.5012,4.9783,0.00030518
0.002594,-0.0018311,-0.0042758,0.025787,2.5009,4.9786,0.00030518
0.029297,-0.002594,-0.0033257,0.012512,2.5003,4.9771,0.00030518
0.040741,-0.0019836,-0.0042758,-0.0042725,2.5012,4.9783,-0.00061035
0.026245,-0.0010681,-0.0042758,-0.010071,2.5012,4.9786,0.00091553
0.024567,0.0018311,-0.0047509,-0.0065613,2.5012,4.9789,0
0.03067,0.0038147,-0.0042758,0.0021362,2.5012,4.9789,0.00030518
0.032349,0.0028992,-0.0042758,0.011139,2.5015,4.9789,0.00030518
0.040131,-0.00030518,-0.0033257,0.0093079,2.5009,4.9792,0.00030518
0.040131,-0.002594,-0.0042758,0.0041199,2.5012,4.9792,0
0.030975,-0.0016785,-0.0042758,0.009613,2.5018,4.9799,-0.00061035
0.020294,-0.0036621,-0.0047509,0.02594,2.5018,4.9789,0
-0.0018311,-0.0048828,-0.005226,0.040131,2.5012,4.9805,0.00030518
-0.0061035,-0.0016785,-0.0042758,0.040741,2.5012,4.9789,0.00030518
-0.0053406,-0.00030518,-0.005701,0.034485,2.5015,4.9786,0.00030518
0.0010681,-0.00045776,-0.0042758,0.031128,2.5021,4.9789,0.00061035
0.0015259,0.00061035,-0.0042758,0.023956,2.5012,4.9777,0
0.0076294,0.00015259,-0.0042758,0.017548,2.5009,4.9789,0.00030518
0.027161,0.00091553,-0.005226,0.0059509,2.5009,4.978,-0.00030518
0.039368,0.00015259,-0.005226,-0.010986,2.5015,4.978,0
0.029449,-0.00030518,-0.0028506,-0.018921,2.5015,4.9786,-0.00061035
0.013885,-0.0016785,-0.0047509,-0.020447,2.5009,4.9783,-0.00030518
-0.011444,-0.0053406,-0.0047509,-0.014648,2.5018,4.9768,0.00030518
-0.00091553,-0.0048828,-0.0047509,-0.0076294,2.5015,4.9774,0.00030518
0.017548,-0.0038147,-0.0042758,-0.0021362,2.5009,4.978,0.00061035
0.023956,-0.0035095,-0.0047509,0.002594,2.5006,4.9777,0
0.02121,-0.0016785,-0.0042758,0.004425,2.5009,4.9774,-0.00091553
0.034637,0.00061035,-0.0047509,-0.0054932,2.5012,4.978,0.00030518
0.020752,0.0039673,-0.0047509,-0.0042725,2.5018,4.9789,0
0.0061035,0.0073242,-0.0047509,0.0068665,2.5024,4.9786,0
-0.004425,0.0079346,-0.0047509,0.016632,2.5015,4.9786,-0.00061035
-0.0035095,0.004425,-0.005226,0.027161,2.5021,4.9789,0.00030518
0.0010681,0.002594,-0.0047509,0.033417,2.5018,4.9792,-0.00030518
0.010986,0.0030518,-0.0047509,0.033264,2.5015,4.9789,-0.00061035
0.0088501,0.0038147,-0.0042758,0.02594,2.5015,4.9789,-0.00061035
0.0062561,0.0030518,-0.0042758,0.018616,2.5009,4.9789,0.00061035
0.014343,0.0019836,-0.0042758,0.016022,2.5015,4.9796,0
0.029449,0.0019836,-0.0047509,0.0032043,2.4997,4.9792,-0.00061035
0.031433,0.00061035,-0.0047509,-0.0094604,2.5012,4.9789,0
0.025482,-0.00061035,-0.0047509,-0.0054932,2.5009,4.9799,-0.00030518
0.022125,0.00061035,-0.0042758,0.010986,2.5012,4.9786,0.00030518
0.013885,0.0028992,-0.0042758,0.025482,2.5009,4.9792,0
-0.0021362,0.0024414,-0.0042758,0.021515,2.5018,4.9774,0.00030518
-0.0082397,0.0022888,-0.0047509,-0.0019836,2.5006,4.9786,-0.00030518
-0.00045776,-0.00076294,-0.0047509,-0.027161,2.5018,4.9792,-0.00030518
0.0013733,-0.0038147,-0.0047509,-0.040131,2.5012,4.9796,0.00030518
0.0036621,-0.0061035,-0.0042758,-0.032501,2.5012,4.9792,0.00030518
0.0061035,-0.0088501,-0.005701,-0.01236,2.5015,4.9789,0.00030518
0.019226,-0.0064087,-0.0047509,-0.0062561,2.5018,4.9792,0
0.018463,-0.0036621,-0.005226,-0.010376,2.5021,4.9792,-0.00030518
0.0016785,-0.0032043,-0.005226,-0.0048828,2.5009,4.9796,-0.00030518
-0.019836,-0.0030518,-0.0047509,0.0036621,2.5006,4.9786,0.00030518
-0.029907,-0.0028992,-0.0047509,0.010071,2.5015,4.9792,0.00030518
-0.0045776,-0.0018311,-0.0033257,0.0065613,2.5009,4.9796,-0.00030518
0.0065613,-0.00076294,-0.0047509,-0.0041199,2.5012,4.9783,0.00061035
-0.0032043,0.0019836,-0.0042758,-0.013733,2.5012,4.9796,-0.00030518
-0.0019836,0.0039673,-0.0047509,-0.010376,2.5009,4.9792,0
-0.00045776,0.0028992,-0.0047509,0.0015259,2.5009,4.9792,0.00030518
-0.010986,0.00076294,-0.0038007,0.010071,2.5018,4.9796,0
-0.030975,0.0033569,-0.005701,0.011597,2.5012,4.9789,-0.00030518
-0.033417,0.0085449,-0.0042758,0.010834,2.5021,4.9799,0
-0.027771,0.0082397,-0.0047509,0.011749,2.5018,4.9802,-0.00030518
-0.031128,0.0061035,-0.0047509,0.016479,2.5,4.9777,0.00030518
-0.02533,0.005188,-0.0047509,0.028534,2.5015,4.9786,0.00030518
-0.019989,0.0074768,-0.0047509,0.042572,2.5,4.9789,0
-0.016174,0.0064087,-0.005226,0.04364,2.5012,4.9786,-0.00030518
-0.015869,0.00076294,-0.0047509,0.034485,2.5018,4.9783,-0.00030518
-0.015564,-0.0021362,-0.0038007,0.028839,2.5015,4.9792,-0.00061035
-0.018616,-0.0016785,-0.0047509,0.028687,2.5012,4.9789,0
-0.013275,0.00030518,-0.0042758,0.031586,2.5015,4.9786,0.00030518
-0.0038147,-0.0013733,-0.0042758,0.028687,2.5009,4.9789,0
0.010986,-0.0038147,-0.0047509,0.020142,2.5018,4.9789,0.00091553
0.029297,-0.0039673,-0.0042758,0.011749,2.5024,4.9786,-0.00030518
0.027466,-0.0019836,-0.0042758,0.0050354,2.5018,4.9792,0.00030518
0.017853,-0.00091553,-0.0047509,0.0021362,2.5009,4.9789,0
0.021973,-0.0018311,-0.0042758,-0.00015259,2.5012,4.9783,0
0.016022,-0.0028992,-0.0047509,-0.00045776,2.5009,4.9792,0
-0.0054932,-0.00015259,-0.0042758,0.0094604,2.5018,4.9786,0.00030518
-0.024872,0.0022888,-0.0042758,0.021057,2.5012,4.978,0.00030518
-0.022583,0.0039673,-0.0047509,0.02121,2.5024,4.9792,0.00091553
0.0047302,0.0053406,-0.0028506,0.013733,2.5018,4.9783,-0.00030518
0.007019,0.005188,-0.0047509,0.0036621,2.5009,4.9786,0.00061035
-0.023041,0.004425,-0.005226,-0.0036621,2.5018,4.9774,-0.00030518
-0.024414,0.0028992,-0.005701,-0.007019,2.5012,4.9783,0.00030518
-0.023651,0.0018311,-0.0042758,-0.002594,2.5009,4.9796,-0.00030518
-0.030365,0.0018311,-0.005226,0.0012207,2.5012,4.9789,0
-0.036774,0.0021362,-0.0042758,-0.0016785,2.5021,4.9789,0.00061035
-0.03067,0.0018311,-0.005226,-0.0082397,2.5012,4.9789,-0.00061035
-0.016785,0.0032043,-0.0042758,-0.010986,2.5012,4.9786,0
0.0015259,0.0038147,-0.0042758,-0.0024414,2.5012,4.9792,0.00030518
0.011902,0.0030518,-0.0042758,0.0027466,2.5015,4.9796,0.00030518
0.012817,0.0033569,-0.0047509,-0.00030518,2.5012,4.9789,0.00030518
0.0042725,0.0027466,-0.0047509,-0.0013733,2.5021,4.9789,0
0.0056458,0.0016785,-0.0047509,0.004425,2.5018,4.9789,0
0.007782,0.0028992,-0.0042758,0.0071716,2.5009,4.9783,0.00061035
0.010986,0.0013733,-0.0042758,-0.0033569,2.5012,4.978,0
0.016327,0.0012207,-0.0047509,-0.012665,2.5015,4.9774,-0.00030518
0.0068665,0.0015259,-0.0038007,-0.01358,2.5018,4.978,0
-0.0024414,0.0016785,-0.0047509,-0.012207,2.5015,4.9771,0.00091553
-0.0013733,0.00061035,-0.0038007,-0.007019,2.5021,4.9777,-0.00030518
0.00030518,-0.0030518,-0.0042758,-0.00030518,2.5018,4.9786,0.00030518
0.0012207,-0.0036621,-0.0047509,0.0045776,2.5006,4.9783,0.00061035
0.0030518,-0.0032043,-0.0047509,0.0042725,2.5015,4.9768,0
0.027313,-0.0022888,-0.0047509,-0.0061035,2.5015,4.9765,0
0.039215,-0.0019836,-0.0038007,-0.015717,2.5015,4.9774,-0.00030518
0.033112,-0.002594,-0.0047509,-0.019531,2.5021,4.9771,0
0.022278,-0.0016785,-0.005226,-0.019684,2.5009,4.9774,0
0.019531,-0.00076294,-0.0038007,-0.016022,2.5012,4.978,-0.00030518
0.015411,-0.0019836,-0.0042758,-0.011749,2.5012,4.9786,0.00030518
0.00045776,-0.0027466,-0.0047509,-0.0071716,2.5015,4.9792,-0.00030518
-0.015869,-0.00045776,-0.005226,-0.0035095,2.5024,4.9789,0.00061035
-0.0054932,0.00091553,-0.0042758,0.0019836,2.5009,4.9783,0.00030518
0.012054,0.0028992,-0.0038007,0.0056458,2.5015,4.9792,0.00061035
0.007782,0.0039673,-0.005226,0.010071,2.5012,4.9789,-0.00030518
-0.011902,0.0039673,-0.0047509,0.020142,2.5009,4.9786,0.00030518
-0.03479,0.0032043,-0.0038007,0.029449,2.5006,4.9805,0.00030518
-0.050812,0.0019836,-0.0047509,0.033417,2.5018,4.9796,0.00030518
-0.053864,0.0016785,-0.0042758,0.037079,2.5015,4.9789,-0.00030518
-0.034943,0.00061035,-0.0038007,0.043488,2.5018,4.9792,-0.00030518
0.010223,0.00076294,-0.005226,0.04303,2.5009,4.9792,0.00030518
0.00045776,0.0027466,-0.0033257,0.036926,2.5018,4.9792,0.00030518
-0.036011,0.0027466,-0.0038007,0.028992,2.5018,4.9789,0.00030518
-0.037842,0.0019836,-0.0038007,0.016327,2.5006,4.978,-0.00030518
-0.014954,0.0016785,-0.0038007,0.0039673,2.5015,4.9783,0
-0.011139,0.00030518,-0.0047509,-0.0012207,2.5015,4.9792,-0.00030518
-0.010681,0.0010681,-0.0047509,0.0042725,2.5003,4.9786,0
-0.018921,-0.00061035,-0.0042758,0.010071,2.5018,4.9777,-0.00030518
-0.020294,-0.0015259,-0.0047509,0.0083923,2.5012,4.9792,0.00061035
-0.013123,-0.00091553,-0.005226,0.0080872,2.5003,4.9789,-0.00061035
-0.0074768,-0.0018311,-0.0038007,0.011597,2.5018,4.9783,-0.00061035
-0.0018311,-0.0028992,-0.0047509,0.011597,2.5009,4.9792,-0.00030518
-0.0088501,-0.0033569,-0.005701,0.011139,2.5015,4.9792,-0.00030518
-0.017548,-0.004425,-0.0033257,0.0083923,2.5012,4.9799,0
0.0030518,-0.0065613,-0.005226,0.0064087,2.5015,4.9796,0.00061035
-0.0057983,-0.007782,-0.0047509,0.0059509,2.5018,4.9796,0
-0.018158,-0.0067139,-0.0047509,0.0073242,2.5009,4.9799,0.00030518
-0.01709,-0.0021362,-0.0038007,0.005188,2.5012,4.9783,0
-0.0090027,0.0030518,-0.005226,0.00061035,2.5021,4.9789,0
-0.0085449,0.0050354,-0.0047509,-0.0042725,2.5009,4.9792,-0.00030518
-0.015259,0.0032043,-0.005226,-0.0016785,2.5018,4.9796,0
-0.011139,0.00076294,-0.005701,-0.00045776,2.5012,4.9786,0.00030518
-0.011292,0.00091553,-0.0047509,-0.0054932,2.5009,4.9799,0
-0.018616,0.0027466,-0.005226,-0.010223,2.5012,4.978,-0.00030518
-0.0090027,0.0038147,-0.0038007,-0.010529,2.5018,4.9783,-0.00030518
-0.0090027,0.007019,-0.0047509,-0.0057983,2.5015,4.9792,0
-0.018311,0.0085449,-0.0042758,0.0012207,2.5015,4.9799,0.00030518
-0.020294,0.0091553,-0.0038007,0.0047302,2.5009,4.9799,-0.00030518
-0.014954,0.0082397,-0.005226,0.0024414,2.5021,4.9796,-0.00030518
-0.012512,0.0028992,-0.0047509,-0.00076294,2.5015,4.9783,-0.00030518
-0.014191,-0.00076294,-0.0047509,0.00076294,2.5021,4.9789,-0.00030518
-0.019531,-0.0024414,-0.0042758,0.0019836,2.5012,4.9786,-0.00030518
-0.022736,-0.0032043,-0.0047509,0.0050354,2.5012,4.9792,-0.00030518
-0.019226,-0.0032043,-0.0042758,0.013733,2.5003,4.9786,0
-0.014496,-0.0042725,-0.0038007,0.024261,2.5018,4.9792,-0.00061035
-0.019836,-0.005188,-0.0047509,0.027313,2.5003,4.9789,0.00091553
-0.020599,-0.0073242,-0.0047509,0.025482,2.5018,4.9792,-0.00030518
-0.02182,-0.0086975,-0.005226,0.024567,2.5012,4.9789,0.00030518
-0.02182,-0.0061035,-0.0042758,0.025787,2.5012,4.9789,0
-0.0065613,-0.0024414,-0.005226,0.025635,2.5015,4.9792,0.00030518
0.0015259,-0.00076294,-0.0042758,0.023041,2.5018,4.9789,-0.00061035
-0.0088501,0.0019836,-0.0042758,0.026398,2.5009,4.9786,-0.00030518
-0.015564,0.0050354,-0.005226,0.027161,2.5015,4.9789,0
0.00015259,0.0038147,-0.0047509,0.014038,2.5021,4.9774,-0.00061035
0.01297,0.0024414,-0.0042758,0.0013733,2.5009,4.9789,0
-0.0064087,0.0019836,-0.0033257,0.0015259,2.5021,4.9786,0.00030518
-0.026245,0.00045776,-0.0042758,0.0079346,2.5003,4.9786,0.00030518
-0.024414,-0.0016785,-0.0047509,0.010071,2.5012,4.9796,0.00061035
-0.018158,-0.0016785,-0.0042758,0.0068665,2.5018,4.9792,0
-0.009613,-0.00076294,-0.0033257,0.0047302,2.5021,4.9786,0.00030518
-0.0027466,-0.00061035,-0.0042758,0.0018311,2.5003,4.9789,0
0.002594,0.00076294,-0.0038007,-0.0036621,2.5015,4.9792,-0.00030518
0.0024414,0.002594,-0.0042758,-0.007019,2.5012,4.9792,0.00061035
-0.0059509,0.0012207,-0.005226,-0.0097656,2.5021,4.9792,0.00091553
0.0024414,-0.00030518,-0.0042758,-0.011139,2.5015,4.9786,-0.00030518
0.0091553,-0.0019836,-0.0038007,-0.0085449,2.5015,4.978,0
0.0076294,-0.002594,-0.0042758,-0.005188,2.5009,4.9786,0.00061035
0.010223,-0.0015259,-0.0042758,-0.0057983,2.5015,4.9774,0.00030518
0.015411,0.00015259,-0.0047509,-0.0090027,2.5009,4.9777,-0.00061035
0.010223,-0.00076294,-0.005701,-0.011444,2.5015,4.9789,-0.00030518
0.0048828,-0.0038147,-0.005226,-0.0097656,2.5012,4.978,-0.00030518
0.0028992,-0.0054932,-0.0038007,-0.0056458,2.5021,4.9777,-0.00030518
0.00045776,-0.004425,-0.0047509,-0.0019836,2.5015,4.9777,-0.00030518
-0.0091553,-0.0021362,-0.0047509,0.0027466,2.5009,4.9771,0
0.0036621,0.00015259,-0.005226,0.0019836,2.5006,4.978,-0.00030518
0.014191,0.0024414,-0.0047509,-0.0021362,2.5012,4.978,-0.00030518
0.010223,0.0041199,-0.0047509,-0.00061035,2.5009,4.978,-0.00030518
0.0041199,0.0041199,-0.0047509,0.0030518,2.5012,4.9777,0.00030518
-0.0015259,0.004425,-0.0042758,0.00030518,2.5012,4.9783,0.00030518
-0.0073242,0.0016785,-0.0042758,-0.0032043,2.5015,4.978,0.00061035
-0.0047302,-0.0013733,-0.0047509,0.0059509,2.5012,4.9789,0.00030518
-0.0091553,-0.00045776,-0.0047509,0.017242,2.5009,4.9792,-0.00061035
-0.029755,0.0010681,-0.0038007,0.017395,2.5012,4.9783,0.00030518
-0.023499,0.0016785,-0.0042758,0.0062561,2.5027,4.9786,0.00030518
0.0080872,0.0015259,-0.0042758,-0.0045776,2.5015,4.9796,0.00061035
0.010834,0.0018311,-0.0038007,-0.0042725,2.5024,4.9789,-0.00030518
0.011902,0.0033569,-0.005226,0.0028992,2.5018,4.978,-0.00030518
0.031738,0.0041199,-0.0042758,0.0068665,2.5021,4.9789,0.00030518
0.033112,0.002594,-0.0042758,0.0035095,2.5012,4.9796,-0.00061035
0.016479,0.0019836,-0.0038007,0.0016785,2.5003,4.9789,-0.00061035
0.0050354,0.00076294,-0.0038007,0.0065613,2.5012,4.9789,-0.00061035
0.004425,-0.0013733,-0.0038007,0.010223,2.5003,4.9786,0
0.0045776,0.0012207,-0.0042758,0.012665,2.5015,4.9786,0.00030518
-0.0056458,0.0021362,-0.0047509,0.010376,2.5006,4.9786,0.00030518
-0.0062561,0.0019836,-0.005226,0.010529,2.5012,4.9789,0
-0.0056458,0.00045776,-0.005226,0.013428,2.5012,4.9789,0.00030518
-0.0013733,0.00076294,-0.0047509,0.010071,2.5021,4.9786,-0.00061035
-0.00045776,0.002594,-0.0038007,0.0028992,2.5018,4.9796,0.00030518
0.015869,0.0013733,-0.0038007,-0.0015259,2.5012,4.9792,0
0.014801,0,-0.0047509,-0.004425,2.5009,4.978,0.00061035
0.0010681,0.00061035,-0.0038007,-0.0045776,2.5015,4.9792,0
-0.0050354,0.0027466,-0.0042758,-0.0030518,2.5015,4.9789,0
0.0038147,0.0035095,-0.005226,-0.0065613,2.5018,4.9783,-0.00061035
0.013123,0.0041199,-0.005226,-0.010071,2.5015,4.9799,0.00030518
0.013885,0.0053406,-0.0042758,-0.0086975,2.5012,4.9789,0
0.0061035,0.0038147,-0.0047509,-0.007782,2.5006,4.9796,0
0.0016785,0.00091553,-0.0047509,-0.010986,2.5012,4.9789,0.00061035
0.0093079,-0.00045776,-0.005226,-0.01297,2.5003,4.9786,0.00061035
0.016632,-0.00030518,-0.0047509,-0.007782,2.5012,4.9789,0
0.018311,-0.0019836,-0.0047509,-0.004425,2.5018,4.9786,0
0.018768,-0.0024414,-0.0042758,-0.0032043,2.5018,4.9792,-0.00030518
0.016632,-0.0030518,-0.0042758,-0.002594,2.5006,4.9799,0.00061035
0.014648,-0.0015259,-0.0033257,-0.00045776,2.5009,4.9799,0
0.0045776,0.00030518,-0.0038007,0.0032043,2.5015,4.9771,0.00030518
0.0074768,0.0015259,-0.0047509,0.0080872,2.5009,4.9786,0
0.018463,0.00045776,-0.0033257,0.014038,2.5021,4.9789,0
0.020142,-0.0013733,-0.005226,0.015411,2.5009,4.9789,0
0.015411,-0.00015259,-0.0042758,0.01297,2.5018,4.9786,0.00030518
0.0057983,0.00015259,-0.0038007,0.011292,2.5018,4.9796,-0.00030518
0.0013733,-0.0019836,-0.0047509,0.015564,2.5009,4.9789,0.00030518
0.014191,-0.0013733,-0.0047509,0.020752,2.5015,4.9789,0
0.017395,-0.0010681,-0.0047509,0.01236,2.5015,4.9789,0.00061035
0.014191,0.00061035,-0.0042758,0.0035095,2.5018,4.9783,0
0.010681,0.0013733,-0.0033257,0.0085449,2.5018,4.9786,-0.00030518
0.014801,0.0015259,-0.0047509,0.019226,2.5006,4.9789,-0.00030518
0.00076294,-0.00076294,-0.0033257,0.017242,2.5009,4.9792,-0.00030518
-0.018463,-0.0024414,-0.0038007,0.0050354,2.5003,4.9789,-0.00030518
-0.0067139,-0.0016785,-0.005226,-0.0057983,2.5018,4.9792,0.00091553
0.01236,-0.0019836,-0.0042758,-0.0094604,2.5015,4.9789,-0.00030518
0.015411,-0.0015259,-0.0042758,-0.009613,2.5018,4.9783,0
0.011597,-0.0022888,-0.0038007,-0.0073242,2.5009,4.978,0
0.01236,-0.0027466,-0.0042758,-0.0088501,2.5018,4.9783,-0.00030518
0.0021362,-0.0018311,-0.0042758,-0.016022,2.5009,4.9792,0.00030518
-0.00091553,-0.00091553,-0.0042758,-0.014954,2.5021,4.9774,-0.00030518
-0.0041199,0.00091553,-0.0038007,-0.00076294,2.5018,4.9792,0.00030518
-0.0067139,0.0015259,-0.005226,0.014801,2.5009,4.9789,-0.00030518
0.0016785,0.00030518,-0.0047509,0.01358,2.5009,4.9789,0
0.022583,0.00091553,-0.0047509,0.0032043,2.5015,4.9789,0.00030518
0.017242,0.0030518,-0.0047509,0.0032043,2.5,4.9783,0.00030518
0.0097656,0.0028992,-0.0047509,0.010834,2.5012,4.9792,-0.00030518
0.0076294,0.0035095,-0.0047509,0.018158,2.5015,4.9789,0
-0.0059509,0.002594,-0.0042758,0.020142,2.5015,4.9796,0.00030518
-0.0097656,0.0030518,-0.0047509,0.018158,2.5012,4.9789,0
0.0094604,0.0024414,-0.0047509,0.015259,2.5006,4.9792,-0.00091553
0.020142,-0.00061035,-0.0042758,0.012054,2.5009,4.9792,0
0.016479,0.0013733,-0.0047509,0.0082397,2.5018,4.9783,0.00030518
0.014801,0.0032043,-0.0038007,0.0061035,2.5018,4.9774,-0.00030518
0.016327,0.0027466,-0.0047509,0.0076294,2.5021,4.9777,0
-0.0013733,0.0045776,-0.0047509,0.0093079,2.5009,4.9783,0.00030518
-0.024719,0.0062561,-0.005226,0.012512,2.5012,4.9786,-0.00061035
-0.0039673,0.0065613,-0.0042758,0.014648,2.5015,4.9783,0.00030518
0.013275,0.0039673,-0.0047509,0.018616,2.5012,4.978,-0.00061035
0.0013733,0.0022888,-0.0047509,0.023651,2.5,4.978,0.00030518
-0.0030518,0.00061035,-0.0038007,0.02533,2.5021,4.9768,-0.00030518
0.012207,-0.00061035,-0.005226,0.021362,2.5024,4.9765,0.00061035
0.011292,-0.0030518,-0.005226,0.020599,2.5012,4.9771,0.00030518
-0.0083923,-0.0010681,-0.0047509,0.023499,2.5021,4.9774,0.00061035
-0.01236,0.0024414,-0.0047509,0.021515,2.5012,4.9777,0.00030518
0.011292,0.0038147,-0.0038007,0.016785,2.5012,4.9777,-0.00030518
0.048065,0.0016785,-0.0047509,0.017395,2.5012,4.978,-0.00030518
0.055237,0.0010681,-0.005226,0.022736,2.5021,4.9786,0.00030518
0.043793,0.0039673,-0.0047509,0.030975,2.5015,4.9789,-0.00061035
0.031738,0.0059509,-0.0042758,0.035248,2.5012,4.9792,0.00030518
0.014801,0.0050354,-0.0047509,0.031738,2.5009,4.9796,0
-0.016937,0.004425,-0.0038007,0.023346,2.5003,4.9796,0.00030518
-0.037231,0.0042725,-0.0028506,0.025787,2.5009,4.9786,0.00030518
-0.017853,0.0019836,-0.0047509,0.033264,2.5027,4.9796,0.00030518
0.00030518,0.0010681,-0.0047509,0.029449,2.5009,4.9792,0
0.011902,0.0027466,-0.0038007,0.019073,2.5009,4.9786,0.00030518
0.023804,0.0035095,-0.0047509,0.013123,2.5012,4.9799,0
0.031891,0.0028992,-0.005226,0.016174,2.5012,4.9786,0.00030518
0.033569,0.0048828,-0.0042758,0.018921,2.5015,4.9789,0.00030518
0.020599,0.005188,-0.0033257,0.029144,2.5021,4.9783,0.00061035
-0.031738,0.0030518,-0.0042758,0.036011,2.5015,4.9777,0
-0.054169,0.0010681,-0.0042758,0.037079,2.5018,4.9783,-0.00061035
-0.05661,-0.00015259,-0.0047509,0.030975,2.5009,4.9799,-0.00030518
-0.048676,0.00045776,-0.0042758,0.023804,2.5018,4.978,0
-0.030975,-0.0010681,-0.0038007,0.024414,2.5,4.9792,0
-0.018463,-0.0050354,-0.0042758,0.031738,2.5015,4.9789,0
-0.009613,-0.0073242,-0.0038007,0.037994,2.5021,4.9786,-0.00030518
-0.013275,-0.0054932,-0.0047509,0.040436,2.5015,4.9789,0
-0.019531,-0.0036621,-0.0042758,0.039215,2.5009,4.9799,0.00030518
-0.009613,-0.0030518,-0.0047509,0.0383,2.5012,4.9789,-0.00030518
-0.0094604,0.00045776,-0.0042758,0.035706,2.5012,4.9789,0
-0.021362,0.0048828,-0.0042758,0.035553,2.5012,4.9789,0.00030518
-0.0177,0.0050354,-0.0047509,0.034485,2.5015,4.9789,-0.00030518
-0.0013733,0.0042725,-0.0047509,0.025787,2.5009,4.9799,0.00061035
-0.0033569,0.0030518,-0.005226,0.021515,2.5015,4.9792,0.00030518
0.0010681,0.0032043,-0.005226,0.025177,2.5018,4.9796,0.00030518
0.0076294,0.0015259,-0.0038007,0.023193,2.5012,4.9789,0
0.00045776,-0.0015259,-0.0042758,0.023499,2.5006,4.9786,-0.00030518
-0.016632,-0.00030518,-0.0047509,0.03006,2.5024,4.9792,-0.00030518
-0.018768,0.00015259,-0.005226,0.032196,2.5015,4.9789,-0.00030518
-0.019073,-0.00061035,-0.005226,0.028839,2.5009,4.9783,-0.00030518
-0.026093,-0.00061035,-0.0047509,0.025635,2.5018,4.978,0.00030518
-0.022888,-0.00076294,-0.005226,0.018005,2.5009,4.978,-0.00030518
0.01709,-0.00045776,-0.0047509,0.007019,2.5006,4.9789,-0.00061035
0.016022,-0.0032043,-0.0047509,0.0035095,2.5003,4.9789,0
-0.025635,-0.0022888,-0.0042758,0.0073242,2.5021,4.9789,-0.00030518
-0.039978,-0.0012207,-0.005226,0.0091553,2.5015,4.9789,-0.00030518
-0.031586,-0.00061035,-0.005701,0.0041199,2.5012,4.9789,0
-0.02243,-0.00030518,-0.005226,-0.00045776,2.5015,4.9789,0.00030518
-0.020294,-0.0030518,-0.0042758,0.00091553,2.5015,4.9786,-0.00030518
-0.018768,-0.005188,-0.0047509,0.002594,2.5006,4.9792,0
0.00045776,-0.0028992,-0.0047509,0.00030518,2.5009,4.9786,0
0.016022,0.00015259,-0.005226,-0.0038147,2.5018,4.9789,-0.00030518
0.014954,0.0012207,-0.0042758,-0.0062561,2.5003,4.9786,0.00030518
-0.0010681,0.0018311,-0.005701,-0.0057983,2.5015,4.9783,-0.00030518
-0.0067139,0.0019836,-0.0042758,-0.0050354,2.5018,4.9792,0.00061035
0.0053406,0.0021362,-0.0047509,-0.0097656,2.5009,4.9783,0
0.041504,0.0013733,-0.0047509,-0.013123,2.5012,4.9796,0.00030518
0.06424,0.0028992,-0.0047509,-0.018768,2.5018,4.9783,-0.00030518
0.041962,0.0039673,-0.0047509,-0.026245,2.5009,4.9792,-0.00061035
0.046082,0.00015259,-0.005226,-0.026855,2.5015,4.9777,-0.00030518
0.084991,-0.00091553,-0.0038007,-0.021515,2.5006,4.9783,0.00061035
0.089111,-0.00030518,-0.0047509,-0.017242,2.5024,4.9786,0.00030518
0.053864,0.00045776,-0.0042758,-0.016174,2.5003,4.9786,0.00061035
-0.0036621,0.0013733,-0.005226,-0.019531,2.5018,4.9802,0.00030518
-0.021515,0.0028992,-0.0047509,-0.023956,2.5009,4.9792,-0.00061035
-0.0027466,0.0028992,-0.0047509,-0.021362,2.5009,4.9792,-0.00061035
0.0085449,0.00076294,-0.0042758,-0.0177,2.5003,4.9789,0.00061035
0.0032043,-0.00015259,-0.0042758,-0.019226,2.5015,4.9789,0
0.0062561,0.0019836,-0.005226,-0.021057,2.5018,4.9789,0.00061035
-0.002594,0.0027466,-0.0042758,-0.019073,2.5021,4.9789,-0.00030518
-0.0085449,-0.0030518,-0.0047509,-0.01709,2.5015,4.9792,-0.00030518
-0.0065613,-0.0053406,-0.0047509,-0.019684,2.5015,4.9783,0.00061035
-0.0068665,-0.0056458,-0.0047509,-0.026245,2.5012,4.9777,0
-0.0067139,-0.0028992,-0.0047509,-0.032501,2.5015,4.9792,0.00030518
-0.0079346,-0.0010681,-0.0047509,-0.02655,2.5009,4.978,-0.00030518
-0.011902,-0.00076294,-0.0042758,-0.016632,2.5015,4.9774,-0.00030518
-0.011597,-0.00076294,-0.0047509,-0.015106,2.5018,4.9786,0
-0.011444,0.0035095,-0.0042758,-0.016632,2.5003,4.9789,0
-0.023804,0.0057983,-0.0042758,-0.0082397,2.5024,4.9786,0
-0.024109,0.0038147,-0.0042758,-0.00030518,2.5,4.9777,0.00030518
0.0053406,-0.00030518,-0.0047509,-0.010529,2.5009,4.9774,0
-0.00091553,-0.0022888,-0.0047509,-0.02533,2.5021,4.9774,-0.00030518
-0.019073,-0.00076294,-0.0042758,-0.025787,2.5018,4.978,0
-0.019379,0.0024414,-0.0042758,-0.020905,2.5015,4.978,0.00030518
-0.010529,0.005188,-0.0042758,-0.022278,2.5018,4.978,-0.00030518
-0.0091553,0.0062561,-0.0047509,-0.02533,2.5003,4.9783,0.00030518
-0.0032043,0.0056458,-0.0042758,-0.025024,2.5015,4.9789,-0.00030518
0.0054932,0.00076294,-0.0038007,-0.023041,2.5009,4.9783,0.00030518
0.00091553,-0.0022888,-0.0047509,-0.028229,2.5012,4.9792,0.00061035
-0.015411,-0.00045776,-0.0047509,-0.03418,2.5015,4.9789,0
-0.0085449,0.0013733,-0.0047509,-0.034485,2.5009,4.9786,-0.00030518
0.0076294,0.0019836,-0.0038007,-0.032043,2.5006,4.9789,0.00030518
0.0079346,0.0016785,-0.005226,-0.032654,2.5021,4.9786,-0.00061035
0.007782,0.0015259,-0.0047509,-0.036621,2.5012,4.9783,0.00030518
0.0082397,0.0032043,-0.005226,-0.038147,2.5015,4.9783,0
0.0039673,0.0065613,-0.005701,-0.036163,2.5012,4.9789,0.00030518
0.00015259,0.0074768,-0.0038007,-0.033569,2.5018,4.9789,0
0.0079346,0.0068665,-0.0038007,-0.032806,2.5003,4.9796,-0.00030518
0.0012207,0.0041199,-0.0038007,-0.027618,2.5006,4.9796,0
-0.018616,0.0036621,-0.005226,-0.022583,2.5006,4.9777,-0.00091553
-0.016022,0.0036621,-0.0047509,-0.020599,2.5012,4.9792,0
-0.0041199,0.002594,-0.0042758,-0.019531,2.5015,4.9786,0.00061035
-0.0059509,-0.00030518,-0.005226,-0.015411,2.5018,4.9789,0.00061035
-0.019073,-0.00015259,-0.0047509,-0.0094604,2.5015,4.9792,0.00030518
-0.029144,0.0018311,-0.0038007,-0.0086975,2.5006,4.9789,0.00061035
-0.026398,0.0056458,-0.0047509,-0.010834,2.5018,4.9792,-0.00030518
-0.023651,0.0071716,-0.0042758,-0.010529,2.5015,4.9792,0
-0.022278,0.0042725,-0.0038007,-0.010834,2.5009,4.9796,0
-0.0064087,-0.0013733,-0.0042758,-0.011749,2.5012,4.9792,0
0.005188,-0.0045776,-0.0042758,-0.010071,2.5009,4.9786,0.00030518
0.0012207,-0.0041199,-0.0042758,-0.011749,2.5009,4.9802,0.00061035
-0.016022,-0.0033569,-0.005226,-0.013733,2.5012,4.9789,0
-0.017853,-0.0028992,-0.0042758,-0.010376,2.5012,4.9786,-0.00030518
-0.014648,-0.0042725,-0.0042758,-0.0033569,2.5027,4.9786,0
-0.015717,-0.0065613,-0.0042758,0.0013733,2.5015,4.9789,0.00030518
-0.0022888,-0.0064087,-0.0042758,-0.0010681,2.5006,4.9796,-0.00030518
0.03006,-0.0045776,-0.0042758,-0.002594,2.5006,4.9789,0
0.029907,-0.004425,-0.0047509,-0.0027466,2.5012,4.9796,0.00030518
-0.01358,-0.0050354,-0.0038007,-0.0033569,2.5021,4.9792,0
-0.019836,-0.0042725,-0.005226,-0.0035095,2.5015,4.9789,0.00030518
0.0086975,-0.00076294,-0.0042758,0.0013733,2.5012,4.9783,0
0.0067139,-0.00015259,-0.0042758,0.010376,2.5015,4.9796,0.00061035
0.00015259,0.00076294,-0.0047509,0.0076294,2.5015,4.9792,0.00030518
0.0076294,0.0018311,-0.005226,-0.00061035,2.5006,4.9786,0.00061035
0.0022888,0.0015259,-0.0042758,-0.0036621,2.5018,4.9792,0.00030518
-0.016785,0.0019836,-0.005226,-0.00015259,2.5021,4.9789,0.00061035
-0.022583,0.0018311,-0.0038007,0.0032043,2.5009,4.9789,0
-0.02533,0.0016785,-0.0047509,0.0057983,2.5015,4.9786,0.00091553
-0.015717,-0.00076294,-0.0038007,0.0065613,2.5003,4.9789,0.00030518
-0.0094604,0,-0.0038007,0.0061035,2.5015,4.9792,0
0.0059509,0.0016785,-0.0042758,0.0036621,2.5021,4.9792,0.00030518
0.010223,-0.0021362,-0.0047509,0.0028992,2.5018,4.9792,-0.00061035
-0.0038147,-0.0050354,-0.005226,0.0048828,2.5024,4.9789,-0.00030518
-0.016327,-0.0030518,-0.0042758,0.0054932,2.5021,4.9796,0
-0.016022,0,-0.005226,0.005188,2.5006,4.9796,0.00030518
-0.0047302,0,-0.0047509,0.00061035,2.5012,4.9796,0
0.0071716,-0.0028992,-0.0038007,-0.0047302,2.5009,4.9792,-0.00030518
0.0012207,-0.0050354,-0.005226,-0.0057983,2.5009,4.9792,0.00061035
-0.0059509,-0.0015259,-0.005226,-0.0073242,2.5015,4.9789,0
0.0019836,-0.0027466,-0.0047509,-0.0079346,2.5012,4.9774,0.00030518
0.016327,-0.0036621,-0.0042758,-0.0083923,2.5009,4.9783,0.00030518
0.028992,-0.0032043,-0.0047509,-0.010071,2.5021,4.9789,0.00030518
0.027771,-0.00061035,-0.0042758,-0.011597,2.5015,4.9777,-0.00091553
0.015259,-0.00015259,-0.0033257,-0.007782,2.5018,4.9796,0.00091553
0.014343,-0.00030518,-0.0047509,0.00091553,2.5024,4.9789,0.00030518
0.023651,0.00045776,-0.0047509,0.0086975,2.5015,4.9792,0.00030518
0.014801,0.0039673,-0.0047509,0.013733,2.5018,4.9792,0.00030518
-0.0013733,0.0061035,-0.0033257,0.018158,2.5012,4.978,0
0.00015259,0.0054932,-0.0047509,0.014191,2.5012,4.9792,0
0.019379,0.0035095,-0.0047509,0.0057983,2.5018,4.9789,-0.00061035
0.028687,-0.00030518,-0.0042758,0.00015259,2.5012,4.9796,0
0.0038147,-0.0013733,-0.0033257,0.0024414,2.5024,4.978,-0.00030518
-0.0038147,0.00045776,-0.0042758,0.010681,2.5018,4.978,0.00030518
0.037079,0.0012207,-0.005226,0.018005,2.5015,4.9777,0.00061035
0.074005,0.0018311,-0.0047509,0.02182,2.5009,4.9774,-0.00061035
0.055695,0.0021362,-0.0042758,0.026398,2.5015,4.9774,-0.00030518
0.0083923,-0.0021362,-0.0047509,0.028076,2.5009,4.978,0.00030518
-0.027924,-0.0033569,-0.0042758,0.027771,2.5012,4.978,0
-0.032959,-0.0032043,-0.005226,0.028076,2.5018,4.9786,0.00030518
-0.012512,-0.007019,-0.0042758,0.025024,2.5015,4.9771,0
0.0028992,-0.009613,-0.0047509,0.014191,2.5015,4.9774,0.00061035
-0.0067139,-0.010376,-0.0042758,0.0088501,2.5006,4.9768,0
-0.017853,-0.0088501,-0.0042758,0.014038,2.5012,4.9783,-0.00030518
-0.013428,-0.0071716,-0.0047509,0.018768,2.5006,4.9783,-0.00030518
-0.0030518,-0.0059509,-0.0033257,0.01709,2.5012,4.9777,0
-0.0036621,-0.002594,-0.005226,0.013885,2.5012,4.978,-0.00030518
0.00015259,-0.0024414,-0.0047509,0.013428,2.5015,4.9783,0.00061035
-0.0012207,-0.0024414,-0.0038007,0.019836,2.5006,4.9789,0
-0.010376,-0.0013733,-0.005226,0.028534,2.5015,4.9792,0
-0.015564,-0.00091553,-0.0042758,0.029449,2.5009,4.9796,-0.00030518
-0.0083923,-0.00030518,-0.0047509,0.023041,2.5018,4.9789,0
-0.0033569,0.00061035,-0.0047509,0.019989,2.5024,4.9792,0
-0.010834,0.0012207,-0.0042758,0.018616,2.5009,4.9783,-0.00030518
-0.027161,-0.00061035,-0.0042758,0.016785,2.5009,4.9789,0.00030518
-0.039063,-0.00091553,-0.0042758,0.013123,2.5012,4.9792,-0.00061035
-0.029907,-0.00076294,-0.0047509,0.010071,2.5018,4.9792,-0.00061035
-0.0093079,-0.0022888,-0.0047509,0.0065613,2.5012,4.9796,0.00030518
-0.010529,-0.0056458,-0.0047509,0.0082397,2.5015,4.978,0
-0.017548,-0.0048828,-0.0033257,0.018005,2.5012,4.9789,0.00061035
-0.016479,-0.0021362,-0.005226,0.027008,2.5015,4.9777,0.00030518
-0.0039673,0.0013733,-0.005701,0.029755,2.5018,4.9786,0.00030518
0.0012207,0.0033569,-0.0042758,0.025787,2.5024,4.9786,0
-0.0042725,0.0016785,-0.0033257,0.023041,2.5015,4.9796,0
-0.020752,0,-0.0047509,0.026855,2.5018,4.9792,-0.00030518
-0.016937,-0.00076294,-0.0038007,0.024872,2.5015,4.9783,0.00030518
-0.0091553,-0.00030518,-0.0042758,0.020142,2.5012,4.9796,0.00030518
-0.01297,0.00076294,-0.0047509,0.022736,2.5003,4.9799,0
-0.019073,0.0027466,-0.0047509,0.026245,2.5018,4.9792,0
-0.02243,0.0054932,-0.0042758,0.024872,2.5024,4.9789,0.00030518
-0.022125,0.005188,-0.0047509,0.020599,2.5015,4.9789,0
-0.0019836,0.0042725,-0.0042758,0.016632,2.5021,4.9789,0.00030518
0.0067139,0.0039673,-0.0047509,0.011139,2.5009,4.9796,0.00061035
0.017395,0.0041199,-0.0047509,0.005188,2.5009,4.9792,0.00030518
0.016022,0.0032043,-0.0033257,0.0062561,2.5018,4.9802,0.00061035
-0.0022888,0.00061035,-0.0047509,0.0093079,2.5015,4.9796,0.00061035
-0.010376,-0.00045776,-0.0047509,0.015717,2.5015,4.9786,-0.00030518
-0.0050354,-0.0010681,-0.0047509,0.018921,2.5009,4.9799,0.00030518
-0.0177,0.00045776,-0.0047509,0.023041,2.5006,4.9799,0.00061035
-0.034027,0.0030518,-0.0038007,0.028381,2.5009,4.9796,0
-0.031281,0.0036621,-0.0047509,0.035095,2.5,4.9774,-0.00030518
-0.0050354,-0.00076294,-0.0047509,0.037384,2.5015,4.9786,0
-0.0068665,-0.0033569,-0.0033257,0.03479,2.5015,4.9789,0.00030518
-0.019226,0.0018311,-0.005701,0.031738,2.5021,4.9789,0
0.0013733,0.0056458,-0.0038007,0.026245,2.5012,4.9799,0.00030518
0.020905,0.0053406,-0.0042758,0.021667,2.5009,4.9789,-0.00030518
0.038757,0.0071716,-0.005226,0.023041,2.5012,4.9792,0
0.055389,0.0059509,-0.0042758,0.024872,2.5006,4.9792,-0.00061035
0.045776,0.0047302,-0.0042758,0.022888,2.5021,4.9783,-0.00030518
-0.0041199,0.00076294,-0.0042758,0.022888,2.5009,4.9786,-0.00030518
-0.040436,-0.00091553,-0.0042758,0.026093,2.5012,4.9786,0.00030518
-0.019379,-0.0022888,-0.0042758,0.025635,2.5009,4.9786,-0.00091553
-0.010681,-0.0016785,-0.005701,0.020752,2.5012,4.9786,-0.00030518
-0.0082397,0.00030518,-0.0042758,0.016632,2.5015,4.9799,0.00030518
0.028229,0.00015259,-0.0033257,0.015259,2.5015,4.9783,0.00061035
0.018921,0.0019836,-0.0038007,0.020142,2.5012,4.9786,-0.00061035
-0.017548,0.0036621,-0.0047509,0.025482,2.5009,4.9786,0.00030518
-0.031586,0.0042725,-0.0047509,0.025482,2.5015,4.9792,-0.00030518
-0.012512,0.0028992,-0.005226,0.025787,2.5009,4.9786,-0.00030518
-0.0036621,0.00061035,-0.0047509,0.024109,2.5006,4.9789,0
-0.011444,-0.0027466,-0.0047509,0.019989,2.5021,4.9777,-0.00030518
-0.007782,-0.0050354,-0.0042758,0.016479,2.5012,4.978,-0.00061035
0.017853,-0.0054932,-0.0061761,0.015411,2.5009,4.9796,0.00061035
0.0085449,-0.0057983,-0.0038007,0.013275,2.5006,4.9799,-0.00030518
-0.015411,-0.0054932,-0.0042758,0.01358,2.5012,4.9792,0.00030518
-0.023651,-0.0053406,-0.0047509,0.014801,2.5015,4.9796,0.00030518
-0.023193,-0.0041199,-0.0047509,0.016632,2.5003,4.9792,0.00030518
-0.016327,-0.0030518,-0.0047509,0.013275,2.5009,4.9789,0.00030518
-0.007019,-0.0032043,-0.0042758,0.0082397,2.5018,4.9789,0.00030518
0.0024414,-0.0030518,-0.0042758,0.004425,2.5015,4.9799,0
0.0028992,-0.00045776,-0.0047509,0.0083923,2.5009,4.9796,0
-0.014191,0.00015259,-0.0042758,0.013275,2.5006,4.9786,0.00030518
-0.025635,-0.00030518,-0.0047509,0.01236,2.5003,4.9786,0.00030518
-0.022125,0.00091553,-0.0042758,0.010529,2.5015,4.9786,0.00030518
-0.019836,-0.00091553,-0.0042758,0.010223,2.5009,4.9777,0.00030518
-0.021362,-0.00015259,-0.0047509,0.014801,2.5021,4.978,0.00030518
-0.00045776,0.002594,-0.0042758,0.015869,2.5015,4.9777,0.00030518
0.010223,0.0050354,-0.0038007,0.0082397,2.5015,4.978,0.00030518
-0.010986,0.007782,-0.0042758,0.0028992,2.5015,4.9783,0.00030518
-0.015411,0.0074768,-0.0047509,0.0045776,2.5009,4.978,0
-0.0076294,0.012207,-0.0042758,0.0038147,2.5015,4.9765,0.00030518
0.016022,0.01297,-0.0047509,0.0012207,2.5009,4.9774,0.00030518
0.0033569,0.011139,-0.0038007,0.0018311,2.5012,4.9774,-0.00061035
-0.016632,0.010834,-0.0047509,0.0021362,2.5018,4.9771,-0.00061035
-0.013275,0.010071,-0.0038007,-0.0024414,2.5003,4.9774,-0.00061035
-0.01297,0.011749,-0.0042758,-0.004425,2.5018,4.9783,0
-0.010529,0.011139,-0.0042758,-0.0045776,2.5009,4.9792,0.00030518
0.0033569,0.0079346,-0.0042758,-0.0094604,2.5021,4.9786,-0.00030518
0.024719,0.0097656,-0.0047509,-0.016632,2.5009,4.9786,-0.00030518
0.025024,0.011292,-0.0047509,-0.020905,2.5031,4.9792,0.00030518
0.0054932,0.012817,-0.0042758,-0.020599,2.5012,4.9786,-0.00061035
0.0094604,0.012512,-0.005226,-0.017242,2.5021,4.9789,0.00030518
0.019836,0.010834,-0.0042758,-0.0080872,2.5015,4.9786,0.00061035
0.059357,0.0093079,-0.0047509,-0.00015259,2.5009,4.9789,0
0.077972,0.007782,-0.0042758,0.0018311,2.5012,4.9789,-0.00030518
0.037384,0.0068665,-0.0042758,0.0021362,2.5018,4.9789,0.00030518
-0.00061035,0.0039673,-0.0042758,0.0019836,2.5009,4.9789,0
-0.0032043,-0.00045776,-0.0033257,0.0027466,2.5006,4.9792,0
0.010071,-0.0024414,-0.005226,0.0059509,2.5,4.9796,0
0.0177,-0.0030518,-0.0042758,0.010376,2.5009,4.9783,-0.00030518
0.0041199,-0.0068665,-0.005226,0.013885,2.5018,4.9771,-0.00061035
-0.0076294,-0.0093079,-0.0038007,0.022278,2.5018,4.9783,0.00091553
-0.012817,-0.0094604,-0.005226,0.031891,2.5018,4.9799,0
-0.018463,-0.0082397,-0.005226,0.0354,2.5024,4.9786,0.00030518
-0.019836,-0.0067139,-0.0042758,0.027771,2.5012,4.9792,0.00061035
-0.013733,-0.0057983,-0.005701,0.014191,2.5009,4.9786,0
-0.013123,-0.0039673,-0.0047509,0.010834,2.5015,4.9792,0
-0.005188,-0.0042725,-0.0042758,0.012817,2.5009,4.9789,-0.00030518
0.026093,-0.0041199,-0.0042758,0.0083923,2.5015,4.9789,0
0.033569,-0.00045776,-0.0038007,0.0033569,2.5006,4.9789,-0.00061035
-0.019684,0.0015259,-0.0047509,0.0050354,2.5021,4.9792,0
-0.037537,0.0018311,-0.0042758,0.0062561,2.5012,4.9796,-0.00061035
-0.028076,0.0015259,-0.005226,0.0053406,2.5012,4.9792,0.00030518
-0.016174,0.00061035,-0.0038007,0.0038147,2.5009,4.9792,0
-0.024261,-0.0028992,-0.005701,0.0016785,2.5009,4.9789,-0.00091553
-0.030975,-0.0050354,-0.0047509,-0.0036621,2.5012,4.9786,0
-0.021515,-0.0030518,-0.0061761,-0.0088501,2.5015,4.9799,-0.00030518
-0.013123,0.0010681,-0.0038007,-0.0035095,2.5006,4.9796,0
-0.011139,0.0010681,-0.0042758,0.0074768,2.5015,4.9802,0.00030518
-0.0080872,0.0010681,-0.0042758,0.0079346,2.5012,4.9796,0.00030518
-0.0024414,0.0015259,-0.0038007,0.0019836,2.5006,4.9789,0
0.010681,-0.00076294,-0.005701,0.004425,2.5012,4.9789,0
0.0050354,-0.0015259,-0.0042758,0.011292,2.5006,4.9789,0.00030518
-0.0065613,-0.0019836,-0.0042758,0.011902,2.5024,4.9783,0.00030518
-0.010376,-0.0027466,-0.0042758,0.0068665,2.5018,4.9783,-0.00030518
-0.0016785,-0.0022888,-0.0047509,0.0057983,2.5018,4.9783,0
0.017853,0.0013733,-0.0042758,0.0093079,2.5012,4.9777,-0.00030518
-0.0022888,0.0033569,-0.0042758,0.010529,2.5009,4.9786,0.00061035
-0.018463,0.0039673,-0.0047509,0.0065613,2.5009,4.9789,0
-0.018616,0.0015259,-0.0042758,0.0041199,2.5018,4.9792,0.00030518
-0.02655,0.0033569,-0.0047509,0.0064087,2.5012,4.9792,0
-0.019531,0.0042725,-0.0042758,0.014038,2.5015,4.978,-0.00030518
-0.010376,0.0041199,-0.0042758,0.020294,2.5015,4.9783,0.00030518
-0.0054932,0.0056458,-0.0047509,0.01709,2.5012,4.9792,0
0.0033569,0.0048828,-0.0047509,0.010223,2.5003,4.9786,0.00061035
0.037384,0.0056458,-0.0042758,0.002594,2.5021,4.9792,0.00030518
0.019989,0.0062561,-0.0042758,-0.0073242,2.5018,4.9792,0.00030518
0.002594,0.0024414,-0.005226,-0.012054,2.5009,4.9786,0
0.020447,-0.0010681,-0.0047509,-0.014038,2.5021,4.9796,0
0.002594,-0.0024414,-0.0047509,-0.013428,2.5015,4.9792,0
-0.0093079,-0.0018311,-0.0047509,-0.01297,2.5012,4.9783,0.00030518
0.030212,0.0053406,-0.0047509,-0.01358,2.5018,4.9786,0.00030518
0.068359,0.0064087,-0.0047509,-0.016479,2.5015,4.9789,-0.00030518
0.027161,0.0036621,-0.005701,-0.019226,2.5015,4.9789,0
-0.010071,0.0035095,-0.0038007,-0.020752,2.5003,4.9783,0
-0.01297,0.0027466,-0.0042758,-0.024719,2.5018,4.9799,0
-0.011444,0.0047302,-0.0047509,-0.021973,2.5009,4.9796,0.00030518
-0.015106,0.0035095,-0.0042758,-0.013885,2.5012,4.9796,-0.00030518
-0.026093,-0.00045776,-0.005226,-0.0085449,2.5021,4.9789,0.00061035
-0.029449,-0.0012207,-0.0042758,-0.0088501,2.5012,4.9802,0
-0.017395,-0.0033569,-0.0042758,-0.016174,2.5018,4.9789,-0.00030518
0.032806,-0.0053406,-0.0042758,-0.0177,2.5024,4.9792,-0.00030518
0.02243,-0.0067139,-0.0047509,-0.010223,2.5006,4.9783,0
-0.019684,-0.0076294,-0.0042758,-0.0064087,2.5015,4.9786,0.00030518
-0.036621,-0.009613,-0.0047509,-0.007782,2.5018,4.978,-0.00030518
-0.023651,-0.007782,-0.0038007,-0.010071,2.5012,4.978,0
-0.010681,-0.0061035,-0.0033257,-0.015259,2.5018,4.9792,0.00030518
-0.0015259,-0.0032043,-0.0047509,-0.024567,2.5018,4.9786,0.00030518
0.0064087,-0.0013733,-0.0042758,-0.032654,2.5,4.9786,0.00030518
0.010986,-0.00076294,-0.0042758,-0.031586,2.5012,4.9786,0.00091553
0.0076294,-0.00030518,-0.0047509,-0.022278,2.5015,4.978,0
0.010376,-0.00076294,-0.005226,-0.0097656,2.5015,4.9777,0
0.0032043,-0.0015259,-0.0047509,-0.00076294,2.5009,4.9771,-0.00030518
-0.0090027,-0.00045776,-0.0042758,0.0010681,2.5012,4.9765,-0.00030518
-0.00030518,0,-0.005701,-0.00076294,2.5006,4.9774,-0.00030518
0.036926,-0.0016785,-0.005226,0.00061035,2.5018,4.9777,0
0.049896,-0.0039673,-0.0042758,0.0061035,2.5009,4.9786,0
0.014648,-0.0091553,-0.0033257,0.010529,2.5021,4.9789,0.00030518
-0.040894,-0.0082397,-0.0042758,0.013123,2.5012,4.9786,-0.00030518
-0.051422,-0.0022888,-0.005226,0.013885,2.5031,4.9786,0
-0.040436,0.0048828,-0.0042758,0.01358,2.5015,4.9786,0.00030518
-0.027313,0.0033569,-0.0047509,0.018005,2.5012,4.9786,0
-0.024719,-0.0010681,-0.0042758,0.024567,2.5012,4.9786,0.00061035
-0.026245,-0.002594,-0.005226,0.024109,2.5003,4.9789,0.0012207
-0.018311,-0.0032043,-0.0042758,0.019684,2.5009,4.9799,0.00030518
-0.00091553,-0.00045776,-0.005226,0.023193,2.5009,4.9796,-0.00061035
-0.0047302,0.0028992,-0.0038007,0.036469,2.5021,4.9792,0
-0.030212,0.0027466,-0.0047509,0.050201,2.5015,4.9792,0.00091553
-0.047913,0.0032043,-0.0042758,0.05661,2.5018,4.9783,0.00030518
-0.056305,0.0053406,-0.0042758,0.061951,2.5012,4.9792,0
-0.069733,0.0064087,-0.0042758,0.065308,2.5021,4.9777,0.00030518
-0.065155,0.0041199,-0.005226,0.063171,2.5024,4.978,0.00061035
-0.039825,0.0010681,-0.005226,0.05722,2.5021,4.9783,0.00030518
-0.040741,-0.0030518,-0.005226,0.057526,2.5003,4.9792,0
-0.051727,-0.0038147,-0.0047509,0.066376,2.5015,4.9792,0
-0.0097656,-0.0032043,-0.0042758,0.075226,2.5006,4.9789,0
-0.025787,-0.00076294,-0.0042758,0.090942,2.5021,4.9796,-0.00030518
-0.072632,0,-0.005226,0.11276,2.5012,4.9792,-0.00030518
-0.084686,-0.004425,-0.005226,0.13062,2.5015,4.9789,0.00061035
-0.063934,-0.0067139,-0.0047509,0.13611,2.5012,4.9792,0.00030518
-0.076294,-0.0065613,-0.0042758,0.14282,2.5009,4.9802,0.00030518
-0.085297,-0.0054932,-0.0042758,0.15701,2.5012,4.9792,0.00030518
-0.090332,-0.0068665,-0.0042758,0.16846,2.5027,4.9796,0.00061035
-0.09613,-0.007782,-0.0042758,0.17929,2.5018,4.9796,-0.00030518
-0.10727,-0.0057983,-0.0033257,0.19516,2.5027,4.9792,0.00030518
-0.1123,-0.00091553,-0.0038007,0.20874,2.5012,4.9792,0
-0.10956,0.0038147,-0.0047509,0.21301,2.5015,4.9786,0.00030518
-0.091705,0.0074768,-0.0047509,0.21957,2.5006,4.9786,0.00030518
-0.10056,0.0061035,-0.005226,0.23117,2.5018,4.9789,0.00030518
-0.13229,0.0050354,-0.0047509,0.24246,2.5012,4.9796,0
-0.1442,0.0057983,-0.0042758,0.2478,2.5015,4.9774,0.00061035
-0.13779,0.0053406,-0.0042758,0.25009,2.5015,4.9777,-0.00091553
-0.14206,0.0041199,-0.0038007,0.26367,2.5012,4.9786,0.00030518
-0.14557,0.004425,-0.005226,0.28229,2.5009,4.9786,-0.00030518
-0.15732,0.0068665,-0.0047509,0.28976,2.5015,4.9789,0.00030518
-0.15976,0.0099182,-0.0042758,0.28809,2.5009,4.9783,0
-0.14771,0.0086975,-0.005226,0.29327,2.5012,4.9789,-0.00091553
-0.14679,0.0083923,-0.0047509,0.30746,2.5009,4.9786,0.00030518
-0.15915,0.007782,-0.005701,0.32852,2.5015,4.9792,0.00061035
-0.16388,0.0041199,-0.0042758,0.35645,2.5006,4.9789,-0.00030518
-0.16174,0.00091553,-0.0047509,0.38452,2.5006,4.9789,0.00030518
-0.14679,-0.00015259,-0.0042758,0.40512,2.5015,4.9789,0.00030518
-0.13474,0.00030518,-0.0042758,0.41794,2.5006,4.9792,0.00091553
-0.13229,0.0016785,-0.0042758,0.41718,2.5018,4.9783,-0.00061035
-0.13245,0.00015259,-0.005226,0.40421,2.5021,4.9786,0.00030518
-0.11154,-0.0030518,-0.0047509,0.39413,2.5006,4.9792,0.00030518
-0.058289,-0.0038147,-0.0038007,0.39017,2.5009,4.9789,0.00030518
-0.010223,-0.00091553,-0.0038007,0.37933,2.5021,4.9796,0
-0.015259,-0.00015259,-0.0047509,0.36545,2.5003,4.9786,-0.00030518
-0.022736,-0.0027466,-0.005226,0.35278,2.5018,4.9789,0
-0.0079346,-0.0073242,-0.0047509,0.34027,2.5024,4.9786,0.00030518
0.022125,-0.0097656,-0.0038007,0.32211,2.5021,4.978,0.00091553
0.039825,-0.005188,-0.0042758,0.29648,2.5003,4.9792,-0.00061035
0.055237,-0.00045776,-0.0047509,0.26352,2.5009,4.9777,0
0.075684,0.002594,-0.0047509,0.22659,2.5012,4.9786,0
0.092163,0.005188,-0.0047509,0.1915,2.5018,4.9789,0
0.12268,0.0050354,-0.0047509,0.1506,2.5009,4.9792,0.00030518
0.12131,0.0032043,-0.0042758,0.10345,2.5018,4.9789,0
0.11963,0.004425,-0.0047509,0.063477,2.5015,4.9789,0.00030518
0.13565,0.0064087,-0.0033257,0.031586,2.5021,4.9789,0
0.16068,0.0065613,-0.0047509,0,2.5012,4.9789,0.00030518
0.19531,0.0090027,-0.0042758,-0.032654,2.5009,4.9792,0
0.22415,0.011292,-0.0042758,-0.066223,2.5009,4.978,0
0.25375,0.010071,-0.0042758,-0.10345,2.5015,4.9786,0.00061035
0.28122,0.0094604,-0.005226,-0.14267,2.5003,4.9774,0
0.32166,0.011597,-0.0042758,-0.17746,2.5006,4.978,-0.00030518
0.35324,0.011139,-0.0047509,-0.21133,2.5009,4.9774,0.00061035
0.35538,0.009613,-0.0042758,-0.24734,2.5018,4.9777,0.00061035
0.36804,0.005188,-0.005226,-0.28183,2.5015,4.9783,0.00030518
0.39047,0.0010681,-0.0047509,-0.31326,2.5018,4.9789,-0.00030518
0.41245,0.00091553,-0.0042758,-0.34378,2.5015,4.978,0.00061035
0.43747,0.002594,-0.0047509,-0.3743,2.5018,4.978,-0.00030518
0.43549,0.002594,-0.005226,-0.40649,2.5003,4.9774,-0.00030518
0.42953,0.0021362,-0.0042758,-0.44495,2.5009,4.9777,0
0.43655,0.00045776,-0.0042758,-0.47195,2.5015,4.9774,0.00061035
0.4509,-0.0030518,-0.0042758,-0.48004,2.5015,4.9783,0
0.47806,-0.0022888,-0.0042758,-0.49088,2.5009,4.9792,-0.00061035
0.46234,-0.0041199,-0.0038007,-0.51376,2.5006,4.9792,0
0.43594,-0.0073242,-0.0038007,-0.53757,2.5018,4.9792,0.00030518
0.43304,-0.0086975,-0.005226,-0.55969,2.5015,4.9786,0
0.43594,-0.007019,-0.0042758,-0.58365,2.5003,4.9796,0
0.46051,-0.0047302,-0.0038007,-0.6015,2.5009,4.9792,0.00061035
0.46158,-0.0045776,-0.005226,-0.61554,2.5009,4.9792,-0.00061035
0.41504,-0.005188,-0.0047509,-0.6282,2.5018,4.9789,0.00030518
0.38773,-0.0041199,-0.0042758,-0.6337,2.5024,4.9792,0.00030518
0.37827,-0.0019836,-0.0038007,-0.634,2.5015,4.9796,0.00061035
0.3508,0.00030518,-0.0038007,-0.6366,2.5024,4.9783,-0.00030518
0.31967,-0.0018311,-0.0047509,-0.64163,2.5012,4.9792,0.00030518
0.32883,-0.0048828,-0.0042758,-0.64896,2.5015,4.9789,0
0.31311,-0.0041199,-0.0038007,-0.65735,2.5009,4.9796,0.00030518
0.24338,-0.0035095,-0.0038007,-0.66284,2.5018,4.9774,0
0.23087,-0.0042725,-0.005226,-0.66376,2.5015,4.9777,0.00061035
0.22049,-0.0064087,-0.0033257,-0.65674,2.5012,4.9783,-0.00030518
0.1944,-0.007782,-0.0042758,-0.64606,2.5012,4.9783,-0.00061035
0.20981,-0.007782,-0.0033257,-0.63461,2.5024,4.9786,0
0.16937,-0.007782,-0.0038007,-0.63309,2.5012,4.9783,0.00030518
0.08606,-0.0054932,-0.0042758,-0.63095,2.5018,4.9786,0.00030518
0.033264,-0.0024414,-0.0042758,-0.61905,2.5009,4.9792,0.00061035
0.045013,0.0013733,-0.0033257,-0.59952,2.5015,4.9792,0
0.077362,0.0024414,-0.0042758,-0.5777,2.5015,4.9789,-0.00030518
0.051422,0.00091553,-0.0033257,-0.5629,2.5021,4.9792,0.00030518
-0.0024414,0.00076294,-0.005226,-0.54459,2.5012,4.9796,-0.00030518
-0.045776,0.0013733,-0.0033257,-0.5162,2.5009,4.9792,0.00030518
-0.056763,0.0032043,-0.0047509,-0.48157,2.5012,4.9789,0.00061035
-0.048828,0.007782,-0.0047509,-0.44724,2.5012,4.9789,-0.00030518
-0.063324,0.0082397,-0.0038007,-0.41183,2.5003,4.9786,0.00061035
-0.1123,0.0032043,-0.005701,-0.37613,2.5015,4.9789,-0.00091553
-0.1619,-0.0010681,-0.0042758,-0.34027,2.5006,4.9783,0.00030518
-0.16861,-0.00015259,-0.0047509,-0.30945,2.5012,4.9799,0
-0.14938,0.0022888,-0.0047509,-0.28488,2.5018,4.9786,0
-0.14496,0.0064087,-0.0047509,-0.26108,2.5009,4.9783,0.00030518
-0.15991,0.0071716,-0.0038007,-0.23499,2.5015,4.9783,-0.00030518
-0.18387,0.004425,-0.0042758,-0.21317,2.5018,4.9796,0
-0.17029,-0.0012207,-0.0042758,-0.19531,2.5015,4.9786,0.00030518
-0.11459,-0.0010681,-0.0042758,-0.17471,2.5018,4.9792,0
-0.13016,0.0048828,-0.0033257,-0.14755,2.5015,4.9789,-0.00030518
-0.18494,0.0097656,-0.0042758,-0.11581,2.5012,4.9789,0
-0.2005,0.009613,-0.0047509,-0.084229,2.5018,4.9789,-0.00030518
-0.19302,0.0068665,-0.0042758,-0.050201,2.5009,4.9789,0
-0.18356,0.0022888,-0.0047509,-0.019531,2.5006,4.9792,0.00030518
-0.16541,0.0010681,-0.0047509,-0.0013733,2.5012,4.9786,-0.00030518
-0.11475,0.0016785,-0.0038007,0.0099182,2.5006,4.9789,0.00030518
-0.12451,-0.0010681,-0.0047509,0.021973,2.5006,4.9786,0.00061035
-0.18539,-0.0012207,-0.0038007,0.03891,2.5009,4.9786,0
-0.20874,0.00030518,-0.005226,0.058441,2.5012,4.9796,-0.00030518
-0.19394,0.0013733,-0.0033257,0.080719,2.5024,4.9789,-0.00030518
-0.18661,0.0028992,-0.0042758,0.10223,2.5021,4.9789,0.00030518
-0.2005,0.0027466,-0.0047509,0.11703,2.5009,4.9789,0.00030518
-0.215,0.00061035,-0.0033257,0.12573,2.5009,4.9792,0
-0.21378,0.0019836,-0.0042758,0.13672,2.5012,4.9786,0.00030518
-0.20065,0.0050354,-0.0033257,0.15182,2.5012,4.9777,0.00030518
-0.18738,0.0064087,-0.005226,0.16495,2.5027,4.9789,-0.00030518
-0.19867,0.005188,-0.0047509,0.17548,2.5018,4.9786,-0.00030518
-0.20645,0.0045776,-0.0042758,0.17822,2.5009,4.9805,0.00030518
-0.1944,0.0042725,-0.005226,0.1796,2.5009,4.9786,0.00030518
-0.18494,0.0030518,-0.0042758,0.18875,2.5009,4.9792,0.00030518
-0.19455,0.0010681,-0.005226,0.21042,2.5015,4.9789,0
-0.21378,-0.0018311,-0.0033257,0.23239,2.5012,4.9789,0
-0.21988,-0.0032043,-0.0047509,0.2417,2.5012,4.9786,0
-0.21225,-0.0016785,-0.005226,0.24323,2.5018,4.9799,0
-0.20508,0.00045776,-0.0047509,0.24673,2.5012,4.9786,0
-0.19379,0.00015259,-0.0033257,0.25177,2.5015,4.9789,0.00030518
-0.18997,-0.00030518,-0.0047509,0.25604,2.5018,4.978,0
-0.19241,0.0016785,-0.0047509,0.26764,2.5018,4.9786,0.00030518
-0.19669,-0.00015259,-0.0042758,0.27847,2.5018,4.9774,-0.00061035
-0.19989,-0.0022888,-0.0047509,0.28168,2.5018,4.9786,0
-0.20157,-0.0015259,-0.0028506,0.27847,2.5015,4.9783,-0.00030518
-0.20615,0.00015259,-0.0047509,0.27756,2.5018,4.978,0.00030518
-0.21606,0.0027466,-0.0042758,0.27893,2.5015,4.9783,0.00061035
-0.21927,0.0013733,-0.0047509,0.28259,2.5012,4.978,-0.00030518
-0.21072,-0.00030518,-0.0042758,0.28763,2.5021,4.9762,-0.00030518
-0.18188,-0.00076294,-0.005701,0.29297,2.5015,4.978,-0.00030518
-0.1918,-0.00030518,-0.0033257,0.29175,2.5018,4.9771,0
-0.21194,-0.0059509,-0.0028506,0.28946,2.5018,4.978,0
-0.20676,-0.010681,-0.0038007,0.28702,2.5006,4.978,0.00061035
-0.19867,-0.0086975,-0.0042758,0.2861,2.5018,4.978,0
-0.21683,-0.0039673,-0.0042758,0.29312,2.5003,4.9783,0.00030518
-0.22339,-0.0015259,-0.0042758,0.29938,2.5012,4.9783,0
-0.21378,-0.0019836,-0.0038007,0.29892,2.5009,4.9792,-0.00030518
-0.20874,-0.0015259,-0.0042758,0.29678,2.5015,4.9789,0.00030518
-0.20874,0.00061035,-0.005226,0.29587,2.5012,4.9792,0
-0.19196,0.0012207,-0.0047509,0.29922,2.5018,4.9789,-0.00030518
-0.18539,0.0015259,-0.0042758,0.30228,2.5018,4.9783,0.00091553
-0.2066,0.0018311,-0.0042758,0.30304,2.5009,4.9789,0
-0.20508,0.0027466,-0.005226,0.30167,2.5006,4.9796,0
-0.21088,0.0062561,-0.0047509,0.29907,2.5012,4.9789,-0.00030518
-0.22385,0.0045776,-0.005226,0.29709,2.5018,4.9796,-0.00030518
-0.22018,0,-0.005226,0.29663,2.5012,4.9792,0.00030518
-0.21072,-0.0022888,-0.0042758,0.29495,2.5015,4.9789,-0.00030518
-0.20187,-0.0033569,-0.0028506,0.28046,2.5012,4.9789,0.00030518
-0.18463,-0.0071716,-0.0047509,0.26337,2.5021,4.9774,-0.00030518
-0.1503,-0.0097656,-0.0038007,0.25879,2.5012,4.9796,0
-0.16953,-0.0062561,-0.0038007,0.26016,2.5015,4.9792,0
-0.20477,-0.00015259,-0.0042758,0.25406,2.5015,4.9789,0.00061035
-0.20325,0.0057983,-0.0042758,0.24719,2.5021,4.9786,0
-0.18433,0.0073242,-0.0042758,0.25131,2.5018,4.9796,-0.00061035
-0.1741,0.0054932,-0.0042758,0.25955,2.5015,4.9805,0
-0.16754,0.0035095,-0.0038007,0.26123,2.5009,4.9792,-0.00030518
-0.14725,0.0033569,-0.0047509,0.25879,2.5009,4.9799,0.00061035
-0.14557,0.0064087,-0.0038007,0.25848,2.5012,4.9799,-0.00030518
-0.16403,0.0073242,-0.005226,0.25833,2.5015,4.9792,-0.00061035
-0.14511,0.0042725,-0.0042758,0.25467,2.5012,4.9796,-0.00030518
-0.10468,0,-0.0042758,0.24796,2.5021,4.9789,-0.00091553
-0.092316,0.0024414,-0.0038007,0.24338,2.5012,4.9783,-0.00061035
-0.12985,0.011902,-0.0047509,0.23956,2.5006,4.9792,0.00030518
-0.14282,0.017395,-0.0047509,0.23514,2.5015,4.9786,0
-0.12726,0.012817,-0.0042758,0.23666,2.5018,4.9789,0
-0.11902,0.0057983,-0.0047509,0.23849,2.5012,4.9796,-0.00030518
-0.11414,-0.0038147,-0.0042758,0.23026,2.5024,4.9796,0
-0.1062,-0.010529,-0.0038007,0.21027,2.5006,4.9796,0.00030518
-0.097961,-0.0086975,-0.005701,0.19394,2.5015,4.9786,0
-0.077515,-0.002594,-0.005226,0.19211,2.5012,4.9786,-0.00030518
-0.066528,0.0021362,-0.0042758,0.18997,2.5012,4.9789,0.00030518
-0.062714,-0.002594,-0.0042758,0.17426,2.5009,4.9792,-0.00030518
-0.048676,-0.011902,-0.0047509,0.15076,2.5018,4.9789,0
-0.036469,-0.011292,-0.0038007,0.13535,2.5015,4.9792,-0.00030518
-0.028381,-0.005188,-0.005226,0.12817,2.5009,4.9792,0.00030518
-0.0057983,0.00091553,-0.005226,0.12222,2.5009,4.9786,0.00091553
-0.0030518,0.005188,-0.0047509,0.1123,2.5009,4.9786,0
-0.019684,0.0048828,-0.0047509,0.10193,2.5006,4.9792,0
-0.021515,0.0028992,-0.0047509,0.095825,2.5018,4.9792,0
-0.0019836,0.00076294,-0.005226,0.091248,2.5015,4.9792,0.00030518
0.0056458,-0.00045776,-0.0038007,0.083618,2.5006,4.9796,0.00030518
0.015411,-0.0030518,-0.0047509,0.082703,2.5009,4.9792,0.00061035
0.033417,-0.0038147,-0.005701,0.08255,2.5012,4.9783,-0.00061035
0.046692,-0.0016785,-0.0047509,0.074615,2.5021,4.9786,0.00091553
0.049744,-0.0021362,-0.005226,0.062561,2.5009,4.9789,0
0.053558,-0.00030518,-0.005226,0.05188,2.5015,4.9789,0
0.067444,0.0024414,-0.0047509,0.037384,2.5006,4.9783,0.00030518
0.089417,0.0053406,-0.0042758,0.02594,2.5018,4.9783,-0.00061035
0.085602,0.0062561,-0.005226,0.019989,2.5009,4.9777,0.00030518
0.080109,0.005188,-0.0047509,0.015564,2.5009,4.978,0
0.076141,0.0033569,-0.0042758,0.013428,2.5012,4.9796,-0.00061035
0.071259,0.0019836,-0.0047509,0.014648,2.5021,4.9783,0.00030518
0.077667,0.0016785,-0.0042758,0.011444,2.5018,4.9789,0
0.11658,0.0013733,-0.0047509,0.0019836,2.5018,4.9789,0
0.12482,-0.00076294,-0.0042758,-0.0083923,2.5015,4.9789,-0.00091553
0.11475,-0.0038147,-0.0042758,-0.01297,2.5018,4.9792,-0.00030518
0.098114,-0.0038147,-0.005226,-0.010529,2.5018,4.9792,-0.00061035
0.10056,-0.0018311,-0.0038007,-0.0067139,2.5018,4.9796,0
0.13107,-0.0010681,-0.0028506,-0.010834,2.5009,4.9789,0.00030518
0.13245,-0.00061035,-0.0047509,-0.018463,2.5012,4.9792,0.00030518
0.13397,0.0032043,-0.0047509,-0.024872,2.5006,4.9789,0.00061035
0.11414,0.0071716,-0.0042758,-0.028534,2.5012,4.9777,-0.00030518
0.10529,0.011597,-0.0047509,-0.029602,2.5009,4.9792,0.00030518
0.10361,0.01358,-0.0047509,-0.027924,2.5015,4.9774,-0.00061035
0.099182,0.013123,-0.0042758,-0.027924,2.5015,4.9783,0.00030518
0.095215,0.010681,-0.0047509,-0.036774,2.5018,4.9783,0.00030518
0.10376,0.0068665,-0.0047509,-0.046692,2.5006,4.978,0
0.10834,0.00076294,-0.0042758,-0.048218,2.5006,4.9777,0
0.10315,-0.0033569,-0.0047509,-0.045624,2.5009,4.9765,0.00091553
0.11322,-0.005188,-0.0047509,-0.048523,2.5018,4.9771,0
0.13031,-0.0067139,-0.0038007,-0.053711,2.5009,4.978,0
0.13916,-0.0064087,-0.0042758,-0.056152,2.5018,4.978,0.00030518
0.14969,-0.0045776,-0.0042758,-0.063477,2.5012,4.9786,0
0.13062,-0.0032043,-0.0047509,-0.068665,2.5018,4.9786,0.00030518
0.11749,-0.0032043,-0.0042758,-0.066681,2.5018,4.9777,0
0.11566,-0.0016785,-0.0047509,-0.059052,2.5012,4.9789,0.00061035
0.11154,-0.00091553,-0.0042758,-0.049591,2.5015,4.9786,0
0.10712,-0.0021362,-0.0042758,-0.046082,2.5015,4.9792,0
0.10498,-0.0039673,-0.0042758,-0.048218,2.5012,4.9789,0.00061035
0.10941,-0.0079346,-0.0047509,-0.05661,2.5018,4.9789,0.00030518
0.11093,-0.011292,-0.0042758,-0.058289,2.5018,4.9792,-0.00030518
0.11063,-0.010071,-0.0047509,-0.055389,2.5024,4.9792,0
0.10315,-0.0048828,-0.0047509,-0.04837,2.5006,4.9789,0.00030518
0.09964,-0.0028992,-0.0042758,-0.038605,2.5009,4.9786,-0.00030518
0.11017,-0.0027466,-0.005226,-0.03479,2.5018,4.9792,0.00030518
0.12207,0.00045776,-0.005226,-0.043182,2.5009,4.9789,0.00030518
0.11383,0.0033569,-0.0042758,-0.053253,2.5009,4.9786,0
0.10117,0.0018311,-0.0038007,-0.052185,2.5009,4.9796,0
0.092163,0.0012207,-0.0038007,-0.045776,2.5012,4.9777,-0.00030518
0.10071,0.0012207,-0.0042758,-0.043182,2.5021,4.9792,0
0.10544,0.00061035,-0.005701,-0.042114,2.5018,4.9786,-0.00030518
0.093689,-0.00045776,-0.0042758,-0.040894,2.5012,4.9789,0.00030518
0.084076,-0.00045776,-0.0047509,-0.042114,2.5009,4.9792,0
0.084839,-0.0019836,-0.0042758,-0.047302,2.5009,4.9789,0
0.11032,-0.0053406,-0.0042758,-0.049591,2.5015,4.9796,0
0.11948,-0.0035095,-0.0047509,-0.046844,2.5012,4.9796,-0.00030518
0.091553,-0.002594,-0.0047509,-0.045929,2.5003,4.9792,0
0.071564,-0.00045776,-0.0033257,-0.048218,2.5012,4.9799,-0.00061035
0.082703,0.00091553,-0.005226,-0.050964,2.5012,4.9796,0.00061035
0.10895,0.0028992,-0.0028506,-0.048981,2.5009,4.9786,0.00030518
0.10406,0.0028992,-0.0042758,-0.04303,2.5021,4.9796,0
0.082397,0.004425,-0.0038007,-0.039673,2.5003,4.9796,0.00030518
0.066986,0.0061035,-0.0042758,-0.042877,2.5027,4.9792,-0.00061035
0.055695,0.0053406,-0.0042758,-0.044556,2.5015,4.9786,-0.00030518
0.049438,0.0042725,-0.0047509,-0.039368,2.5006,4.9792,0
0.070038,0.002594,-0.005226,-0.033569,2.5009,4.9792,-0.00030518
0.10651,0.0045776,-0.0042758,-0.036621,2.5018,4.9792,0.00030518
0.12558,0.0083923,-0.0042758,-0.04303,2.5009,4.9805,0.00030518
0.083008,0.0085449,-0.0038007,-0.04303,2.5012,4.9783,-0.00030518
0.061493,0.0061035,-0.0042758,-0.042572,2.5015,4.9789,0
0.08255,0.004425,-0.0042758,-0.044403,2.5009,4.9792,-0.00030518
0.10208,0.0028992,-0.005226,-0.043182,2.5009,4.9805,0.00030518
0.090485,0.0032043,-0.005226,-0.037537,2.5015,4.9786,0.00030518
0.049133,0.0054932,-0.0047509,-0.032654,2.5003,4.9789,-0.00030518
0.030518,0.0050354,-0.005226,-0.031433,2.5018,4.9783,0
0.031738,0.0021362,-0.005226,-0.031433,2.5012,4.9786,0
0.026855,0.0013733,-0.0047509,-0.034332,2.5018,4.9799,0.00030518
0.020294,0.0016785,-0.0042758,-0.040436,2.5009,4.9786,0
0.023956,0.0018311,-0.0042758,-0.047913,2.5024,4.9789,-0.00061035
0.037384,-0.0021362,-0.0047509,-0.051727,2.5006,4.9796,-0.00030518
0.031128,-0.0061035,-0.0047509,-0.043182,2.5015,4.9799,0.00030518
0.023651,-0.0065613,-0.0042758,-0.033417,2.5021,4.9792,0
0.033722,-0.0019836,-0.0038007,-0.033875,2.5015,4.9783,0.00030518
0.050659,0.0050354,-0.0038007,-0.045319,2.5015,4.9789,0
0.057373,0.0082397,-0.0033257,-0.058594,2.5009,4.9783,0.00030518
0.046387,0.010071,-0.0047509,-0.063782,2.5018,4.9792,0.00061035
0.054169,0.0085449,-0.005226,-0.058594,2.5009,4.9786,0.00030518
0.044556,0.0071716,-0.0042758,-0.046844,2.5021,4.9786,0.00030518
0.023193,0.0054932,-0.005226,-0.032043,2.5012,4.9774,-0.00091553
0.020142,0.0030518,-0.0042758,-0.025635,2.5009,4.9789,0
0.019989,0.00076294,-0.0042758,-0.027618,2.5012,4.9796,0
0.015411,-0.0027466,-0.0042758,-0.027466,2.5021,4.9786,-0.00091553
0.019073,-0.0047302,-0.0042758,-0.026703,2.5015,4.9792,0
0.012665,-0.0041199,-0.0042758,-0.031128,2.5021,4.9786,0.00030518
0.0047302,-0.0054932,-0.0047509,-0.03479,2.5009,4.9789,0.00061035
0.004425,-0.010223,-0.0042758,-0.032806,2.5015,4.9786,0.00061035
0.00030518,-0.01236,-0.0042758,-0.025177,2.5012,4.9789,0
0.0010681,-0.013123,-0.0042758,-0.016785,2.5012,4.9792,-0.00030518
0.0085449,-0.012817,-0.0033257,-0.013275,2.5018,4.9796,0.00030518
0.014038,-0.010681,-0.005226,-0.011139,2.5015,4.9792,0.00030518
-0.010376,-0.0071716,-0.0042758,-0.010223,2.5018,4.9786,0.00030518
-0.019073,-0.0042725,-0.005226,-0.0085449,2.5021,4.9786,0.00030518
-0.0065613,-0.0050354,-0.0047509,-0.0064087,2.5006,4.9774,0.00030518
0.0080872,-0.005188,-0.0047509,-0.0062561,2.5012,4.978,0
0.0099182,-0.0054932,-0.0042758,-0.0080872,2.5009,4.9783,0
0.012817,-0.0056458,-0.0042758,-0.0073242,2.5018,4.978,-0.00030518
0.032654,-0.0041199,-0.005701,-0.010834,2.5009,4.978,0
0.004425,-0.0033569,-0.0042758,-0.017548,2.5021,4.9783,-0.00030518
-0.024872,-0.0030518,-0.005226,-0.014954,2.5006,4.9768,-0.00061035
-0.011902,-0.002594,-0.0047509,-0.004425,2.5009,4.9771,-0.00061035
0.010071,-0.00030518,-0.0047509,-0.0018311,2.5012,4.9774,0.00030518
0.013885,0.0010681,-0.005226,-0.0076294,2.5003,4.9777,0.00030518
0.0086975,0.0042725,-0.0042758,-0.0099182,2.5021,4.9774,-0.00030518
0.0062561,0.0061035,-0.0042758,-0.0041199,2.5018,4.978,0.00030518
0.0048828,0.0053406,-0.0042758,0.0067139,2.5012,4.978,-0.00030518
0.019836,0.0056458,-0.0042758,0.012207,2.5021,4.9792,0.00030518
0.0059509,0.0076294,-0.0038007,0.0053406,2.5,4.9789,0.00030518
-0.014496,0.0074768,-0.0047509,-0.0012207,2.5015,4.9789,-0.00030518
-0.023651,0.004425,-0.0038007,0.00061035,2.5012,4.9786,0.00061035
-0.015259,-0.00030518,-0.0047509,0.0045776,2.5018,4.9792,0
-0.009613,-0.0036621,-0.0047509,0.0032043,2.5012,4.9783,0
-0.0045776,-0.0015259,-0.0042758,-0.0022888,2.5012,4.9789,0.00030518
-0.005188,0.0036621,-0.0042758,-0.005188,2.5012,4.9789,0.00030518
-0.012054,0.0050354,-0.0042758,-0.007019,2.5009,4.9786,0.00030518
-0.0177,0.0042725,-0.0047509,-0.0082397,2.5018,4.9792,0.00030518
-0.013275,0.004425,-0.0042758,-0.011749,2.5012,4.9792,0.0012207
-0.0082397,0.0015259,-0.005226,-0.016022,2.5015,4.9783,0
-0.0097656,0.0012207,-0.0042758,-0.020752,2.5006,4.9792,0.00030518
-0.007782,0.0027466,-0.005226,-0.028839,2.5018,4.978,0.00030518
0.0022888,0.0038147,-0.005226,-0.031738,2.5018,4.9786,-0.00061035
-0.0036621,0.0030518,-0.0047509,-0.024719,2.5015,4.9783,0.00061035
-0.017242,0.00076294,-0.005226,-0.014343,2.5021,4.978,0.00030518
-0.02121,-0.00045776,-0.0042758,-0.0062561,2.5021,4.9792,-0.00061035
-0.024872,-0.00076294,-0.0047509,-0.0033569,2.5012,4.9796,-0.00030518
-0.014648,-0.0032043,-0.0047509,-0.0015259,2.5015,4.9796,0.00030518
0.032349,-0.0047302,-0.0047509,-0.0030518,2.5009,4.9789,0
0.035858,-0.0016785,-0.0047509,-0.0062561,2.5021,4.9792,0.00061035
-0.0028992,0.0021362,-0.0042758,-0.0071716,2.5021,4.9796,-0.00030518
-0.019836,0.0022888,-0.005226,-0.0064087,2.5018,4.9796,0.00030518
0.004425,0.00076294,-0.0038007,-0.0059509,2.5009,4.9799,0.00061035
0.015106,-0.0027466,-0.0047509,-0.0088501,2.5015,4.9799,0
-0.013733,-0.0036621,-0.005226,-0.0080872,2.5015,4.9786,-0.00030518
-0.03067,-0.00076294,-0.0042758,-0.0053406,2.5009,4.9792,0.00030518
-0.032501,0.0022888,-0.0047509,-0.0061035,2.5006,4.9796,0.00030518
-0.026093,0.0027466,-0.0042758,-0.0067139,2.5027,4.9783,0
-0.018616,0.0021362,-0.0042758,-0.0097656,2.5015,4.9789,0
-0.01236,0.00045776,-0.005701,-0.0071716,2.5009,4.9789,0
-0.011749,-0.00030518,-0.0047509,-0.0041199,2.5003,4.9792,0.00030518
-0.018005,-0.00061035,-0.0042758,-0.0016785,2.5012,4.9777,-0.00061035
-0.01358,-0.0018311,-0.0047509,-0.0012207,2.5009,4.9786,-0.00061035
-0.012207,-0.0039673,-0.0033257,-0.0038147,2.5024,4.9783,-0.00030518
-0.014191,-0.0054932,-0.005226,-0.005188,2.5021,4.9786,-0.00030518
-0.018921,-0.0028992,-0.005226,-0.002594,2.5009,4.9789,0.00061035
-0.027313,-0.00091553,-0.0042758,0.0035095,2.5015,4.9789,0
-0.034027,0.00061035,-0.0042758,0.0065613,2.5003,4.9786,0.00030518
-0.031433,0.0042725,-0.0047509,0.0088501,2.5009,4.9799,0.00061035
-0.035248,0.0074768,-0.0047509,0.011139,2.5012,4.9786,0
-0.032349,0.0090027,-0.005226,0.014648,2.5006,4.9796,0.00091553
0.004425,0.010529,-0.0047509,0.014038,2.5024,4.9786,-0.00030518
-0.00030518,0.0099182,-0.005226,0.011139,2.5003,4.978,0.00030518
-0.027313,0.0064087,-0.0047509,0.01236,2.5003,4.9786,0.00030518
-0.036774,0.0073242,-0.0047509,0.015869,2.5006,4.9789,0
-0.041351,0.0071716,-0.0047509,0.014191,2.5006,4.9802,-0.00030518
-0.046082,0.004425,-0.0042758,0.0080872,2.5015,4.9789,0.00061035
-0.046997,-0.0027466,-0.0047509,-0.0018311,2.5024,4.9796,0
-0.037842,-0.0080872,-0.0042758,-0.0083923,2.5021,4.9792,0
-0.02121,-0.0064087,-0.0042758,-0.0047302,2.5009,4.9796,-0.00030518
-0.0082397,-0.00015259,-0.005226,-0.00030518,2.5018,4.9783,-0.00061035
-0.016327,0.00045776,-0.0042758,0.0032043,2.5009,4.9783,0.00030518
-0.024719,0.00091553,-0.005226,0.0013733,2.5018,4.9783,0.00030518
-0.029297,0.0028992,-0.005226,-0.0021362,2.5018,4.9789,-0.00030518
-0.027771,0.0074768,-0.0042758,-0.00091553,2.5015,4.978,0.00061035
-0.022583,0.014496,-0.0047509,0.002594,2.5012,4.9786,0.00061035
-0.012054,0.018158,-0.0047509,0.0036621,2.5009,4.9789,0
-0.014343,0.011292,-0.0042758,0.0030518,2.5012,4.9786,-0.00030518
-0.014801,0.0019836,-0.0042758,0.0021362,2.5009,4.9789,-0.00030518
-0.0012207,-0.00091553,-0.0038007,0.00076294,2.5009,4.9802,-0.00061035
0.0042725,0.00030518,-0.0042758,-0.0045776,2.5018,4.9799,0
-0.0068665,-0.00015259,-0.005226,-0.0038147,2.5015,4.9796,0.00030518
-0.0028992,-0.00061035,-0.0047509,0.002594,2.5012,4.9789,0
0.0048828,-0.0021362,-0.005701,0.0074768,2.5015,4.978,0.00091553
0.0061035,-0.0036621,-0.0047509,0.0074768,2.5009,4.9783,0
-0.00045776,-0.0024414,-0.0047509,0.0073242,2.5009,4.978,0.00030518
-0.007782,-0.0010681,-0.0042758,0.0076294,2.5012,4.978,-0.00061035
-0.0047302,-0.00076294,-0.0042758,0.0024414,2.5009,4.9771,-0.00030518
0.0062561,-0.0016785,-0.0047509,-0.0071716,2.5006,4.9786,0.00030518
0.016632,-0.0027466,-0.005226,-0.015411,2.5012,4.9786,0
0.018158,-0.00061035,-0.005701,-0.012665,2.5015,4.9783,-0.00061035
-0.0010681,0.0013733,-0.005226,-0.0059509,2.5006,4.9771,-0.00030518
-0.0093079,0.0041199,-0.005226,0.00091553,2.5018,4.9777,0.00030518
-0.0059509,0.0045776,-0.0042758,0.0038147,2.5012,4.978,-0.00030518
0.00030518,0.00076294,-0.005226,0.005188,2.5024,4.9777,-0.00030518
0.0024414,-0.0010681,-0.0042758,0.0085449,2.5009,4.978,0.00030518
-0.0048828,0.0013733,-0.0047509,0.01358,2.5018,4.978,0.00030518
-0.007019,-0.00015259,-0.0047509,0.013123,2.5027,4.9786,0
-0.007019,-0.0062561,-0.005226,0.0067139,2.5018,4.9789,0.00030518
-0.014038,-0.0094604,-0.0047509,0.0013733,2.5012,4.9789,-0.00030518
-0.022278,-0.0067139,-0.0033257,0.0053406,2.5009,4.9792,0.00030518
-0.024261,-0.0033569,-0.0047509,0.010681,2.5006,4.9792,-0.00030518
-0.0086975,-0.0018311,-0.0042758,0.0030518,2.5015,4.9786,-0.00061035
0.00091553,0.0030518,-0.005701,-0.0050354,2.5015,4.9796,0
-0.007019,0.0071716,-0.005226,-0.0019836,2.5006,4.9792,0.00061035
-0.015564,0.011292,-0.0047509,0.0012207,2.5015,4.978,0.00061035
-0.017242,0.012207,-0.005226,-0.0016785,2.5012,4.9789,-0.00030518
-0.016785,0.010681,-0.0047509,-0.0039673,2.5021,4.9786,-0.00061035
-0.0080872,0.0054932,-0.0042758,-0.0048828,2.5018,4.9792,-0.00061035
0.024261,0.0015259,-0.0047509,-0.0019836,2.5021,4.9786,0
0.015717,0.0019836,-0.005701,-0.00091553,2.5024,4.9792,0
-0.0042725,0.0086975,-0.005226,-0.00030518,2.5018,4.9777,0.00061035
-0.0079346,0.0090027,-0.0042758,0.0027466,2.5006,4.9792,0
-0.0090027,0.0061035,-0.0042758,0.010529,2.5015,4.9783,0.00030518
-0.0097656,0.00076294,-0.005226,0.014038,2.5003,4.9786,0
-0.010834,-0.0059509,-0.005226,0.010071,2.5018,4.9786,-0.00030518
-0.0093079,-0.0059509,-0.0042758,0.0032043,2.5009,4.9786,0.00030518
-0.0042725,-0.0027466,-0.0047509,0.00091553,2.5024,4.9796,0
-0.0038147,-0.0038147,-0.005226,0.0047302,2.5009,4.9786,0.00030518
-0.0080872,-0.0036621,-0.0047509,0.0056458,2.5015,4.9796,-0.00030518
-0.0067139,-0.0045776,-0.0047509,0.0033569,2.5009,4.9792,0.00030518
-0.0059509,-0.0041199,-0.0042758,0.0041199,2.5012,4.9802,0.00030518
0.0022888,-0.0019836,-0.0047509,0.015259,2.5015,4.9789,0.00030518
-0.0071716,0.0015259,-0.005226,0.028839,2.5021,4.9783,0
-0.021667,0.0024414,-0.0047509,0.036469,2.5009,4.9789,0.00061035
-0.023041,0.0032043,-0.0042758,0.031586,2.5012,4.9789,0.00061035
-0.011749,0.0064087,-0.005226,0.020294,2.5021,4.9796,0.00030518
0.013885,0.0047302,-0.0042758,0.013885,2.5021,4.9789,0.00030518
0.061951,-0.00015259,-0.0047509,0.013123,2.5018,4.9789,0
0.072784,-0.0048828,-0.0047509,0.010529,2.5012,4.9799,0
0.055237,-0.0062561,-0.005226,0.0090027,2.5012,4.9802,-0.00030518
0.029297,-0.0045776,-0.0042758,0.012054,2.5009,4.9783,0
0.037689,-0.0035095,-0.005701,0.012207,2.5006,4.9786,-0.00061035
0.054932,-0.004425,-0.0042758,0.0062561,2.5009,4.9792,0.00061035
0.055237,-0.005188,-0.0042758,0.0050354,2.5018,4.978,0
0.041351,-0.004425,-0.0047509,0.0059509,2.5012,4.9789,-0.00030518
0.022583,0.00030518,-0.005226,-0.0016785,2.5012,4.9789,-0.00061035
-0.011597,0.0033569,-0.0042758,-0.0041199,2.5009,4.9789,0.00030518
-0.048218,0.0028992,-0.0047509,0.01236,2.5015,4.9786,0
-0.056152,0.0021362,-0.0042758,0.028076,2.5015,4.9789,0
-0.045166,0.0018311,-0.0047509,0.030518,2.5009,4.9792,0.00030518
-0.036163,0.00045776,-0.0047509,0.026703,2.5018,4.9792,-0.00061035
-0.023041,0.00061035,-0.0038007,0.025482,2.5018,4.9792,0.00030518
-0.019379,0.0013733,-0.0042758,0.022278,2.5006,4.9789,0.00061035
-0.018311,0.0028992,-0.0033257,0.018005,2.5003,4.9792,0.00030518
-0.013885,0.0041199,-0.0047509,0.014038,2.5012,4.9783,-0.00061035
-0.011139,0.0057983,-0.0047509,0.011444,2.5021,4.9792,0
-0.013885,0.0076294,-0.0042758,0.0094604,2.5012,4.9792,0.00030518
-0.020752,0.0097656,-0.005701,0.0088501,2.5021,4.9789,-0.00061035
-0.027008,0.0059509,-0.0042758,0.01358,2.5012,4.9786,0.00030518
-0.024872,-0.0010681,-0.005226,0.013123,2.5012,4.9783,-0.00030518
-0.024719,-0.0071716,-0.005226,0.007782,2.5006,4.9774,-0.00030518
-0.021515,-0.012512,-0.0042758,0.0065613,2.5009,4.9783,0
-0.022125,-0.016174,-0.0047509,0.0065613,2.5012,4.9792,0.00030518
-0.026703,-0.014954,-0.0047509,0.0059509,2.5027,4.9789,-0.00061035
-0.027313,-0.010834,-0.0047509,0.0099182,2.5015,4.9796,-0.00030518
-0.020905,-0.011292,-0.005226,0.012054,2.5015,4.9796,0
-0.018616,-0.011292,-0.0047509,0.010834,2.5018,4.9789,-0.00061035
-0.014954,-0.0083923,-0.005701,0.010529,2.5006,4.9792,0.00030518
-0.0076294,-0.0061035,-0.0038007,0.0088501,2.5006,4.9796,0
-0.0032043,-0.0033569,-0.005226,0.010986,2.5009,4.9789,0
-0.033417,-0.00091553,-0.0042758,0.013428,2.5012,4.9789,0
-0.0354,-0.00091553,-0.0047509,0.0062561,2.5012,4.9792,-0.00030518
-0.026245,-0.00091553,-0.0042758,-0.0024414,2.5009,4.9774,-0.00030518
-0.02243,-0.00076294,-0.0042758,-0.0027466,2.5006,4.9771,-0.00061035
-0.020905,-0.00061035,-0.005701,-0.00030518,2.5006,4.9786,0.00030518
-0.015106,-0.00061035,-0.005701,0.00030518,2.5009,4.978,0.00030518
-0.0053406,-0.0019836,-0.005226,-0.0030518,2.5006,4.9786,-0.00061035
0.00061035,-0.0015259,-0.0047509,-0.0028992,2.5021,4.9786,0
-0.00030518,-0.00076294,-0.0038007,0.0013733,2.5012,4.9789,0
-0.017395,0.0015259,-0.0042758,0.007782,2.5015,4.9786,0
-0.031281,0.0061035,-0.0047509,0.0090027,2.5015,4.9783,0
-0.012054,0.0099182,-0.0042758,0.0062561,2.5012,4.9777,0
0.0062561,0.010223,-0.0047509,-0.0018311,2.5027,4.9774,0.00061035
0.014648,0.0094604,-0.0047509,-0.007782,2.5018,4.978,0.00030518
0.019684,0.0093079,-0.0047509,-0.0074768,2.5018,4.9774,0
0.018158,0.011749,-0.0047509,-0.0013733,2.5015,4.9789,-0.00061035
0.013885,0.010986,-0.0047509,0.0079346,2.5015,4.9789,0
0.0083923,0.0085449,-0.005226,0.016632,2.5012,4.9786,0.00030518
-0.00015259,0.0056458,-0.0042758,0.020752,2.5015,4.9792,0.00030518
-0.010071,0.004425,-0.0042758,0.014801,2.5012,4.9783,-0.00030518
-0.02182,0.0042725,-0.0042758,0.010376,2.5009,4.9789,0.00030518
-0.014191,0.0032043,-0.0042758,0.017548,2.5009,4.9789,-0.00030518
-0.012665,0.0016785,-0.0042758,0.026245,2.5009,4.9792,0
-0.0097656,0.00015259,-0.0047509,0.019379,2.5015,4.9777,0.00061035
-0.007782,-0.00015259,-0.0038007,0.010223,2.5018,4.9789,-0.00061035
-0.014191,-0.00045776,-0.0038007,0.010376,2.5015,4.9792,0.00061035
-0.019073,-0.00061035,-0.005226,0.012054,2.5012,4.9786,-0.00061035
-0.011139,-0.00045776,-0.0047509,0.010681,2.5012,4.9789,-0.00091553
-0.013123,-0.00045776,-0.0042758,0.011444,2.5009,4.9789,0
-0.016632,-0.0016785,-0.005226,0.019073,2.5006,4.9792,0.00030518
-0.018311,-0.0032043,-0.0038007,0.026855,2.5009,4.9774,0.00030518
-0.0018311,-0.0015259,-0.0042758,0.020905,2.5009,4.978,-0.00091553
0.0097656,0.0053406,-0.0038007,0.010071,2.5021,4.9789,0
0.0067139,0.010223,-0.0047509,0.0064087,2.5018,4.9786,0
-0.00091553,0.0088501,-0.0042758,0.0091553,2.5009,4.9789,0
-0.0086975,0.007019,-0.0047509,0.0074768,2.5006,4.9789,-0.00030518
0.0048828,0.0028992,-0.005226,-0.0015259,2.5018,4.9792,0.00030518
0.018005,-0.0022888,-0.0042758,-0.0073242,2.5012,4.9789,0
0.0024414,-0.0073242,-0.0047509,0.00045776,2.5021,4.9796,0
-0.0097656,-0.010071,-0.0047509,0.015869,2.5012,4.9799,-0.00030518
-0.014954,-0.010529,-0.0042758,0.018768,2.5012,4.9789,-0.00061035
-0.0012207,-0.0090027,-0.0042758,0.011444,2.5009,4.9799,0.00061035
0.0033569,-0.0057983,-0.0042758,0.0086975,2.5027,4.9783,0.00061035
-0.00061035,-0.0065613,-0.0042758,0.012512,2.5009,4.9792,0.00061035
0.0024414,-0.0086975,-0.0038007,0.015717,2.5018,4.9799,-0.00030518
0.0088501,-0.0074768,-0.0047509,0.011139,2.5018,4.9799,0
0.01236,-0.00091553,-0.005226,0.005188,2.4997,4.9796,0
0.019989,0.0054932,-0.0047509,0.0042725,2.5009,4.9789,0.00030518
0.016327,0.007019,-0.0047509,0.0056458,2.5009,4.9789,0
-0.007782,0.0056458,-0.0047509,0.0047302,2.5015,4.9789,0.00030518
-0.015564,0.0035095,-0.0047509,0.0030518,2.5012,4.9783,0.00030518
-0.0012207,0.0047302,-0.0047509,0.00091553,2.5018,4.9789,-0.00030518
0.007782,0.0074768,-0.0038007,-0.0062561,2.5015,4.9783,0.00030518
0.018463,0.0050354,-0.005701,-0.013733,2.5012,4.9796,0
0.033112,0.0012207,-0.0047509,-0.015564,2.5006,4.9789,0
0.068054,-0.00030518,-0.0042758,-0.0094604,2.5015,4.9777,0.00030518
0.06073,0.0019836,-0.0038007,-0.0071716,2.5015,4.9789,0.00030518
0.063782,0.0010681,-0.005226,-0.0090027,2.5015,4.9786,0
0.067444,0.0033569,-0.005226,-0.0094604,2.5012,4.9786,0.00030518
0.031891,0.0071716,-0.0047509,-0.0073242,2.5009,4.9783,0.00030518
0.0016785,0.005188,-0.0042758,-0.0064087,2.5006,4.9789,0.00030518
-0.0021362,-0.00015259,-0.0047509,-0.0019836,2.5009,4.9789,0.00061035
-0.026398,-0.0024414,-0.0038007,0.0097656,2.5012,4.9786,-0.00030518
-0.045624,-0.004425,-0.0033257,0.014648,2.5018,4.9786,0.00030518
-0.044098,-0.0041199,-0.0033257,0.013123,2.5018,4.9789,-0.00061035
-0.037384,-0.0059509,-0.0047509,0.012054,2.5009,4.9805,0.00030518
-0.028992,-0.0033569,-0.0042758,0.01236,2.5009,4.9786,-0.00030518
-0.027466,0.00091553,-0.0047509,0.015259,2.5012,4.9786,0.00030518
-0.023041,0.0024414,-0.0038007,0.0177,2.5003,4.9786,0
-0.021057,0.0021362,-0.0047509,0.018616,2.5021,4.9792,0
-0.021362,0.0057983,-0.005701,0.016479,2.5018,4.9777,-0.00030518
-0.0094604,0.0082397,-0.0047509,0.010376,2.5021,4.9777,-0.00030518
-0.0062561,0.0091553,-0.0028506,0.0015259,2.5015,4.9789,0.00030518
-0.0019836,0.0076294,-0.005226,-0.0012207,2.5,4.9789,0
0.0019836,0.0045776,-0.005226,0.0027466,2.5012,4.9789,0.00030518
-0.0056458,0.0010681,-0.0047509,0.007019,2.5018,4.9796,0.00030518
-0.025024,-0.00045776,-0.0047509,0.007019,2.5012,4.9789,0
-0.023956,-0.0056458,-0.0047509,0.0079346,2.5015,4.9789,-0.00030518
-0.013123,-0.0080872,-0.0038007,0.012207,2.5015,4.9799,0
-0.017853,-0.004425,-0.0047509,0.016174,2.5012,4.9796,0.00030518
-0.031128,0.00091553,-0.005226,0.012817,2.5021,4.9792,-0.00061035
-0.027618,0.00091553,-0.0047509,0.0061035,2.5006,4.9789,0.00061035
-0.01709,-0.0016785,-0.0038007,-0.0015259,2.5021,4.9786,-0.00030518
-0.0068665,-0.0015259,-0.0033257,-0.0035095,2.5024,4.9786,0.00030518
-0.007782,0.00030518,-0.005226,0.00045776,2.5015,4.9774,-0.00030518
-0.0177,0.00045776,-0.0033257,0.0062561,2.5015,4.978,-0.00061035
-0.017548,-0.00030518,-0.0047509,0.0097656,2.5015,4.9777,0.00030518
-0.015717,0.00061035,-0.0042758,0.0086975,2.5009,4.9783,0
-0.013428,0.00030518,-0.0047509,0.011292,2.5018,4.978,0
-0.0093079,-0.00030518,-0.0042758,0.023193,2.5012,4.9786,-0.00030518
-0.011444,-0.0018311,-0.0042758,0.029755,2.5003,4.9768,0.00030518
-0.02243,0.0012207,-0.0047509,0.018158,2.5012,4.9777,0
-0.027466,0.0047302,-0.0042758,0.0027466,2.5015,4.9777,0.00030518
-0.01236,0.0053406,-0.0042758,-0.00061035,2.5009,4.9783,-0.00091553
0.0053406,0.0082397,-0.0042758,0.0059509,2.5018,4.978,0.00030518
0.010223,0.0067139,-0.0042758,0.01358,2.5024,4.9777,0
0.011902,0.0061035,-0.0047509,0.015106,2.5015,4.9783,-0.00061035
0.0099182,0.0064087,-0.0038007,0.013428,2.5018,4.9783,0.00030518
0.0047302,0.0068665,-0.0047509,0.01297,2.5006,4.9789,0.00030518
-0.0013733,0.0065613,-0.0047509,0.016327,2.5015,4.9789,0
-0.011597,0.0079346,-0.0042758,0.015869,2.5012,4.9792,0.00061035
0.00045776,0.007782,-0.0047509,0.010071,2.5012,4.9777,-0.00061035
0.010376,0.0041199,-0.0042758,0.00091553,2.5009,4.978,0.00030518
0.0094604,-0.0016785,-0.0042758,-0.0042725,2.5006,4.9783,0
0.0079346,-0.004425,-0.0033257,-0.005188,2.5012,4.9792,0
0.011597,-0.0067139,-0.0038007,-0.0050354,2.5009,4.9786,0
0.0083923,-0.0076294,-0.0038007,0.0033569,2.5021,4.9789,0.00030518
-0.0027466,-0.0054932,-0.0047509,0.01236,2.5018,4.9789,0
-0.0045776,-0.0035095,-0.0047509,0.015564,2.5018,4.9789,0
-0.0038147,-0.0033569,-0.0047509,0.013428,2.5018,4.9786,0.00061035
-0.010529,-0.0015259,-0.005226,0.013733,2.5015,4.9777,0.00030518
0,-0.00076294,-0.0042758,0.013123,2.5021,4.9777,0
0.0018311,-0.00061035,-0.0042758,0.0083923,2.5006,4.9786,0
-0.0019836,0.0016785,-0.005226,0.0041199,2.5018,4.9789,-0.00030518
-0.0024414,0.002594,-0.0042758,0.0019836,2.5003,4.9789,0.00030518
-0.00091553,0.00076294,-0.0047509,0,2.5015,4.9792,0
-0.0013733,-0.00045776,-0.0047509,-0.0015259,2.5012,4.9792,0
-0.0010681,-0.00076294,-0.0042758,0.0012207,2.5009,4.9783,-0.00030518
-0.0022888,-0.0032043,-0.0047509,0.0059509,2.5006,4.9789,0
0.0022888,-0.0019836,-0.0047509,0.012817,2.5015,4.9796,-0.00061035
0.014038,-0.0013733,-0.0038007,0.014191,2.5009,4.9789,0
0.019836,-0.00091553,-0.0047509,0.014648,2.5015,4.9783,0.00030518
0.0048828,-0.0018311,-0.0038007,0.016785,2.5015,4.9789,-0.00030518
-0.00015259,-0.0065613,-0.005226,0.02182,2.5015,4.9786,0.00061035
0.0057983,-0.0071716,-0.0042758,0.024414,2.5015,4.9786,-0.00061035
0.0071716,-0.0061035,-0.0042758,0.020294,2.5027,4.9799,0.00030518
0.0041199,-0.0033569,-0.0038007,0.015259,2.5015,4.9786,0.00061035
-0.00091553,0,-0.0047509,0.016785,2.5015,4.9799,0.00030518
-0.0045776,0.00061035,-0.0038007,0.021057,2.5009,4.9792,0.00030518
-0.0038147,-0.0016785,-0.0038007,0.023499,2.5006,4.9802,-0.00030518
-0.0090027,-0.0041199,-0.0042758,0.024719,2.5015,4.9789,0
-0.005188,-0.0041199,-0.0047509,0.021057,2.5,4.978,-0.00030518
-0.0041199,0.00045776,-0.0047509,0.020294,2.5018,4.9789,0
-0.0035095,0.0059509,-0.0047509,0.023041,2.5012,4.9789,0
-0.0038147,0.0083923,-0.0047509,0.018463,2.5009,4.9792,0.00030518
0.0035095,0.0091553,-0.0047509,0.01236,2.5027,4.9789,0.00030518
0.0074768,0.0093079,-0.0047509,0.0099182,2.5009,4.9796,0.00061035
0.009613,0.0067139,-0.0038007,0.010986,2.5018,4.9789,0.00030518
0.0082397,0.0036621,-0.0033257,0.011292,2.5015,4.9786,0.00030518
-0.0068665,0.00061035,-0.0042758,0.010223,2.5021,4.9789,0.00061035
-0.013275,-0.0015259,-0.005226,0.010376,2.5006,4.9792,0.00061035
-0.0085449,-0.0033569,-0.0047509,0.013885,2.5009,4.9786,0
-0.016327,-0.0059509,-0.0047509,0.014191,2.5012,4.9789,-0.00061035
-0.016632,-0.0045776,-0.0047509,0.01236,2.5015,4.978,0.00030518
-0.0045776,-0.0019836,-0.0038007,0.0090027,2.5012,4.9789,-0.00030518
0.0059509,-0.0022888,-0.0042758,0.0059509,2.5027,4.9786,0
0.0076294,-0.0027466,-0.0033257,0.004425,2.5018,4.9786,-0.00030518
0.0062561,-0.0016785,-0.0042758,0.0035095,2.5006,4.9792,0
-0.0028992,-0.0039673,-0.0047509,0.0086975,2.5018,4.9792,0
-0.014648,-0.0048828,-0.0042758,0.019379,2.5024,4.9789,0
-0.010986,-0.0030518,-0.005226,0.024567,2.5021,4.9777,0.00030518
0.0030518,-0.00015259,-0.0047509,0.018463,2.5009,4.9789,0.00030518
0.0013733,0.0016785,-0.0038007,0.009613,2.5085,4.978,0
0.0013733,0.0028992,-0.0047509,0.0074768,2.5012,4.9786,0
0.0091553,0.0038147,-0.0047509,0.0093079,2.5021,4.9789,-0.00061035
0.021362,0.0030518,-0.0042758,0.0065613,2.5009,4.9792,-0.00061035
0.011292,0.00076294,-0.0038007,0.0068665,2.5015,4.9799,0.00030518
-0.0067139,-0.0016785,-0.005226,0.0059509,2.5018,4.9792,0.00030518
0.00061035,-0.00015259,-0.0042758,0.00045776,2.5015,4.9786,-0.00091553
0.011597,-0.0013733,-0.0028506,-0.007019,2.5015,4.9802,0.00061035
0.015564,-0.0028992,-0.005226,-0.010529,2.5006,4.9796,0.00030518
0.02243,0.0033569,-0.0042758,-0.0093079,2.5003,4.9789,0.00030518
0.021362,0.0090027,-0.0042758,-0.0079346,2.5006,4.978,-0.00030518
0.011444,0.0061035,-0.0033257,-0.0071716,2.5006,4.9783,0.00030518
0.0039673,0.0015259,-0.0047509,-0.0010681,2.5024,4.9786,0.00091553
0.0050354,-0.0067139,-0.0047509,0.0082397,2.5012,4.9771,0
0.0036621,-0.010223,-0.0042758,0.007019,2.5015,4.9777,0.00030518
0.0097656,-0.0028992,-0.0047509,-0.005188,2.5009,4.9783,-0.00030518
0.014648,0.0062561,-0.0042758,-0.0076294,2.5015,4.9783,-0.00030518
0.013123,0.0093079,-0.0033257,0.0019836,2.5006,4.978,-0.00030518
0.0090027,0.0056458,-0.0042758,0.010376,2.5018,4.9771,0.00030518
0.01358,0.0022888,-0.0047509,0.012207,2.5006,4.9768,0.00030518
0.011292,0.0022888,-0.0042758,0.01358,2.5,4.9771,0.00061035
0.0010681,0.0019836,-0.0042758,0.015106,2.5003,4.978,-0.00061035
0.00045776,0.0028992,-0.0047509,0.018921,2.5006,4.9783,0.00030518
0.0042725,0.0036621,-0.0047509,0.0177,2.5006,4.978,0
0.0032043,0.0093079,-0.0047509,0.0076294,2.5015,4.9783,0
0.007782,0.011292,-0.0042758,-0.0019836,2.5015,4.9789,-0.00061035
0.011597,0.0093079,-0.0042758,-0.002594,2.5021,4.9799,-0.00030518
0.012207,0.004425,-0.0047509,0.0050354,2.5012,4.9792,0.00061035
0.0045776,-0.00030518,-0.0047509,0.014801,2.5012,4.9783,0
0.00045776,-0.0073242,-0.0047509,0.022278,2.5015,4.9792,0
-0.0027466,-0.010529,-0.0047509,0.026855,2.5024,4.9777,0.00030518
-0.0015259,-0.005188,-0.005226,0.027313,2.5018,4.9786,-0.00030518
0.0013733,-0.0042725,-0.0028506,0.023499,2.5015,4.9792,0.00030518
-0.0036621,-0.0039673,-0.0038007,0.018005,2.5009,4.9783,0
-0.005188,-0.0018311,-0.0047509,0.011902,2.5009,4.978,-0.00030518
-0.00061035,-0.00061035,-0.005226,0.010529,2.5015,4.9789,0.00030518
0.00030518,0.0019836,-0.0033257,0.011902,2.5012,4.9796,0.00030518
0.0038147,0.0062561,-0.0042758,0.0088501,2.5015,4.9786,0.00030518
-0.0035095,0.0097656,-0.0047509,-0.00045776,2.5015,4.9774,0.00061035
0.0053406,0.0064087,-0.0042758,-0.010681,2.5009,4.978,0
0.01297,0.005188,-0.0033257,-0.015717,2.5021,4.9786,0
0.017395,0.0076294,-0.0047509,-0.013428,2.5015,4.9789,-0.00030518
0.012817,0.0090027,-0.0038007,-0.0083923,2.5012,4.9783,-0.00030518
0.0036621,0.0090027,-0.0047509,0.00091553,2.5027,4.9789,-0.00061035
0.004425,0.0067139,-0.0038007,0.0082397,2.5009,4.9792,0
0.0076294,0.0024414,-0.0042758,0.0068665,2.5021,4.9792,0
0.0068665,0.0010681,-0.0038007,-0.0030518,2.5009,4.9786,-0.00030518
-0.0010681,0.0013733,-0.005226,-0.0088501,2.5012,4.9799,0.00030518
-0.0086975,0.0028992,-0.005701,-0.007782,2.5,4.9799,0.00061035
0.0038147,0.0048828,-0.0038007,-0.0082397,2.5006,4.9792,0.00061035
0.0086975,0.0035095,-0.0047509,-0.011597,2.5015,4.9786,-0.00061035
0.005188,-0.0015259,-0.0042758,-0.01297,2.5012,4.9792,-0.00030518
0.0091553,-0.0045776,-0.005226,-0.010681,2.5009,4.9792,0
0.017395,-0.0028992,-0.0042758,-0.011597,2.5006,4.9786,0.00030518
0.0038147,-0.0027466,-0.0047509,-0.010376,2.5015,4.9792,0.00030518
0.0059509,-0.0039673,-0.0042758,-0.009613,2.5009,4.9786,0
0.013885,-0.005188,-0.0038007,-0.013123,2.5021,4.9789,0.00030518
0.015259,-0.0054932,-0.0047509,-0.014648,2.5006,4.9792,0
0.010529,-0.0079346,-0.0042758,-0.014038,2.5012,4.978,0
0.01236,-0.011139,-0.0038007,-0.0074768,2.5012,4.978,-0.00030518
0.0024414,-0.012512,-0.0038007,-0.0012207,2.5012,4.9805,0
-0.0027466,-0.0093079,-0.0047509,0.0013733,2.5,4.9799,-0.00091553
-0.0024414,-0.0064087,-0.005701,0.00076294,2.5024,4.9802,-0.00061035
0.0079346,-0.0042725,-0.005226,-0.0038147,2.5018,4.9792,-0.00030518
0.044098,0.00030518,-0.0038007,-0.0073242,2.5009,4.9792,-0.00030518
0.053558,0.0033569,-0.0047509,-0.0056458,2.5015,4.9792,0
0.015717,0.0039673,-0.005226,-0.0028992,2.5006,4.9789,0
0.0039673,0.0039673,-0.0047509,-0.0024414,2.5015,4.9786,-0.00030518
0.040131,0.0039673,-0.005226,-0.0024414,2.5015,4.9792,0.00061035
0.03891,0.0028992,-0.0042758,-0.002594,2.5015,4.9789,0.00030518
0.00076294,-0.00030518,-0.0042758,-0.00045776,2.5021,4.9786,-0.00061035
-0.013123,-0.0047302,-0.0042758,0.0057983,2.5009,4.9796,-0.00030518
-0.0088501,-0.0048828,-0.005226,0.0080872,2.5021,4.9792,-0.00061035
-0.0071716,-0.0038147,-0.0047509,0.0073242,2.5018,4.9783,0.00030518
-0.0074768,-0.0033569,-0.0047509,0.0050354,2.5018,4.9786,0.00030518
-0.011902,-0.0016785,-0.0047509,0.0018311,2.5015,4.9783,-0.00030518
-0.022278,0.0015259,-0.0047509,0.0032043,2.5018,4.9789,-0.00030518
-0.033264,0.0038147,-0.0047509,0.0038147,2.5006,4.9789,0.00030518
-0.027924,0.0027466,-0.0047509,-0.00015259,2.5009,4.9771,0.00061035
-0.0028992,0.00061035,-0.0047509,-0.0064087,2.5009,4.978,0
-0.0016785,-0.0030518,-0.0042758,-0.0047302,2.5018,4.9796,0
0.00030518,-0.0038147,-0.0033257,0.0030518,2.5006,4.9789,0.00030518
0.021057,-0.00091553,-0.0047509,0.0085449,2.5024,4.9789,0
0.0047302,0.00030518,-0.005226,0.0068665,2.5006,4.9789,0.00030518
-0.017853,-0.00015259,-0.0042758,0.0094604,2.5021,4.9786,0.00030518
-0.018616,-0.00045776,-0.0042758,0.017395,2.5012,4.9792,-0.00061035
-0.014343,0.0019836,-0.0042758,0.019836,2.5024,4.9789,0
-0.016479,0.0022888,-0.005226,0.013885,2.5015,4.9792,0.00030518
-0.026703,0.0032043,-0.0042758,0.0071716,2.5021,4.9796,0.00030518
-0.018311,0.005188,-0.0047509,0.0033569,2.5003,4.978,0.00030518
-0.020294,0.0059509,-0.005226,-0.00091553,2.5018,4.9792,0
-0.022888,0.005188,-0.0038007,-0.0054932,2.5003,4.9774,0.00030518
-0.016479,0.0032043,-0.0042758,-0.007019,2.5009,4.9777,0.00030518
-0.017395,-0.0016785,-0.0038007,-0.0068665,2.5018,4.9786,0.00030518
-0.019836,-0.0083923,-0.0047509,-0.010986,2.5015,4.9777,0.00030518
-0.012512,-0.012054,-0.0047509,-0.011139,2.5021,4.9789,-0.00061035
-0.012512,-0.007782,-0.0047509,-0.0080872,2.5009,4.9783,0
-0.019073,-0.0015259,-0.0047509,-0.0093079,2.5018,4.9783,-0.00030518
-0.017395,0.0010681,-0.005226,-0.0177,2.5012,4.9762,0
-0.00045776,0.00045776,-0.0047509,-0.020905,2.5015,4.9777,0.00030518
-0.00045776,-0.0018311,-0.0047509,-0.0177,2.5006,4.9774,0.00030518
-0.0074768,0.0010681,-0.0042758,-0.020142,2.5021,4.9771,0.00030518
0.00045776,0.0061035,-0.005226,-0.034637,2.5003,4.9777,0.00030518
0.011749,0.007019,-0.0038007,-0.048828,2.5015,4.9783,0.00030518
0.013123,0.0057983,-0.005226,-0.048676,2.5012,4.9783,0
0.010834,0.0042725,-0.0047509,-0.0383,2.5009,4.9792,-0.00030518
0.0079346,0.0056458,-0.0047509,-0.028076,2.5018,4.9786,0.00030518
0.0045776,0.0050354,-0.005226,-0.023804,2.5018,4.9786,0.00030518
0.0062561,0.0018311,-0.0047509,-0.022736,2.5003,4.9792,-0.00030518
0.010986,0.0010681,-0.0038007,-0.022583,2.5018,4.9783,-0.00061035
-0.00030518,0.0056458,-0.0047509,-0.020294,2.5006,4.9796,0.00030518
-0.011139,0.0068665,-0.0047509,-0.015411,2.5021,4.9792,-0.00030518
-0.0064087,0.004425,-0.0042758,-0.013733,2.5012,4.9792,-0.00061035
0.018005,0.0019836,-0.0047509,-0.015717,2.5012,4.9783,0.00030518
0.019379,0.0030518,-0.005226,-0.021515,2.5003,4.9789,0
0.0010681,0.005188,-0.0047509,-0.023041,2.5015,4.9792,0.00030518
-0.0042725,0.0036621,-0.0047509,-0.02533,2.5006,4.9789,0
-0.0047302,0.00091553,-0.0038007,-0.032959,2.5018,4.9789,0.00030518
-0.0018311,-0.0027466,-0.0042758,-0.04303,2.5018,4.9783,-0.00030518
0.040741,-0.0012207,-0.0038007,-0.047455,2.5018,4.9777,-0.00030518
0.033722,0.0024414,-0.005226,-0.037994,2.5012,4.9786,-0.00030518
0.00015259,0.002594,-0.0042758,-0.02594,2.5015,4.9786,0
-0.010071,0.0032043,-0.005701,-0.021973,2.5009,4.978,0
-0.0085449,0.005188,-0.0038007,-0.022278,2.5021,4.9789,-0.00030518
-0.010986,0.0036621,-0.0047509,-0.015869,2.5006,4.9796,-0.00030518
-0.0079346,0.00091553,-0.0047509,-0.010986,2.5015,4.9789,-0.00091553
-0.0024414,-0.00030518,-0.0047509,-0.01297,2.5015,4.9792,0.00061035
0.00015259,-0.0019836,-0.0028506,-0.017853,2.5015,4.9789,-0.00030518
0.0028992,-0.0045776,-0.0047509,-0.020905,2.5015,4.9783,0.00030518
0.012054,-0.0027466,-0.0038007,-0.020752,2.5018,4.9789,0.00030518
0.0067139,-0.0010681,-0.0047509,-0.018768,2.5015,4.9783,0
-0.0036621,-0.00076294,-0.0042758,-0.01297,2.5012,4.9792,-0.00030518
-0.0038147,-0.0019836,-0.0038007,-0.007782,2.5012,4.9786,0.00030518
-0.0024414,-0.0016785,-0.005226,-0.0038147,2.5021,4.9786,0
-0.0019836,-0.0045776,-0.0038007,-0.00076294,2.5003,4.9786,0
-0.0028992,-0.0083923,-0.0042758,0.0050354,2.5006,4.9792,0
-0.013123,-0.0086975,-0.0047509,0.0080872,2.5012,4.9796,0
-0.01709,-0.0054932,-0.0047509,0.0021362,2.5009,4.9805,0.00061035
-0.016937,-0.0024414,-0.0033257,-0.0021362,2.5015,4.9783,0
-0.010376,0.0013733,-0.0042758,0.0015259,2.5015,4.9792,0
-0.013885,0.0033569,-0.0047509,0.0021362,2.5009,4.9799,0.00030518
-0.014954,0.0027466,-0.005226,-0.0028992,2.5021,4.9789,-0.00061035
-0.007782,0.0022888,-0.0042758,-0.0074768,2.5015,4.9789,0.00061035
-0.0036621,-0.00076294,-0.0047509,-0.004425,2.5018,4.9789,-0.00030518
-0.0039673,-0.0012207,-0.0042758,0,2.5021,4.9789,0.00030518
-0.0048828,0.00045776,-0.0042758,0.0013733,2.5009,4.9799,0.00030518
-0.0065613,0.0015259,-0.0042758,0.0016785,2.5006,4.9796,0
-0.0050354,0.00030518,-0.0042758,-0.00045776,2.5021,4.9789,0
0.00015259,-0.00030518,-0.005226,-0.0045776,2.5009,4.9799,0
0.016785,-0.00061035,-0.0047509,-0.0099182,2.5015,4.9789,-0.00030518
0.016174,-0.0032043,-0.0042758,-0.0093079,2.5015,4.9792,0.00030518
0.011139,-0.0061035,-0.0042758,-0.0042725,2.5015,4.9786,0.00030518
0.012665,-0.0064087,-0.005226,-0.0035095,2.5018,4.9792,-0.00030518
0.010986,-0.0068665,-0.0042758,-0.0054932,2.5009,4.9783,0
0.0099182,-0.0050354,-0.0042758,-0.011292,2.5015,4.9789,0.00030518
0.016174,-0.0024414,-0.0047509,-0.018463,2.5012,4.9792,0.00030518
0.025787,0.0013733,-0.0028506,-0.026703,2.5015,4.9786,-0.00061035
0.027618,0.0038147,-0.0047509,-0.030518,2.5018,4.9789,0.00030518
0.025024,0.0028992,-0.0047509,-0.029755,2.5012,4.9786,-0.00030518
0.03067,0.0021362,-0.0047509,-0.024414,2.5015,4.9774,-0.00061035
0.024719,0.004425,-0.0038007,-0.019379,2.5012,4.9799,0.00030518
0.016022,0.0061035,-0.005226,-0.014191,2.5009,4.9786,-0.00091553
0.012665,0.0067139,-0.0033257,-0.0094604,2.5009,4.9792,-0.00030518
0.010681,0.0064087,-0.005226,-0.0036621,2.5018,4.9783,0
0.010376,0.0038147,-0.0047509,0.0041199,2.5018,4.9796,0
0.013275,0.0036621,-0.0047509,0.011139,2.5027,4.9786,0
0.032196,0.007782,-0.0042758,0.015106,2.5009,4.9792,-0.00091553
0.046082,0.010834,-0.0042758,0.01709,2.5012,4.9789,0.00030518
0.014801,0.0088501,-0.005226,0.018768,2.5012,4.9789,-0.00061035
0.0059509,0.0047302,-0.0033257,0.015717,2.5015,4.9783,0
0.01236,0.002594,-0.0038007,0.013123,2.5015,4.9789,0.00061035
0.021973,0.0057983,-0.0033257,0.012054,2.5009,4.9786,0.0012207
0.00015259,0.0097656,-0.0038007,0.013123,2.5012,4.9774,0
-0.020142,0.0086975,-0.005226,0.018463,2.5012,4.9786,0
-0.013885,0.0061035,-0.005226,0.020447,2.5018,4.9783,0
-0.00061035,0.004425,-0.0038007,0.018463,2.5021,4.9789,0.00030518
0.018005,0.0065613,-0.0038007,0.018463,2.5015,4.9786,0.00061035
0.053558,0.010071,-0.0042758,0.016785,2.5015,4.9786,-0.00061035
0.050354,0.0061035,-0.0042758,0.012817,2.5006,4.978,-0.00030518
0.004425,-0.0013733,-0.005226,0.010223,2.5006,4.9774,0.00091553
-0.026245,-0.0086975,-0.0038007,0.0076294,2.5012,4.9774,0.00061035
-0.019073,-0.0080872,-0.0042758,0.0056458,2.5015,4.9771,0.00030518
-0.013275,-0.0036621,-0.0042758,0.0061035,2.5015,4.9783,0
-0.015411,-0.005188,-0.0047509,0.0045776,2.5012,4.9783,0.00030518
-0.018616,-0.0057983,-0.0042758,0.0027466,2.5009,4.9789,0.00030518
-0.019684,-0.007019,-0.0047509,0.0018311,2.5009,4.9789,-0.00030518
-0.014191,-0.0067139,-0.0028506,-0.00076294,2.5006,4.9789,-0.00030518
-0.0071716,-0.0018311,-0.0047509,-0.0064087,2.5021,4.9789,0
-0.00015259,0.0050354,-0.0042758,-0.0097656,2.5015,4.9796,-0.00030518
0.013123,0.004425,-0.0047509,-0.0062561,2.5015,4.9789,-0.00030518
0.0064087,0.002594,-0.0042758,-0.00045776,2.5012,4.9802,0
-0.0091553,0.00045776,-0.0047509,0.004425,2.5012,4.978,0
-0.013275,-0.0018311,-0.0038007,0.0042725,2.5,4.9786,0
-0.010071,-0.00045776,-0.005226,0.0028992,2.5015,4.9786,0
-0.012665,0.00015259,-0.0047509,0.0047302,2.5015,4.9789,-0.00061035
-0.014496,0.00091553,-0.0038007,0.011749,2.5015,4.9789,0
-0.018311,0.00061035,-0.0033257,0.017395,2.5015,4.9789,0.00030518
-0.025177,0.0010681,-0.0047509,0.015564,2.5012,4.9792,-0.00030518
-0.034027,0.0054932,-0.0033257,0.012817,2.5018,4.9783,0
-0.013275,0.0082397,-0.0038007,0.013275,2.5015,4.9792,-0.00061035
-0.0080872,0.0054932,-0.0038007,0.012207,2.5009,4.9789,-0.00030518
-0.020752,0.0053406,-0.0042758,0.010376,2.5021,4.9783,0
-0.021057,0.0074768,-0.005226,0.0088501,2.5021,4.9789,0.00030518
-0.011902,0.0086975,-0.0042758,0.010376,2.5006,4.9792,0.00061035
-0.0073242,0.010529,-0.0038007,0.018768,2.5009,4.9786,0
-0.0085449,0.011597,-0.0042758,0.026855,2.5006,4.9796,0
-0.015106,0.007782,-0.0042758,0.036011,2.5015,4.9792,0.00091553
-0.023193,0.0010681,-0.0047509,0.041962,2.5024,4.9796,0.00030518
-0.024567,-0.0013733,-0.0047509,0.041809,2.5018,4.9796,0.00030518
-0.016937,-0.0010681,-0.0042758,0.041046,2.5021,4.9792,0.00030518
-0.013885,-0.00076294,-0.0047509,0.039673,2.5015,4.9796,0
-0.012054,0.0010681,-0.0047509,0.039673,2.5015,4.9786,-0.00030518
-0.014496,0.0016785,-0.005226,0.035858,2.5015,4.9796,0.00061035
-0.010223,0.0039673,-0.0042758,0.030518,2.4997,4.9792,0.00030518
-0.0085449,0.0071716,-0.0047509,0.028534,2.5015,4.9796,0
-0.011139,0.0059509,-0.0038007,0.03067,2.5015,4.9789,-0.00030518
-0.015564,0.0045776,-0.0042758,0.034485,2.5018,4.9783,0.00061035
-0.018921,0.0042725,-0.0047509,0.034027,2.5006,4.9796,0
-0.017853,0.0068665,-0.0047509,0.029297,2.5021,4.9777,-0.00061035
-0.0059509,0.0033569,-0.0047509,0.022125,2.5003,4.978,-0.00030518
-0.0086975,-0.0030518,-0.0042758,0.016327,2.5027,4.9783,0
-0.018158,-0.004425,-0.0047509,0.015411,2.5024,4.9786,-0.00061035
-0.014648,-0.0035095,-0.0042758,0.019684,2.5018,4.9789,0.00061035
-0.0013733,-0.0045776,-0.0047509,0.023193,2.5009,4.9789,0.00030518
-0.015717,-0.0036621,-0.0047509,0.026093,2.5018,4.9789,0
-0.010834,-0.0033569,-0.0047509,0.029297,2.5006,4.9789,-0.00061035
0.034637,-0.00030518,-0.0042758,0.03067,2.5012,4.9789,-0.00030518
0.028076,0.0027466,-0.0042758,0.030212,2.5018,4.9792,-0.00030518
-0.011444,0.0013733,-0.0038007,0.03067,2.5012,4.9789,-0.00030518
-0.021515,0.0022888,-0.0038007,0.030365,2.5018,4.978,-0.00061035
-0.019379,0.0022888,-0.0047509,0.027466,2.5009,4.9783,-0.00030518
-0.01709,0.00091553,-0.0047509,0.029755,2.5015,4.9792,0
-0.015564,-0.00045776,-0.0038007,0.033417,2.5015,4.9789,0
-0.0177,-0.0019836,-0.0047509,0.037384,2.5021,4.9792,-0.00061035
-0.014038,-0.0041199,-0.0038007,0.036316,2.5015,4.978,0
0.00030518,-0.0074768,-0.005226,0.032349,2.5012,4.9783,-0.00030518
0.0053406,-0.0086975,-0.0047509,0.028534,2.5015,4.9792,0
0.0012207,-0.0071716,-0.0042758,0.028534,2.5018,4.9789,0.00030518
-0.004425,-0.0059509,-0.0047509,0.027924,2.5,4.9774,0.00030518
0.0065613,-0.0057983,-0.0047509,0.023041,2.5009,4.9786,0
0.0064087,-0.0030518,-0.0047509,0.016174,2.5003,4.9796,0.00030518
0.004425,-0.0010681,-0.0047509,0.0090027,2.5003,4.9789,0.00030518
0.01236,-0.00061035,-0.0038007,0.0053406,2.5009,4.9789,0
0.0056458,-0.0021362,-0.0042758,0.011444,2.5009,4.9789,0.00030518
-0.0013733,-0.00015259,-0.005701,0.017548,2.5012,4.9789,0
-0.0036621,0.0012207,-0.0042758,0.01709,2.5018,4.9789,0.00030518
-0.0097656,-0.0018311,-0.0038007,0.013885,2.5009,4.9783,-0.00030518
-0.016327,-0.0071716,-0.0038007,0.012207,2.5009,4.9796,0.00061035
-0.021057,-0.0085449,-0.0047509,0.012512,2.5012,4.9789,-0.00061035
-0.011139,-0.004425,-0.0047509,0.015411,2.5015,4.9792,0.00030518
-0.010529,-0.0012207,-0.0042758,0.018921,2.5015,4.9783,0
-0.016937,-0.0015259,-0.005226,0.023499,2.5021,4.978,0
-0.023499,-0.0016785,-0.005226,0.023651,2.5006,4.9786,0.00061035
-0.023499,0.00015259,-0.0042758,0.02121,2.5021,4.9783,0
-0.025177,0.00030518,-0.005226,0.021057,2.5009,4.9777,0.00030518
-0.020905,-0.00045776,-0.0033257,0.021362,2.5009,4.9783,0.00061035
-0.01236,-0.0015259,-0.0042758,0.02182,2.5015,4.978,0
-0.010681,-0.00030518,-0.0042758,0.025024,2.5012,4.9786,0
-0.0099182,-0.00015259,-0.005226,0.027466,2.5009,4.9765,-0.00030518
-0.010071,0.00045776,-0.0038007,0.026398,2.5015,4.9777,0.00030518
-0.014343,0.0039673,-0.005226,0.023346,2.5,4.978,-0.00030518
-0.019989,0.0021362,-0.0047509,0.021667,2.5015,4.9774,0.00030518
-0.016022,-0.0010681,-0.0042758,0.02121,2.5015,4.9777,0.00030518
-0.0047302,-0.0016785,-0.0042758,0.020447,2.5015,4.978,0.00030518
-0.0050354,-0.0019836,-0.0047509,0.020905,2.5015,4.9789,0.00030518
0.0035095,-0.0030518,-0.0038007,0.018311,2.5015,4.9789,0.00030518
0.048523,0.00061035,-0.0047509,0.012665,2.5003,4.9786,-0.00061035
0.047913,0.0074768,-0.0028506,0.010529,2.5015,4.9789,0.00091553
-0.0039673,0.012054,-0.0042758,0.011139,2.5006,4.9789,0.00030518
-0.0177,0.01236,-0.005226,0.011292,2.5015,4.9792,0.00030518
-0.010223,0.010986,-0.0047509,0.0074768,2.5009,4.9789,0.00030518
-0.0071716,0.0091553,-0.0047509,0.0042725,2.5012,4.9789,0.00030518
-0.0053406,0.0079346,-0.0047509,0.0041199,2.5021,4.9789,-0.00030518
-0.0050354,0.0085449,-0.0047509,0.005188,2.5006,4.9783,0.00061035
-0.0094604,0.0079346,-0.0047509,0.009613,2.5015,4.9786,0
-0.015869,0.0030518,-0.0047509,0.012665,2.5015,4.9796,0.00030518
-0.015564,-0.0048828,-0.0042758,0.012665,2.5012,4.9789,0
-0.0080872,-0.010529,-0.0042758,0.011597,2.5015,4.9789,0.00030518
-0.0093079,-0.011597,-0.0042758,0.0099182,2.5021,4.9774,0.00030518
-0.00091553,-0.0073242,-0.0047509,0.0090027,2.5003,4.978,0
0.00045776,-0.0048828,-0.0047509,0.0065613,2.5015,4.9799,-0.00030518
-0.00091553,-0.007019,-0.0047509,0.0021362,2.5009,4.9789,0.00030518
-0.00015259,-0.0090027,-0.0047509,0.0021362,2.5009,4.9786,0.00030518
0.0024414,-0.0099182,-0.0042758,0.0045776,2.5009,4.9786,-0.00030518
0.0036621,-0.007782,-0.0042758,0.0039673,2.5018,4.9792,-0.00061035
-0.0054932,-0.0050354,-0.0047509,0.0018311,2.5012,4.9792,-0.00030518
-0.005188,-0.0019836,-0.0042758,0.0036621,2.5024,4.9799,0
-0.00076294,-0.00061035,-0.0042758,0.0097656,2.5018,4.9786,0.00061035
-0.0018311,0.0018311,-0.0038007,0.015564,2.5015,4.9789,0
0.0013733,0.0022888,-0.0047509,0.015564,2.5015,4.9792,0
-0.0028992,0.0010681,-0.0042758,0.016937,2.5021,4.9805,-0.00030518
-0.0086975,-0.00061035,-0.0038007,0.020905,2.5012,4.9799,0
-0.007019,-0.00076294,-0.0038007,0.019684,2.5012,4.9799,0.00030518
-0.0030518,0.0019836,-0.005226,0.0177,2.5015,4.9799,-0.00030518
-0.0073242,0.0050354,-0.0047509,0.016174,2.5012,4.9802,-0.00030518
-0.0093079,0.0039673,-0.0047509,0.011139,2.5006,4.9792,0.00030518
-0.0033569,0.0010681,-0.0047509,0.0083923,2.5024,4.9805,-0.00061035
-0.0022888,0.0019836,-0.0042758,0.0090027,2.5021,4.9802,0.00030518
-0.0094604,0.0035095,-0.0042758,0.011444,2.5003,4.9777,0.00061035
-0.0053406,0.0053406,-0.005226,0.016022,2.5015,4.9792,0.00030518
-0.0083923,0.0048828,-0.0042758,0.021973,2.5018,4.9786,0
-0.011139,0.004425,-0.0033257,0.026855,2.5009,4.9792,-0.00030518
-0.0076294,0.0067139,-0.0038007,0.028076,2.5021,4.9786,0.00091553
-0.0062561,0.0057983,-0.0033257,0.026703,2.5018,4.9786,-0.00030518
-0.010376,0.00045776,-0.0047509,0.023193,2.5003,4.9789,0.00030518
-0.0091553,-0.0021362,-0.005226,0.021973,2.5015,4.9783,0.00030518
-0.010681,0.00091553,-0.0042758,0.02121,2.5006,4.9783,0
-0.010681,0.0032043,-0.005226,0.021515,2.5009,4.9792,0
-0.010834,0.0024414,-0.0047509,0.021973,2.5018,4.9786,0.00030518
-0.0033569,0.0022888,-0.0042758,0.02182,2.5012,4.9799,0.00091553
-0.0064087,0.0013733,-0.0047509,0.022278,2.5012,4.9792,-0.00030518
-0.014343,-0.00091553,-0.0047509,0.023651,2.5012,4.9796,0
-0.011749,-0.0027466,-0.0047509,0.018463,2.5009,4.9799,0
-0.0028992,-0.0015259,-0.005226,0.011902,2.5018,4.9786,0
-0.0022888,-0.0047302,-0.0047509,0.007782,2.5006,4.9792,-0.00030518
-0.0022888,-0.0071716,-0.0047509,0.0064087,2.5015,4.9789,0
-0.010834,-0.0030518,-0.0042758,0.010681,2.5012,4.9792,0.00030518
-0.016479,0.0035095,-0.0038007,0.010834,2.5012,4.9783,0.00061035
-0.010529,0.0050354,-0.0047509,0.0083923,2.5003,4.978,0.00030518
0.0030518,0.0018311,-0.0042758,0.0056458,2.5009,4.9777,0.00061035
-0.0056458,0,-0.0047509,0.0079346,2.5018,4.9786,0
-0.010223,-0.0016785,-0.0033257,0.0079346,2.5018,4.9799,0.00061035
0.0039673,-0.0027466,-0.0042758,0.005188,2.5015,4.9789,-0.00030518
0.0015259,-0.0024414,-0.0042758,0.0021362,2.5012,4.9789,0
-0.00061035,-0.0018311,-0.005226,0.0035095,2.5012,4.9792,-0.00091553
0.0013733,0.0015259,-0.0047509,0.0053406,2.5006,4.9792,0.00061035
0.0028992,0.0010681,-0.0047509,0.004425,2.5009,4.9786,0.00030518
-0.0038147,0.0013733,-0.0047509,0.0032043,2.5015,4.9796,0.00061035
-0.013428,0.0042725,-0.0038007,0.0033569,2.5024,4.9789,-0.00061035
-0.0068665,0.0059509,-0.0047509,0.0030518,2.5006,4.9789,0
-0.0082397,0.0091553,-0.0042758,0.0054932,2.5009,4.9789,0.00061035
-0.009613,0.0097656,-0.0038007,0.0061035,2.5015,4.9783,0.00061035
0.0045776,0.0065613,-0.005701,0.0035095,2.5024,4.9777,0.00030518
0.0091553,-0.0015259,-0.005701,0.0022888,2.5003,4.9777,0.00030518
0.015717,-0.0079346,-0.0038007,0.0018311,2.5018,4.9777,0
0.043793,-0.0073242,-0.0047509,0.00045776,2.5021,4.978,-0.00030518
0.028381,-0.0061035,-0.0042758,0.00030518,2.5018,4.9786,0.00030518
0.004425,-0.0057983,-0.0047509,0.004425,2.5012,4.978,0
-0.0041199,-0.0056458,-0.0038007,0.0059509,2.5012,4.9768,-0.00030518
0.0062561,-0.0065613,-0.0042758,0.0045776,2.5015,4.9774,0.00030518
0.010834,-0.0062561,-0.0047509,0,2.5021,4.9771,0
0.0019836,-0.0067139,-0.005226,-0.0047302,2.5015,4.9771,0
-0.0024414,-0.0064087,-0.0061761,-0.0074768,2.5006,4.978,0.00030518
0.0056458,-0.0030518,-0.005226,-0.0083923,2.5009,4.9783,-0.00030518
0.010071,0.0022888,-0.0047509,-0.0030518,2.5012,4.978,0.00061035
0.0073242,0.0059509,-0.0047509,0.0016785,2.5015,4.9783,0.00061035
0.0050354,0.0067139,-0.0047509,0.0015259,2.5018,4.9792,0.00061035
0.007019,0.0064087,-0.005226,-0.0015259,2.5009,4.9796,-0.00030518
-0.00061035,0.0054932,-0.0047509,-0.0039673,2.5015,4.9786,-0.00030518
-0.0015259,0.004425,-0.0047509,-0.0035095,2.5006,4.9789,0.00061035
-0.004425,0.0057983,-0.0047509,-0.0013733,2.5009,4.9799,0.00030518
-0.0083923,0.0076294,-0.0042758,-0.00076294,2.5009,4.9796,0.00030518
-0.0024414,0.0088501,-0.0047509,0.0016785,2.5009,4.9789,-0.00091553
0.011444,0.0090027,-0.0047509,0.0045776,2.5018,4.9792,0.00030518
0.016327,0.0079346,-0.0047509,0.0054932,2.5015,4.9792,0
0.007019,0.0057983,-0.0047509,0.0079346,2.5006,4.9789,0.00030518
-0.00076294,0.0033569,-0.0038007,0.011444,2.5012,4.9786,-0.00030518
-0.002594,0.0059509,-0.0042758,0.016022,2.5021,4.9796,0.00030518
-0.0061035,0.0085449,-0.0047509,0.015411,2.5006,4.9774,0.00030518
-0.004425,0.005188,-0.005226,0.0097656,2.5021,4.9783,-0.00030518
-0.0086975,0.0010681,-0.0047509,0.0067139,2.5015,4.9786,0.00030518
-0.013885,0.00076294,-0.0042758,0.010834,2.5009,4.9796,-0.00061035
-0.014038,0.0027466,-0.005226,0.015869,2.5015,4.9786,-0.00030518
-0.011139,0.0053406,-0.0047509,0.016174,2.5015,4.9796,-0.00061035
-0.010376,0.0061035,-0.0042758,0.011597,2.5015,4.9786,0.00030518
-0.0090027,0.0053406,-0.0042758,0.010529,2.5021,4.9792,0.00030518
0.0068665,0.0057983,-0.0042758,0.01297,2.5015,4.9789,-0.00030518
0.0048828,0.0065613,-0.0042758,0.013123,2.5006,4.9799,0
-0.01297,0.0030518,-0.005226,0.0079346,2.5012,4.9796,-0.00061035
-0.010529,0.0015259,-0.0042758,0.0010681,2.5018,4.9789,-0.00030518
-0.015106,0.0054932,-0.0047509,0.0032043,2.5009,4.9783,0.00030518
-0.025482,0.0041199,-0.0047509,0.0036621,2.5012,4.9789,0.00030518
-0.017242,0.0022888,-0.0047509,-0.0028992,2.5018,4.9805,0
-0.0057983,-0.0018311,-0.0047509,-0.0097656,2.5015,4.9796,0.00030518
-0.0036621,-0.0035095,-0.0047509,-0.0067139,2.5009,4.9786,0.00030518
0.0022888,-0.0018311,-0.005226,-0.0013733,2.5015,4.9792,-0.00030518
-0.010681,-0.0035095,-0.0042758,0.00015259,2.5009,4.9792,-0.00030518
-0.020447,-0.0062561,-0.0047509,0.0018311,2.5018,4.9799,0.00061035
-0.019531,-0.0061035,-0.0042758,0.0048828,2.5015,4.9777,0
-0.0093079,-0.0057983,-0.0047509,0.0062561,2.5012,4.9777,-0.00030518
-0.0086975,-0.0056458,-0.0047509,0.0067139,2.5003,4.9792,0.00030518
-0.0086975,-0.0054932,-0.0047509,0.0064087,2.5009,4.978,0.00030518
0.0056458,-0.0041199,-0.005226,0.0028992,2.5015,4.9786,0
0.0088501,-0.004425,-0.0047509,-0.0010681,2.5015,4.9792,0.00030518
0.0019836,-0.0065613,-0.0047509,-0.0047302,2.5009,4.9786,0.00030518
0.0013733,-0.0090027,-0.0047509,-0.0062561,2.5021,4.9789,0
0.0064087,-0.010223,-0.0042758,-0.0056458,2.5003,4.9783,-0.00030518
0.0033569,-0.007782,-0.0047509,-0.0015259,2.5006,4.978,0.00030518
-0.0016785,-0.0062561,-0.005226,0.0045776,2.5009,4.9783,-0.00030518
0.004425,-0.0042725,-0.005226,0.0094604,2.5015,4.9789,-0.00030518
0.0018311,-0.0019836,-0.0042758,0.011597,2.5024,4.9789,-0.00030518
-0.0022888,0.00015259,-0.0047509,0.012207,2.5015,4.9786,0
0.00015259,0.005188,-0.0038007,0.0071716,2.5015,4.9789,0
0.0053406,0.0059509,-0.0033257,0.0041199,2.5015,4.9796,0.00030518
0.0061035,0.0047302,-0.0038007,0.0083923,2.5015,4.9789,0.00030518
0.00076294,0.0030518,-0.0042758,0.015869,2.5012,4.9789,-0.00030518
-0.0022888,0.00061035,-0.005226,0.020599,2.5009,4.9799,0
-0.0048828,0.00091553,-0.005226,0.020142,2.5018,4.9792,0
-0.0061035,0.0056458,-0.0028506,0.018158,2.5015,4.978,0.00091553
0.0080872,0.0056458,-0.0047509,0.018158,2.5006,4.9792,0.00030518
0.0097656,0.0032043,-0.0047509,0.016785,2.5006,4.9796,0
0.01236,0.00061035,-0.0047509,0.01297,2.5015,4.9786,0
0.014191,0.00076294,-0.005226,0.0091553,2.5018,4.9789,0.00030518
0.007782,0.0041199,-0.0033257,0.0094604,2.5027,4.9792,0.00030518
0.0018311,0.0073242,-0.0042758,0.011902,2.5024,4.9786,0
-0.00076294,0.0088501,-0.0038007,0.012817,2.5012,4.9796,-0.00061035
0.0038147,0.0067139,-0.0042758,0.014648,2.5018,4.9792,0.00061035
0.013885,0.004425,-0.0042758,0.010376,2.5009,4.9786,-0.00030518
0.0085449,0.0041199,-0.0038007,0.0028992,2.5012,4.9786,0
0.011444,0.0053406,-0.0033257,0,2.5024,4.9783,-0.00061035
0.023041,0.0038147,-0.0042758,-0.00061035,2.5018,4.9789,0.00030518
0.022736,0.0035095,-0.005226,-0.0022888,2.5009,4.9792,0.00061035
0.0071716,0.0041199,-0.0042758,-0.0035095,2.5018,4.9783,0.00030518
0.017548,0.0030518,-0.0042758,-0.0062561,2.5009,4.9777,0.00061035
0.021515,0.00061035,-0.005226,-0.0086975,2.5018,4.9777,0
0.0038147,-0.0015259,-0.0042758,-0.0073242,2.5009,4.9777,-0.00030518
-0.014343,-0.002594,-0.0042758,-0.00061035,2.5018,4.978,0.00061035
-0.020599,-0.0016785,-0.005226,0.0039673,2.5009,4.9783,0.00030518
-0.022583,-0.00061035,-0.0047509,0.0035095,2.5018,4.9765,0
-0.0068665,-0.00076294,-0.005226,-0.00045776,2.5009,4.978,-0.00030518
-0.0010681,0.00076294,-0.0047509,-0.0018311,2.5012,4.9786,-0.00061035
-0.0010681,0.0018311,-0.0047509,-0.0022888,2.5009,4.9771,0.00061035
0.00045776,-0.0018311,-0.0047509,-0.0082397,2.5015,4.9777,0.00030518
0.0015259,-0.0073242,-0.0042758,-0.015411,2.5015,4.9777,0.00030518
0.002594,-0.0097656,-0.0042758,-0.020294,2.5009,4.978,-0.00061035
0.011444,-0.0090027,-0.005701,-0.018768,2.5006,4.9792,0.00030518
0.015106,-0.004425,-0.0047509,-0.016479,2.5012,4.9796,0
0.012054,-0.0016785,-0.0047509,-0.016174,2.5006,4.9796,-0.00061035
0.005188,0.00076294,-0.0038007,-0.012207,2.5015,4.9789,0.00030518
0.01297,0.005188,-0.0042758,-0.010681,2.5003,4.9792,-0.00030518
0.010834,0.0071716,-0.0042758,-0.014954,2.5021,4.9792,0
0.0067139,0.0018311,-0.0042758,-0.016632,2.5015,4.9792,-0.00030518
0.016022,-0.00030518,-0.005226,-0.014191,2.5012,4.9792,-0.00030518
0.0091553,-0.0035095,-0.0047509,-0.01358,2.5027,4.9789,0
-0.0032043,-0.0064087,-0.0047509,-0.014191,2.5015,4.9789,-0.00030518
0.0038147,-0.0050354,-0.0047509,-0.013275,2.5018,4.9792,0
0.012665,-0.0062561,-0.0042758,-0.013733,2.5015,4.9789,0
0.0097656,-0.0064087,-0.0047509,-0.015106,2.5009,4.9783,-0.00030518
0.0018311,-0.0057983,-0.0047509,-0.013123,2.4991,4.9777,0
0.0064087,-0.004425,-0.0042758,-0.0068665,2.5018,4.9799,0.00030518
0.0064087,-0.004425,-0.0047509,-0.0015259,2.5012,4.9786,0
0.00045776,-0.0012207,-0.005226,-0.0015259,2.5018,4.9789,-0.00030518
0.00030518,0.00091553,-0.0042758,0.00015259,2.5018,4.9789,0.00061035
0.0099182,0.0019836,-0.005226,-0.00061035,2.5006,4.9789,0
0.010223,-0.00076294,-0.0042758,-0.0038147,2.5012,4.9789,0.00030518
-0.00061035,-0.0019836,-0.0042758,-0.0050354,2.5018,4.9789,0
-0.010223,-0.0018311,-0.005226,-0.0050354,2.5006,4.9789,-0.00061035
-0.0091553,0.00015259,-0.0038007,-0.0035095,2.5024,4.9786,-0.00030518
-0.0053406,0.00015259,-0.005226,-0.0042725,2.5021,4.9789,-0.00030518
0.01236,-0.00061035,-0.005226,-0.00076294,2.5009,4.9792,-0.00061035
0.017395,-0.00045776,-0.0047509,0.0057983,2.5009,4.9792,0.00061035
0.018311,-0.0019836,-0.0042758,0.007019,2.5012,4.9789,0.00030518
0.012512,-0.002594,-0.0047509,0.0019836,2.5006,4.9792,0
0.0097656,-0.0016785,-0.0047509,-0.0028992,2.5012,4.9792,-0.00091553
0.013275,-0.00076294,-0.0042758,-0.0030518,2.5015,4.9783,0
0.010071,-0.00061035,-0.0038007,0.00045776,2.5009,4.9796,0.00030518
0.0028992,-0.00061035,-0.0038007,0.0030518,2.5006,4.9796,-0.00061035
0.0050354,0.0018311,-0.0042758,0.0048828,2.5003,4.9792,0.00030518
0.0074768,0.0024414,-0.0042758,0.0074768,2.5018,4.9786,0.00061035
0.019531,0.00076294,-0.0047509,0.0083923,2.5003,4.9777,0
0.023499,-0.00045776,-0.0047509,0.007782,2.5015,4.9792,-0.00030518
0.007019,-0.00076294,-0.0047509,0.0085449,2.5012,4.9792,0.00030518
-0.007019,-0.00061035,-0.0042758,0.0086975,2.5015,4.9783,0.00030518
-0.010681,-0.00045776,-0.0047509,0.007782,2.5015,4.9789,0
-0.0056458,-0.0018311,-0.0042758,0.0068665,2.5012,4.9792,0.00030518
-0.0013733,-0.0053406,-0.005226,0.0073242,2.5006,4.9789,0.00030518
-0.0079346,-0.0048828,-0.0042758,0.0093079,2.5018,4.9786,-0.00030518
-0.0093079,-0.0021362,-0.0047509,0.0073242,2.5018,4.9792,0.00030518
-0.0067139,0.0030518,-0.0047509,0.0022888,2.5009,4.9792,0.00061035
-0.0019836,0.0059509,-0.0047509,0.0022888,2.5009,4.9789,0
-0.0068665,0.0054932,-0.0042758,0.004425,2.5015,4.9792,0
0.0021362,0.0059509,-0.0047509,0.0021362,2.5009,4.9792,0.00061035
0.031433,0.0079346,-0.0042758,-0.005188,2.5009,4.9786,0.00061035
0.033112,0.0073242,-0.0047509,-0.010376,2.5015,4.9802,-0.00061035
0.025635,0.0067139,-0.0042758,-0.012817,2.5018,4.9786,0.00030518
0.025635,0.0082397,-0.0042758,-0.013275,2.5015,4.9789,-0.00030518
0.022888,0.0074768,-0.005226,-0.014343,2.5006,4.9786,-0.00091553
0.0099182,0.0067139,-0.0047509,-0.01297,2.5018,4.9789,0.00030518
0.0022888,0.0054932,-0.0038007,-0.0088501,2.5015,4.9777,0.00030518
0.010986,0.0042725,-0.0042758,-0.0041199,2.5012,4.9786,0.00061035
0.007782,0.0041199,-0.005226,-0.00015259,2.5012,4.9792,0.00030518
-0.0053406,0.002594,-0.0047509,0.0019836,2.5009,4.9789,-0.00030518
-0.0064087,-0.0030518,-0.005226,0.0041199,2.5015,4.9799,0
0.0059509,-0.0053406,-0.0047509,0.0079346,2.5012,4.9786,0.00030518
0.0012207,-0.0045776,-0.005226,0.012512,2.5015,4.9796,0
-0.010376,-0.00076294,-0.0038007,0.015411,2.5009,4.9789,0
-0.0097656,0.0013733,-0.0042758,0.023804,2.5015,4.9789,0.00030518
-0.0038147,0.00045776,-0.0047509,0.030365,2.4994,4.9792,0.00061035
-0.0039673,0,-0.0042758,0.031433,2.5015,4.9792,0.00030518
-0.0079346,-0.0018311,-0.0047509,0.030823,2.5006,4.9786,-0.00030518
-0.016632,-0.0015259,-0.0042758,0.028839,2.5018,4.978,0
-0.021362,-0.0018311,-0.0047509,0.032043,2.5012,4.9783,0
-0.032806,-0.0054932,-0.0047509,0.034332,2.5012,4.9783,-0.00030518
-0.041199,-0.007782,-0.0047509,0.034027,2.5012,4.9777,0.00030518
-0.03479,-0.009613,-0.0042758,0.031128,2.5015,4.9774,0.00030518
-0.019226,-0.0091553,-0.0042758,0.023956,2.5012,4.9783,0.00061035
-0.014191,-0.0068665,-0.005226,0.018616,2.5,4.9789,0
-0.019226,-0.0019836,-0.005226,0.015564,2.5015,4.9774,0.00030518
-0.024261,0.0061035,-0.0042758,0.014038,2.5015,4.9777,-0.00061035
-0.020142,0.010376,-0.0038007,0.01297,2.5012,4.9777,-0.00030518
-0.024719,0.010681,-0.005226,0.014801,2.5003,4.9783,0.00061035
-0.02182,0.010681,-0.0042758,0.013733,2.5018,4.9774,0
-0.011749,0.010071,-0.0047509,0.0091553,2.5009,4.9774,0.00030518
0,0.0067139,-0.0042758,0.0064087,2.5015,4.978,0.00030518
0.007019,0.0010681,-0.0047509,0.0079346,2.5018,4.9777,0.00030518
0.0013733,-0.0045776,-0.0033257,0.0085449,2.5024,4.9783,0.00030518
0.0033569,-0.0033569,-0.0042758,0.0086975,2.5009,4.9789,0
0.0042725,-0.0041199,-0.0042758,0.0074768,2.5009,4.9792,0
-0.004425,-0.0050354,-0.0047509,0.004425,2.5009,4.9783,-0.00030518
-0.007019,-0.0042725,-0.0047509,0.0012207,2.5012,4.9796,0.00030518
-0.0068665,-0.0010681,-0.0047509,-0.0012207,2.5018,4.9796,0.00061035
-0.020142,-0.0013733,-0.0047509,-0.0056458,2.5018,4.9789,0.00061035
-0.057068,-0.0010681,-0.005226,-0.0053406,2.5012,4.978,-0.00030518
-0.067291,-0.0036621,-0.0047509,-0.0032043,2.5015,4.9792,-0.00030518
-0.027466,-0.0079346,-0.0047509,-0.0038147,2.5009,4.9799,0.00030518
0.0018311,-0.010223,-0.0038007,-0.0035095,2.5012,4.9796,0
-0.00045776,-0.0079346,-0.0042758,-0.0021362,2.5018,4.9789,0
-0.007782,-0.0048828,-0.005226,0.0045776,2.5021,4.9786,0
-0.0036621,-0.0018311,-0.0033257,0.011902,2.5024,4.9771,0
0.0093079,-0.00076294,-0.0042758,0.017548,2.5021,4.9783,0.00030518
0.0073242,-0.0019836,-0.005226,0.022278,2.5009,4.9786,0.00030518
-0.0032043,-0.0016785,-0.0047509,0.025635,2.5012,4.9786,0.00061035
-0.0073242,-0.00091553,-0.0038007,0.029449,2.5018,4.9792,0.00061035
-0.0091553,0.0018311,-0.005226,0.031586,2.5015,4.9792,-0.00061035
-0.010071,0.0061035,-0.0047509,0.032349,2.5021,4.9792,0.00030518
-0.0061035,0.011444,-0.005701,0.028687,2.5015,4.9796,0.00030518
-0.0090027,0.011902,-0.0042758,0.025024,2.5015,4.9786,0.00061035
-0.014954,0.013275,-0.0042758,0.023041,2.5003,4.9796,0.00030518
-0.0094604,0.01297,-0.0047509,0.025024,2.5015,4.9792,-0.00030518
0.0042725,0.011444,-0.0042758,0.02533,2.5009,4.9799,0.00030518
0.0056458,0.013123,-0.0047509,0.019836,2.5015,4.9796,0.00030518
0.0090027,0.0097656,-0.0047509,0.0093079,2.5012,4.9792,0.00061035
0.0091553,0.0032043,-0.0042758,0.0054932,2.5021,4.9789,-0.00030518
0.0013733,-0.0022888,-0.0047509,0.012207,2.5012,4.9799,-0.00061035
0.0019836,-0.007782,-0.0038007,0.016479,2.5012,4.9796,0.00030518
0.007019,-0.011139,-0.0047509,0.021057,2.5006,4.9792,0.00061035
0.017242,-0.01236,-0.0047509,0.023041,2.5009,4.9799,0
0.022278,-0.010529,-0.0047509,0.020294,2.5009,4.9799,-0.00030518
0.0076294,-0.0059509,-0.0047509,0.016479,2.5009,4.978,0
0.0038147,-0.0024414,-0.005226,0.016174,2.5009,4.978,0.00030518
0.010071,-0.0024414,-0.0033257,0.016174,2.5021,4.9789,0.00030518
0.020752,-0.0013733,-0.0042758,0.01358,2.5009,4.9783,0.00030518
0.045319,0.0013733,-0.0042758,0.011902,2.5012,4.9789,0
0.037842,0.0035095,-0.0042758,0.011292,2.5015,4.9792,-0.00061035
0.007782,0.0042725,-0.0042758,0.0097656,2.5015,4.9786,0.00030518
0.014191,0.0057983,-0.0047509,0.0067139,2.5015,4.9796,0.00030518
0.036774,0.0062561,-0.0047509,-0.00061035,2.5012,4.978,0.00030518
0.033417,0.0039673,-0.0047509,-0.0068665,2.5012,4.9799,-0.00061035
0.019531,0.00076294,-0.0038007,-0.0079346,2.5018,4.9786,0.00030518
0.019226,-0.00045776,-0.0047509,-0.0061035,2.5015,4.9783,0.00030518
0.016937,-0.00030518,-0.0047509,-0.0016785,2.5,4.9768,0.00030518
0.0032043,0.00076294,-0.0038007,0.0048828,2.5009,4.9777,-0.00061035
-0.0076294,0.0015259,-0.0042758,0.0097656,2.5006,4.9789,0.00030518
-0.0068665,0.004425,-0.005226,0.011292,2.5015,4.9786,0.00061035
-0.004425,0.0048828,-0.005226,0.012054,2.5006,4.9796,0
-0.009613,0.004425,-0.0028506,0.012665,2.5009,4.9792,-0.00061035
0.0018311,0.0057983,-0.0042758,0.0091553,2.5021,4.9786,-0.00091553
0.0177,0.0035095,-0.0042758,0.00076294,2.5012,4.9802,0
-0.009613,-0.0016785,-0.005226,-0.0053406,2.5009,4.9786,0.00061035
-0.018005,-0.0035095,-0.0042758,-0.009613,2.5024,4.9789,0
-0.013885,-0.00076294,-0.0042758,-0.011749,2.5006,4.9792,-0.00030518
-0.0065613,0.00091553,-0.0042758,-0.011902,2.5018,4.9796,0.00030518
-0.0018311,0.00030518,-0.0047509,-0.011139,2.5018,4.9789,-0.00091553
-0.0016785,0.0035095,-0.005226,-0.01236,2.5018,4.9792,0.00030518
0.00030518,0.0061035,-0.0038007,-0.01358,2.5009,4.9792,-0.00030518
0.0079346,0.0042725,-0.005226,-0.010986,2.5015,4.9786,0.00091553
0.0030518,0.0024414,-0.0033257,-0.0050354,2.5006,4.9796,0.00061035
-0.0064087,0.00061035,-0.0042758,0.00015259,2.5021,4.9786,0.00030518
-0.018311,0.0010681,-0.0038007,0.0053406,2.5009,4.9792,0.00030518
-0.011749,0.0013733,-0.0028506,0.0094604,2.5021,4.9792,0.00030518
-0.007019,0.00030518,-0.0042758,0.0085449,2.5006,4.9786,-0.00030518
-0.007782,0.00091553,-0.0047509,0.0018311,2.5012,4.978,0.00030518
-0.0064087,0.00030518,-0.005701,-0.0048828,2.5009,4.9774,-0.00030518
-0.0012207,-0.0016785,-0.0042758,-0.007019,2.5018,4.9771,-0.00030518
0.0024414,-0.0015259,-0.0047509,-0.0080872,2.5012,4.978,0
-0.00030518,0.00015259,-0.005226,-0.0079346,2.5009,4.9777,-0.00030518
-0.0059509,0.0015259,-0.0042758,-0.0028992,2.5018,4.978,-0.00030518
-0.018616,0.0016785,-0.0047509,0.0019836,2.5012,4.9783,0.00061035
-0.022888,0.00045776,-0.0047509,0.0032043,2.5018,4.9771,0.00030518
-0.011597,-0.00061035,-0.0042758,0.00030518,2.5009,4.9786,0
-0.00076294,0.00061035,-0.0047509,-0.0033569,2.5009,4.9783,0
-0.00061035,0.0016785,-0.005226,-0.0053406,2.5012,4.9777,-0.00030518
0.0064087,0.0018311,-0.0038007,-0.0097656,2.5015,4.978,-0.00061035
0.010071,0.0032043,-0.0042758,-0.013428,2.5006,4.978,0
0.010681,0.0036621,-0.0047509,-0.016022,2.5006,4.9789,0.00030518
0.00015259,0.0030518,-0.0042758,-0.016174,2.5018,4.9786,0
-0.00061035,-0.00045776,-0.0042758,-0.016479,2.5009,4.9789,0
0.007019,-0.0064087,-0.005226,-0.014954,2.5021,4.9789,0
0.010223,-0.0082397,-0.0042758,-0.0093079,2.5024,4.9786,0.00091553
0.014954,-0.0068665,-0.0038007,-0.010376,2.5015,4.9783,0.00061035
0.010376,-0.004425,-0.0042758,-0.015564,2.5012,4.978,0
0.044098,-0.0038147,-0.0042758,-0.018921,2.5021,4.9789,-0.00091553
0.06546,-0.0018311,-0.0042758,-0.019379,2.5012,4.9786,0
0.013123,0.0015259,-0.0042758,-0.015717,2.5012,4.9789,0
-0.00030518,0.0061035,-0.0047509,-0.0076294,2.5012,4.9789,0
0.0090027,0.0048828,-0.005226,0.00091553,2.5012,4.9789,0.00061035
0.0041199,0.0036621,-0.0047509,0.005188,2.5009,4.9792,0.00091553
-0.0083923,0.0027466,-0.005226,0.0042725,2.5009,4.9786,0.00030518
-0.016632,0.0047302,-0.0042758,0.0024414,2.5012,4.9783,0
-0.030975,0.0050354,-0.005226,0.00015259,2.5015,4.9777,0.00061035
-0.030212,0.0016785,-0.0033257,-0.00061035,2.5012,4.9796,-0.00030518
-0.018005,0.00015259,-0.0047509,-0.0022888,2.5009,4.9786,-0.00030518
-0.010223,0.0021362,-0.005226,-0.0030518,2.5018,4.9786,0.00061035
0.00015259,0.0038147,-0.0042758,-0.0010681,2.5018,4.9799,0.00030518
0.014801,0.0016785,-0.0042758,0.0010681,2.5012,4.9796,0
0.0076294,-0.0012207,-0.005226,0.0016785,2.5015,4.9792,0.00030518
0.0030518,-0.0015259,-0.0028506,0.0015259,2.5021,4.9789,0
0.011292,-0.0019836,-0.0047509,0.0018311,2.5006,4.9796,0.00030518
0.007782,-0.0016785,-0.0047509,0.0019836,2.5015,4.9792,0.00030518
0.010681,0.0016785,-0.0047509,0.0033569,2.4997,4.9792,-0.00061035
0.018921,0.0035095,-0.0042758,0.0019836,2.5009,4.9789,0
0.012665,0.0042725,-0.0038007,0.00015259,2.5012,4.9783,0.00030518
-0.00015259,0.0053406,-0.005226,-0.00061035,2.5021,4.9789,-0.00061035
0.0076294,0.0050354,-0.005226,-0.0024414,2.5018,4.9783,-0.00061035
-0.0050354,0.0030518,-0.0042758,-0.004425,2.5009,4.9792,0.00030518
-0.010986,0.004425,-0.0038007,-0.0036621,2.5009,4.9789,0.00061035
0.002594,0.0045776,-0.0038007,-0.002594,2.5009,4.9789,0.00030518
0.01236,0.0030518,-0.0042758,-0.00015259,2.5009,4.9799,-0.00030518
-0.0065613,0.0045776,-0.0042758,-0.0028992,2.5012,4.9774,-0.00061035
-0.014954,0.0073242,-0.0033257,-0.0090027,2.5018,4.9786,0.00091553
-0.0039673,0.0050354,-0.0042758,-0.009613,2.5012,4.9783,-0.00030518
-0.0054932,0.0016785,-0.0038007,-0.0054932,2.5018,4.9786,-0.00030518
-0.015259,-0.0033569,-0.0047509,0.0038147,2.5012,4.978,0.00030518
-0.016937,-0.0076294,-0.005226,0.0080872,2.5015,4.9783,0.00061035
-0.019226,-0.009613,-0.0042758,0.0086975,2.5009,4.9783,0.00061035
-0.011139,-0.0091553,-0.0042758,0.0068665,2.5018,4.9799,0
-0.013275,-0.0080872,-0.0038007,0.0038147,2.5003,4.9799,0
-0.022736,-0.0079346,-0.0038007,0.0036621,2.5009,4.9789,0
-0.0018311,-0.010376,-0.005226,0.0027466,2.4994,4.9789,0.00030518
0.029449,-0.013733,-0.0042758,0.0027466,2.5015,4.978,0
0.032654,-0.011292,-0.0042758,0.00045776,2.5015,4.9796,0.00030518
0.0019836,-0.0073242,-0.0047509,-0.0036621,2.5012,4.9792,0.00030518
-0.018616,-0.004425,-0.0033257,-0.0048828,2.5015,4.9792,-0.00030518
-0.015106,-0.0019836,-0.0042758,-0.0038147,2.5012,4.9789,-0.00030518
-0.0042725,0.0016785,-0.005226,0.0038147,2.5015,4.9786,0.00030518
-0.012512,-0.00015259,-0.0047509,0.010681,2.5015,4.9786,0.00030518
-0.017548,-0.0036621,-0.0042758,0.012054,2.5018,4.9796,0
0.0064087,-0.0024414,-0.0038007,0.014191,2.5015,4.9792,0
0.02533,-0.00015259,-0.005226,0.015411,2.5021,4.9783,0.00030518
-0.00061035,0.0013733,-0.005226,0.014191,2.5006,4.9789,0
-0.029297,0.0028992,-0.0042758,0.011597,2.5006,4.9799,0.00030518
-0.033112,0.0064087,-0.0042758,0.01358,2.5015,4.9789,-0.00030518
-0.017395,0.0057983,-0.0033257,0.016785,2.5021,4.9796,0.00061035
0.0012207,0.0045776,-0.0042758,0.014648,2.5012,4.9799,0.00061035
-0.0035095,0.0027466,-0.0042758,0.010986,2.5015,4.9805,0.00030518
-0.013885,0.0021362,-0.0042758,0.0099182,2.5006,4.9796,0.00030518
-0.022583,0.0016785,-0.005226,0.010223,2.5021,4.9792,0.00061035
-0.018463,0.00045776,-0.005701,0.0067139,2.5009,4.9796,0
-0.00076294,0.0022888,-0.0047509,0.0042725,2.5009,4.9796,0.00030518
0.019531,0.0080872,-0.0047509,0.0013733,2.5021,4.9799,0
0.036469,0.0097656,-0.0042758,0.0018311,2.5018,4.978,-0.00061035
0.028076,0.0079346,-0.0047509,0.0030518,2.5012,4.978,-0.00061035
0.0022888,0.0053406,-0.0047509,0.0048828,2.5012,4.9786,0.00030518
-0.011292,0.00076294,-0.005226,0.0074768,2.5006,4.978,0.00030518
0.013275,-0.0036621,-0.005701,0.0067139,2.5018,4.9774,0.00061035
0.021362,-0.0065613,-0.0047509,0.0048828,2.5009,4.9783,0.00061035
-0.0076294,-0.0036621,-0.0061761,0.0039673,2.5024,4.9777,-0.00030518
-0.023346,-0.0013733,-0.0047509,0.0079346,2.5009,4.9786,0.00030518
-0.00076294,-0.0019836,-0.0042758,0.011597,2.5018,4.9765,-0.00061035
0.036163,-0.0041199,-0.0042758,0.0099182,2.5009,4.9765,0
0.022583,-0.0068665,-0.0038007,0.0053406,2.5018,4.9777,0.00030518
0.00030518,-0.0062561,-0.0047509,0.0013733,2.5009,4.9774,0
-0.019531,-0.0038147,-0.0047509,0.0021362,2.5015,4.9783,0
-0.021515,-0.0012207,-0.0042758,0.0057983,2.5015,4.9777,0
0.0061035,0.0045776,-0.0033257,0.011597,2.5009,4.9786,-0.00030518
0.0083923,0.010681,-0.0038007,0.015411,2.5015,4.978,0.00030518
-0.0088501,0.010986,-0.0047509,0.015869,2.5012,4.9796,-0.00061035
-0.00076294,0.0082397,-0.0042758,0.014648,2.5003,4.9786,0.00091553
0.011444,0.0094604,-0.0042758,0.011749,2.5015,4.9789,0.00030518
0.018005,0.01236,-0.0042758,0.0088501,2.5027,4.9786,0.00030518
0.013275,0.012207,-0.0042758,0.0076294,2.5009,4.9786,0
0.016327,0.0080872,-0.0047509,0.010681,2.5015,4.9796,0
0.016479,0.002594,-0.005226,0.013428,2.5012,4.9792,0.00030518
0.015717,-0.002594,-0.0047509,0.015106,2.5015,4.9789,0.00061035
0.00045776,-0.0073242,-0.0047509,0.011139,2.5021,4.9789,-0.00030518
-0.0088501,-0.0085449,-0.0042758,0.0085449,2.5015,4.9796,0.00030518
-0.0053406,-0.0071716,-0.0047509,0.0085449,2.5009,4.9792,0
0.0079346,-0.0085449,-0.005226,0.007782,2.5018,4.978,0
0.0056458,-0.0097656,-0.0047509,0.0019836,2.5009,4.9789,0.00030518
0.023193,-0.0088501,-0.0047509,0.00076294,2.5021,4.9786,0.00061035
0.0099182,-0.0085449,-0.0042758,0.0027466,2.5009,4.9786,0.00030518
-0.019989,-0.0080872,-0.0042758,0.0041199,2.5024,4.9792,0.00030518
-0.029602,-0.0057983,-0.0047509,0.004425,2.5018,4.9789,0
-0.015717,-0.0038147,-0.0042758,0.0038147,2.5015,4.9792,0.00030518
0.0099182,-0.004425,-0.0047509,0.0032043,2.5009,4.9792,0.00061035
0.0071716,-0.0013733,-0.0038007,0.0041199,2.5015,4.9789,0.00030518
-0.0041199,0.0036621,-0.0042758,0.007782,2.5012,4.9789,0.00061035
-0.0041199,0.0047302,-0.0042758,0.010376,2.5015,4.9796,-0.00030518
-0.0065613,0.0042725,-0.005701,0.011749,2.5015,4.9789,-0.00061035
0.00030518,0.0027466,-0.0042758,0.012817,2.5018,4.9786,0
-0.005188,0.0045776,-0.0047509,0.010681,2.5012,4.9789,0
-0.0067139,0.0062561,-0.0042758,0.0086975,2.5006,4.9796,-0.00061035
0.0021362,0.0062561,-0.005226,0.012207,2.5018,4.9792,0
0.002594,0.0039673,-0.0047509,0.01358,2.5018,4.9796,0.00030518
-0.0028992,0.0022888,-0.0042758,0.013275,2.5021,4.9789,-0.00030518
-0.0074768,0.0016785,-0.0038007,0.016022,2.5009,4.9796,-0.00030518
-0.0047302,0.00061035,-0.0042758,0.019379,2.5012,4.9796,0
0.007782,-0.0016785,-0.0047509,0.018921,2.5006,4.9792,0
0.0013733,-0.0013733,-0.0042758,0.016785,2.5015,4.9777,-0.00061035
-0.012817,-0.0019836,-0.0047509,0.013428,2.5012,4.9792,0.00030518
-0.020447,-0.0015259,-0.0047509,0.011902,2.5012,4.978,0.00061035
-0.021973,-0.00091553,-0.0042758,0.0099182,2.5021,4.9796,0
-0.021667,-0.00076294,-0.0047509,0.007782,2.5009,4.9789,0.00061035
-0.018463,0.00061035,-0.0047509,0.0090027,2.5003,4.9789,0
-0.0074768,0.0042725,-0.0047509,0.014648,2.5015,4.9786,-0.00030518
-0.004425,0.010223,-0.0038007,0.017548,2.5006,4.9796,-0.00091553
-0.010223,0.011749,-0.0047509,0.016479,2.5015,4.9796,0.00030518
-0.014801,0.010529,-0.005226,0.010834,2.5024,4.9792,0
-0.019684,0.010529,-0.0047509,0.0056458,2.5009,4.9792,-0.00061035
0.011597,0.012817,-0.0047509,0.0021362,2.5015,4.9796,0.00030518
0.022888,0.013733,-0.0042758,0.0010681,2.5009,4.9792,0.00061035
0.0068665,0.012665,-0.0047509,0,2.5015,4.9792,0
-0.0045776,0.0093079,-0.005226,-0.00061035,2.5012,4.9792,0.00030518
-0.009613,0.0047302,-0.0047509,-0.00061035,2.5018,4.9786,-0.00091553
-0.015411,0,-0.005226,-0.00015259,2.5015,4.9792,0.00030518
-0.019684,-0.0024414,-0.005226,0.00091553,2.5015,4.9792,0.00030518
-0.010223,-0.0057983,-0.0042758,0.00045776,2.5018,4.9792,0
0.00015259,-0.0064087,-0.0042758,-0.0032043,2.5015,4.9789,0
-0.0047302,-0.0057983,-0.0038007,-0.0048828,2.5018,4.9777,-0.00030518
0.0016785,-0.0035095,-0.0042758,-0.0035095,2.5006,4.9792,0.00030518
0.0061035,-0.0012207,-0.0047509,-0.00015259,2.5018,4.9786,0
-0.00045776,0.00015259,-0.0042758,0,2.5006,4.9786,-0.00030518
-0.0038147,0.0056458,-0.005226,0.0022888,2.5021,4.9792,0.00030518
-0.0042725,0.010834,-0.005226,0.0093079,2.5012,4.9792,0
-0.0021362,0.010834,-0.0047509,0.017395,2.5018,4.9789,-0.00030518
-0.0045776,0.0071716,-0.0038007,0.024872,2.5015,4.9783,0.00091553
-0.0039673,0.0012207,-0.0042758,0.026093,2.5009,4.9796,0
0.0015259,-0.0021362,-0.005226,0.024109,2.5003,4.9792,0.00030518
0.0022888,-0.0032043,-0.0042758,0.021057,2.5012,4.9786,-0.00030518
0.0054932,0.00061035,-0.0047509,0.019989,2.5015,4.9792,0.00030518
-0.00076294,0.007019,-0.0047509,0.016479,2.5012,4.9789,0
0.00076294,0.0091553,-0.0042758,0.014954,2.5009,4.9774,0.00030518
-0.005188,0.007782,-0.0047509,0.013428,2.5021,4.978,-0.00030518
-0.01236,0.0057983,-0.0047509,0.010681,2.5015,4.9783,0.00061035
-0.0028992,0.0057983,-0.0038007,0.0071716,2.5015,4.9783,-0.00030518
0.004425,0.0090027,-0.0047509,0.0036621,2.5015,4.9774,0.00061035
0.0053406,0.011292,-0.0038007,-0.00061035,2.5021,4.9774,0
0.01297,0.010223,-0.0042758,-0.0082397,2.5015,4.9783,-0.00061035
0.014801,0.009613,-0.005226,-0.014648,2.5009,4.9774,0.00030518
0.013428,0.0050354,-0.0042758,-0.015869,2.5009,4.9771,-0.00030518
0.007019,0,-0.0038007,-0.016327,2.5009,4.978,0.00030518
0.0068665,-0.0024414,-0.0042758,-0.01297,2.5012,4.9774,0.00030518
0.0067139,-0.0033569,-0.0047509,-0.013123,2.5015,4.9774,0.00030518
0.0033569,-0.00061035,-0.0033257,-0.013885,2.5012,4.978,0
-0.0016785,0,-0.0047509,-0.011749,2.5009,4.9783,-0.00030518
-0.0015259,-0.00030518,-0.0042758,-0.0082397,2.5021,4.9777,0.00061035
-0.0028992,-0.0032043,-0.0047509,-0.0030518,2.5006,4.9786,0
-0.0041199,-0.0061035,-0.0047509,0,2.5012,4.9789,-0.00030518
-0.0091553,-0.0076294,-0.0042758,-0.00015259,2.5015,4.9792,-0.00030518
-0.0045776,-0.0093079,-0.005226,-0.0013733,2.5031,4.9789,0
-0.0015259,-0.0090027,-0.0042758,-0.0045776,2.5015,4.9786,0.00061035
-0.01297,-0.007019,-0.0042758,-0.0013733,2.5012,4.9802,0.00030518
-0.024261,-0.0045776,-0.0047509,0.0062561,2.5003,4.9789,-0.00030518
-0.018311,-0.0032043,-0.0042758,0.0090027,2.5012,4.9789,0
-0.010681,-0.0018311,-0.0042758,0.005188,2.5009,4.9783,0.00030518
-0.0024414,-0.0022888,-0.0042758,-0.0015259,2.5012,4.9789,0.00030518
0.0088501,-0.0027466,-0.0047509,-0.0016785,2.5024,4.9786,0.00061035
0.0033569,-0.0018311,-0.0042758,0.0042725,2.5009,4.9786,0
-0.026093,-0.0019836,-0.005701,0.011139,2.5012,4.9774,0.00030518
-0.043335,-0.0028992,-0.0042758,0.013123,2.5006,4.9777,0.00030518
-0.042114,-0.0030518,-0.0042758,0.011749,2.5015,4.9789,0
-0.015869,-0.00061035,-0.0047509,0.0083923,2.5012,4.9789,0.00030518
0.004425,0.0038147,-0.0047509,0.0074768,2.5015,4.9792,-0.00030518
-0.0054932,0.0048828,-0.005226,0.0099182,2.5003,4.9789,-0.00030518
-0.015869,0.0019836,-0.0042758,0.016937,2.5021,4.9792,0
-0.007782,0.00015259,-0.005226,0.016937,2.5009,4.9792,0.00030518
-0.0012207,0.0030518,-0.0033257,0.014954,2.5009,4.9792,0
-0.0056458,0.0083923,-0.0047509,0.010834,2.5015,4.9805,0.00030518
-0.0030518,0.012207,-0.0047509,0.007782,2.5015,4.9789,0.00061035
0.0067139,0.0086975,-0.0047509,0.0048828,2.5021,4.9786,0
0.011444,0.0050354,-0.0042758,0.0033569,2.5018,4.9789,-0.00030518
0.020905,0.004425,-0.0042758,0.0030518,2.5009,4.9792,-0.00030518
0.033875,0.0028992,-0.0038007,0.0015259,2.5012,4.9789,0
0.0068665,0.00061035,-0.0047509,0.0030518,2.5009,4.9796,0
-0.032654,0.00076294,-0.0033257,0.0016785,2.5009,4.9796,-0.00030518
-0.064545,0.0016785,-0.0042758,0.00015259,2.5012,4.9789,-0.00061035
-0.07019,0.0018311,-0.0038007,0.0045776,2.5012,4.9789,0.00061035
0.0010681,-0.0033569,-0.0042758,0.0094604,2.5018,4.9792,-0.00030518
0.064545,-0.0083923,-0.0042758,0.013733,2.5009,4.9789,0.00030518
0.046387,-0.010376,-0.0042758,0.017395,2.4997,4.9796,0
-0.007782,-0.0067139,-0.0042758,0.019073,2.5018,4.9799,0.00030518
-0.017853,-0.0028992,-0.0038007,0.02182,2.5012,4.9789,0
0.015717,-0.0022888,-0.0042758,0.021362,2.5021,4.9786,0.00061035
0.0013733,-0.0053406,-0.0047509,0.019684,2.5006,4.9792,-0.00030518
-0.010071,-0.011139,-0.0047509,0.022888,2.5015,4.9786,0.00030518
0.012817,-0.013428,-0.0047509,0.027313,2.5012,4.9789,-0.00030518
0.034332,-0.0093079,-0.0033257,0.030365,2.5009,4.9796,0
0.036163,-0.0039673,-0.005226,0.024567,2.5009,4.9783,0
0.035095,-0.0024414,-0.0042758,0.019379,2.5015,4.9799,-0.00030518
0.039368,-0.0018311,-0.005226,0.020752,2.5012,4.9796,0
0.036011,-0.00091553,-0.0047509,0.02121,2.5012,4.9783,0
0.033264,0.00061035,-0.0042758,0.021362,2.5015,4.9799,0.00061035
0.005188,0.0013733,-0.0042758,0.022278,2.5009,4.9792,-0.00091553
-0.005188,0.00030518,-0.0042758,0.024261,2.5024,4.9789,0.00061035
-0.0053406,0.00076294,-0.0047509,0.021973,2.5009,4.9786,-0.00030518
-0.0071716,0.0067139,-0.0047509,0.016479,2.5018,4.9792,-0.00030518
-0.015564,0.0068665,-0.005226,0.010681,2.5015,4.9792,-0.00030518
-0.01297,0.0050354,-0.0047509,0.0033569,2.5015,4.9796,-0.00061035
-0.0036621,0.004425,-0.0042758,0.0033569,2.5006,4.9777,-0.00061035
0.0053406,0.0028992,-0.0042758,0.0080872,2.5009,4.9799,0.00061035
-0.0024414,0.0019836,-0.0047509,0.0091553,2.5006,4.9789,0
-0.0067139,0.00030518,-0.0042758,0.0068665,2.5018,4.9799,-0.00030518
-0.0038147,0.0012207,-0.0042758,0.0041199,2.5021,4.9796,0
-0.0071716,0.0015259,-0.0042758,0.0054932,2.5015,4.9786,-0.00030518
-0.0097656,0.00030518,-0.005701,0.012817,2.5012,4.9799,0.00030518
-0.0036621,0.0022888,-0.0047509,0.016479,2.5021,4.9789,0
0.0032043,0.0036621,-0.0042758,0.014038,2.5012,4.9802,0
-0.00076294,0.0065613,-0.0042758,0.010529,2.5015,4.9783,0.00030518
-0.0028992,0.010376,-0.005226,0.00045776,2.5006,4.9792,-0.00030518
0.018768,0.0088501,-0.005226,-0.0082397,2.5015,4.9805,0.00061035
0.013885,0.0061035,-0.0047509,-0.010376,2.5009,4.9777,-0.00030518
-0.0021362,0.0032043,-0.0047509,-0.010529,2.5012,4.978,0
-0.010376,0.00091553,-0.0047509,-0.0085449,2.5006,4.9789,0.00030518
-0.0038147,0.0010681,-0.0047509,-0.0065613,2.5018,4.9777,0.00061035
0.0047302,0.0016785,-0.005226,-0.0067139,2.5015,4.9777,0
-0.0030518,0.0041199,-0.0047509,-0.0035095,2.5018,4.9783,0
-0.0067139,0.0047302,-0.005226,0.0042725,2.5006,4.978,0
-0.013428,0.00045776,-0.0047509,0.0091553,2.5003,4.978,0.00030518
-0.013733,-0.0047302,-0.005701,0.011444,2.5018,4.9765,0.00030518
-0.0024414,-0.0022888,-0.0042758,0.01358,2.5009,4.9774,0.00030518
0.0050354,0.00061035,-0.0047509,0.01358,2.5018,4.978,-0.00061035
0.0050354,-0.0036621,-0.0038007,0.012817,2.5024,4.9777,-0.00091553
-0.00061035,-0.0082397,-0.005226,0.01358,2.5015,4.9771,0.00030518
-0.0047302,-0.0061035,-0.0042758,0.014038,2.5024,4.9777,0.00030518
0.0038147,-0.0038147,-0.0047509,0.012512,2.5015,4.9789,0.00061035
0.002594,-0.0015259,-0.005226,0.012054,2.5009,4.9789,-0.00030518
-0.0059509,0.00045776,-0.005226,0.014496,2.5006,4.9792,0.00061035
-0.010376,-0.00091553,-0.005226,0.012512,2.5021,4.9786,-0.00030518
-0.0085449,0.00030518,-0.0042758,0.0097656,2.5006,4.9796,0.00091553
0.00030518,0.0013733,-0.005226,0.005188,2.5015,4.978,0
0.012207,-0.0019836,-0.0042758,-0.00061035,2.5006,4.9789,0.00030518
0.027466,-0.0062561,-0.0042758,-0.0035095,2.5009,4.9792,-0.00030518
0.018158,-0.002594,-0.0047509,-0.0030518,2.5021,4.9789,0.00030518
-0.0024414,0.0033569,-0.0047509,0.00061035,2.5012,4.9789,0
-0.0056458,0.0085449,-0.005226,0.0047302,2.5018,4.9786,0.00030518
-0.0035095,0.0099182,-0.0042758,0.0057983,2.5015,4.9789,0.00030518
-0.0062561,0.0094604,-0.0042758,0.002594,2.5006,4.9796,0.00061035
-0.0030518,0.0027466,-0.0042758,-0.0024414,2.5015,4.9789,0.00030518
0.005188,-0.0067139,-0.0038007,-0.0033569,2.5015,4.9777,0.00091553
0.023041,-0.011902,-0.0042758,-0.0027466,2.5015,4.9783,0.00030518
0.041962,-0.0099182,-0.0038007,-0.0021362,2.5018,4.9789,0.00061035
0.014801,-0.0085449,-0.0047509,-0.0050354,2.5009,4.9792,0.00030518
0.0054932,-0.012054,-0.0042758,-0.012054,2.5012,4.9789,0.00030518
0.036316,-0.010986,-0.0042758,-0.015564,2.5018,4.9789,0
0.037079,-0.0062561,-0.0042758,-0.020752,2.5012,4.9792,0
0.010223,-0.0048828,-0.0042758,-0.022278,2.5012,4.9789,0.00030518
0.014801,-0.0028992,-0.0042758,-0.018005,2.5021,4.9789,-0.00030518
0.022736,-0.0027466,-0.0047509,-0.014496,2.5012,4.9799,0
0.01709,-0.0015259,-0.0042758,-0.013275,2.5027,4.9792,0
0.023651,0.0056458,-0.0042758,-0.01297,2.5009,4.978,0
0.00076294,0.011444,-0.0038007,-0.013123,2.5018,4.9786,-0.00061035
-0.011139,0.010071,-0.005226,-0.012054,2.5012,4.9792,0
-0.011597,0.0048828,-0.0047509,-0.0073242,2.5012,4.9786,0
-0.0082397,0.0045776,-0.0047509,-0.0041199,2.5021,4.9786,0.00061035
0.0097656,0.0088501,-0.0042758,-0.0021362,2.5018,4.9789,0.00030518
-0.007019,0.007019,-0.0047509,0.0016785,2.5006,4.9796,0
-0.014954,0,-0.005226,0.0036621,2.5006,4.9805,0.00061035
-0.014496,-0.0059509,-0.0042758,0.0050354,2.5018,4.9802,0.00030518
-0.018463,-0.0039673,-0.0047509,0.0082397,2.5015,4.9777,0
-0.017395,-0.0013733,-0.005226,0.010986,2.5024,4.9789,0.00030518
-0.014496,-0.0032043,-0.0047509,0.01358,2.5012,4.9796,-0.00030518
-0.012512,-0.0035095,-0.005226,0.016174,2.5015,4.9799,-0.00030518
0.010223,-0.0048828,-0.005226,0.012817,2.5015,4.9789,0.00030518
0.04425,-0.0053406,-0.0042758,0.007019,2.5018,4.9792,0
0.011444,-0.0028992,-0.0047509,0.0061035,2.5021,4.9789,0
-0.023956,0.00015259,-0.005226,0.012817,2.5018,4.9792,0.00030518
-0.024567,0.0015259,-0.0038007,0.022278,2.5015,4.9792,-0.00030518
-0.02594,0.0019836,-0.005226,0.02655,2.5015,4.9786,0.00061035
-0.041504,0.00030518,-0.005226,0.023499,2.5009,4.9792,0
-0.04364,-0.0033569,-0.0028506,0.014038,2.5009,4.9783,-0.00061035
-0.037079,-0.0038147,-0.0042758,0.011597,2.5015,4.9783,-0.00091553
-0.032501,-0.0042725,-0.0047509,0.016327,2.5018,4.9786,0.00061035
-0.027008,-0.0054932,-0.0038007,0.018463,2.5012,4.9799,-0.00030518
-0.012207,-0.0042725,-0.0047509,0.014191,2.5012,4.9783,0.00030518
-0.0080872,-0.0045776,-0.005701,0.0093079,2.5,4.9786,-0.00030518
-0.010529,-0.0039673,-0.0047509,0.0090027,2.5009,4.9786,0.00091553
-0.012817,-0.0018311,-0.0047509,0.010834,2.5018,4.9786,0
-0.019531,-0.0012207,-0.0047509,0.01236,2.5015,4.9783,0.00030518
-0.023651,-0.0018311,-0.0042758,0.01709,2.5021,4.9777,-0.00030518
-0.011139,-0.0024414,-0.0038007,0.022583,2.5018,4.9789,0.00061035
-0.010834,-0.0068665,-0.0047509,0.026093,2.5009,4.9786,0.00030518
-0.014954,-0.0083923,-0.005226,0.023041,2.5012,4.9789,0
-0.022125,-0.0041199,-0.0038007,0.019379,2.5012,4.9786,-0.00061035
-0.018921,-0.0013733,-0.0042758,0.020752,2.5021,4.9792,0.00091553
-0.010834,-0.00091553,-0.005226,0.02243,2.5012,4.9796,0.00030518
-0.014038,-0.00061035,-0.0042758,0.019836,2.5006,4.9802,0
-0.023041,0.00061035,-0.0047509,0.015259,2.5003,4.9796,0.00061035
-0.022583,0.0016785,-0.0042758,0.0088501,2.5018,4.9792,-0.00030518
-0.025177,0.0028992,-0.0047509,0.0027466,2.5018,4.9792,0
-0.017395,0.0064087,-0.0038007,0.0018311,2.5012,4.9796,0.00030518
-0.01236,0.0094604,-0.005226,0.0039673,2.5021,4.978,0.00030518
-0.023346,0.0074768,-0.0038007,0.0085449,2.5012,4.978,0.00030518
-0.027618,0.0010681,-0.0047509,0.013733,2.5012,4.9789,0.00030518
-0.0177,-0.0021362,-0.005226,0.014648,2.5006,4.9783,0
-0.014038,-0.0032043,-0.0038007,0.013275,2.5015,4.9777,-0.00091553
-0.018158,-0.00030518,-0.005226,0.0088501,2.5009,4.9783,0.00030518
-0.016022,0.00076294,-0.005226,0.0050354,2.5018,4.9783,0.00030518
-0.0079346,0.0016785,-0.0047509,0.0013733,2.5,4.9783,0.00030518
-0.0074768,-0.00045776,-0.0038007,0.00030518,2.5021,4.9768,-0.00030518
0.0016785,-0.0053406,-0.0038007,0.0018311,2.4994,4.9777,-0.00030518
0.0018311,-0.0035095,-0.0042758,0.0061035,2.5015,4.9774,0.00030518
-0.0059509,-0.0015259,-0.0047509,0.011749,2.5012,4.978,-0.00061035
-0.019531,-0.00091553,-0.0047509,0.014648,2.5018,4.9777,-0.00091553
-0.027466,-0.00061035,-0.0047509,0.012512,2.5006,4.9777,0.00030518
-0.023651,0.0030518,-0.0042758,0.0083923,2.5006,4.978,-0.00030518
-0.016937,0.0071716,-0.0042758,0.0065613,2.5009,4.9792,0
-0.0045776,0.011139,-0.005226,0.004425,2.5018,4.9783,0
-0.0021362,0.01236,-0.005226,0.00061035,2.5006,4.9786,0.00061035
-0.0067139,0.010681,-0.0033257,-0.0036621,2.5015,4.9796,0
0.0032043,0.010834,-0.0047509,-0.0062561,2.5024,4.9783,0
0.0050354,0.0076294,-0.0047509,-0.0057983,2.5006,4.9796,0
-0.0041199,0.0039673,-0.0047509,-0.002594,2.5015,4.9796,0.00061035
-0.0050354,0.0033569,-0.0047509,0.0030518,2.5,4.9792,-0.00030518
0.0032043,0.0038147,-0.0038007,0.0021362,2.5012,4.9796,0.00030518
0.018005,0.0039673,-0.0042758,-0.00061035,2.5015,4.9783,0.00030518
0.057831,0.0028992,-0.0042758,0.0021362,2.5018,4.9789,0.00030518
0.041351,0.0019836,-0.0047509,0.0079346,2.5012,4.9792,0.00030518
-0.0071716,-0.00076294,-0.0047509,0.009613,2.5009,4.9799,0.00030518
-0.02121,-0.0036621,-0.0042758,0.011139,2.5006,4.978,0
-0.0071716,-0.0050354,-0.0047509,0.013123,2.5015,4.9786,-0.00030518
-0.012512,-0.0059509,-0.0042758,0.011444,2.5015,4.9796,0.00030518
-0.024261,-0.0054932,-0.0042758,0.0062561,2.5027,4.9783,0.00030518
-0.014038,-0.0028992,-0.0038007,0.00091553,2.5015,4.9789,0.00030518
-0.0019836,-0.0013733,-0.0047509,-0.0035095,2.5012,4.9799,0.00030518
-0.0032043,-0.0019836,-0.0042758,-0.0036621,2.5009,4.9789,-0.00091553
-0.0028992,-0.0015259,-0.0047509,-0.0054932,2.5009,4.9792,0.00030518
-0.0012207,0.00061035,-0.0038007,-0.0079346,2.5012,4.9792,-0.00030518
-0.0048828,0.00045776,-0.0042758,-0.0061035,2.5009,4.9786,0.00030518
-0.011444,0.00061035,-0.0047509,-0.0022888,2.5012,4.9789,0
-0.00045776,0.0038147,-0.0042758,-0.0022888,2.5003,4.9799,0
0.0013733,0.0048828,-0.0042758,-0.0074768,2.5018,4.9796,-0.00030518
0.0047302,0.004425,-0.0042758,-0.010529,2.5012,4.9796,0.00061035
0.020905,0.0056458,-0.005226,-0.0091553,2.5015,4.9789,-0.00030518
0.009613,0.010223,-0.0047509,-0.0074768,2.5015,4.9783,0.00030518
-0.010223,0.01358,-0.0033257,-0.0041199,2.5015,4.9799,-0.00030518
-0.013733,0.011292,-0.0047509,0.00045776,2.5009,4.9796,0.00030518
-0.019226,0.0071716,-0.0047509,0.0039673,2.5009,4.9796,0.00030518
-0.027161,0.0048828,-0.005226,0.0033569,2.5015,4.9789,0.00030518
-0.023956,0.0018311,-0.0047509,0.0039673,2.5027,4.9771,-0.00030518
-0.004425,0,-0.0042758,0.0059509,2.5018,4.9789,-0.00030518
0.0097656,0.00061035,-0.0042758,0.0068665,2.5018,4.9796,-0.00030518
0.011292,0.00030518,-0.005226,0.0093079,2.5009,4.9786,0
0.0059509,-0.0015259,-0.0047509,0.013885,2.5009,4.9792,0.00061035
0.019989,-0.0027466,-0.005226,0.015717,2.5009,4.9792,0.00061035
0.033264,-0.0016785,-0.0033257,0.016479,2.5012,4.9796,-0.00030518
0.012817,-0.00076294,-0.0042758,0.016632,2.5006,4.9796,0.00061035
-0.0015259,-0.00076294,-0.0061761,0.018311,2.5006,4.9786,-0.00091553
-0.007019,-0.0019836,-0.0042758,0.019684,2.5012,4.9786,-0.00030518
-0.0083923,-0.0012207,-0.0047509,0.022583,2.5012,4.9792,0.00030518
-0.00061035,-0.0019836,-0.005226,0.02533,2.5009,4.9789,0
0.00076294,-0.0054932,-0.0047509,0.024567,2.5015,4.9792,0.00091553
-0.005188,-0.0033569,-0.0047509,0.023041,2.5015,4.9792,0.00061035
-0.0050354,0.0024414,-0.0042758,0.019684,2.5027,4.9792,0.00030518
-0.0015259,0.0080872,-0.005226,0.011749,2.5009,4.9783,0.00030518
0.011597,0.0082397,-0.0042758,0.0065613,2.5018,4.9786,-0.00061035
0.033417,0.007019,-0.0038007,0.0030518,2.5009,4.9783,0.00030518
0.043335,0.0054932,-0.0042758,0.0018311,2.5006,4.9786,-0.00030518
0.032654,0.0057983,-0.0047509,0.00076294,2.5003,4.9789,0.00030518
0.016022,0.0050354,-0.0042758,0.0012207,2.5015,4.978,0.00030518
0.019684,0.0030518,-0.0038007,0.0030518,2.5006,4.9789,0.00030518
0.010376,0.00045776,-0.0042758,0.0080872,2.5015,4.9789,0
-0.0010681,-0.0041199,-0.0038007,0.0071716,2.5,4.9789,0.00030518
0.0062561,-0.0057983,-0.0038007,-0.002594,2.5006,4.9783,0.00061035
0.014801,-0.007019,-0.0038007,-0.0094604,2.5021,4.9796,0.00030518
0.012054,-0.0065613,-0.0047509,-0.015106,2.5015,4.9796,-0.00030518
0.007782,-0.0073242,-0.0028506,-0.018158,2.5021,4.9789,0.00030518
0.0021362,-0.0076294,-0.0028506,-0.016632,2.5018,4.9796,0
-0.0012207,-0.0088501,-0.0042758,-0.015411,2.5003,4.9792,0
0.002594,-0.010529,-0.0047509,-0.016174,2.5015,4.9802,-0.00030518
0.016479,-0.0079346,-0.0047509,-0.019836,2.5015,4.9796,0
0.02121,-0.0036621,-0.0042758,-0.019989,2.5015,4.9783,0.00030518
0.022278,-0.00030518,-0.0042758,-0.017853,2.5018,4.9783,0
0.0090027,0.00045776,-0.0038007,-0.019836,2.5006,4.9774,-0.00091553
0.0019836,0.0010681,-0.0047509,-0.025024,2.5012,4.978,-0.00061035
0.0064087,0.0015259,-0.0047509,-0.027924,2.5012,4.9774,0.00030518
0.0022888,0.0018311,-0.0042758,-0.025787,2.5015,4.9783,0.00061035
0.0048828,0.0019836,-0.005226,-0.021973,2.5015,4.9783,0
0.011749,0.0032043,-0.0047509,-0.019836,2.5012,4.9783,0
0.0067139,0.0039673,-0.0038007,-0.016327,2.5015,4.9765,-0.00030518
0.0028992,0.0018311,-0.0038007,-0.011749,2.5018,4.9774,0.00030518
-0.00015259,-0.00030518,-0.0047509,-0.004425,2.5018,4.9774,0
-0.0015259,-0.00061035,-0.0038007,0.0030518,2.5012,4.978,0.00061035
0.028381,0.00076294,-0.0047509,0.0059509,2.5018,4.9777,0
0.078888,0.0027466,-0.0028506,0.0057983,2.5021,4.9777,0
0.091858,0.0039673,-0.0042758,0.0035095,2.5009,4.9786,0.00061035
0.045013,0.0053406,-0.0042758,0.00061035,2.5012,4.9792,-0.00091553
-0.0047302,0.0088501,-0.0042758,-0.00045776,2.5018,4.9783,-0.00030518
-0.0085449,0.0083923,-0.0047509,-0.0027466,2.5003,4.9789,0.00061035
-0.00030518,0.004425,-0.0042758,-0.0032043,2.5006,4.9792,-0.00030518
0.0064087,0.0010681,-0.0038007,0.0018311,2.5006,4.9799,0.00030518
0.0053406,-0.0015259,-0.0042758,0.0042725,2.5012,4.9786,0.00030518
0.0093079,-0.005188,-0.0033257,0.0022888,2.5018,4.9786,-0.00061035
0.032959,-0.010376,-0.0042758,0.0053406,2.5012,4.9792,-0.00030518
0.050964,-0.0080872,-0.0042758,0.0079346,2.5018,4.9796,0.00030518
0.04303,-0.0036621,-0.0028506,0.0094604,2.5006,4.9789,0.00030518
-0.00061035,-0.00091553,-0.0047509,0.013428,2.5015,4.9792,0
-0.025635,0.0016785,-0.0042758,0.016174,2.5021,4.9796,0.00061035
-0.020142,0.0038147,-0.0042758,0.013123,2.5027,4.9786,0.00030518
-0.010681,0.0038147,-0.0042758,0.010681,2.5012,4.9771,-0.00061035
0.0067139,0.005188,-0.0042758,0.0090027,2.5009,4.9786,0.00030518
0.033875,0.0061035,-0.0047509,0.0074768,2.5012,4.9789,-0.00061035
0.018768,0.0068665,-0.005226,0.0059509,2.5015,4.9786,0.00061035
-0.0068665,0.0067139,-0.005226,0.0042725,2.5009,4.9789,0.00061035
-0.012665,0.0079346,-0.0038007,0.0076294,2.5018,4.9796,0.00061035
-0.011139,0.0076294,-0.0042758,0.010071,2.5015,4.9789,0.00030518
-0.011902,0.0059509,-0.0047509,0.0097656,2.5009,4.9789,0.00030518
-0.014648,0.0016785,-0.0047509,0.0094604,2.5012,4.9796,0
-0.020294,-0.00015259,-0.0042758,0.0085449,2.5012,4.9792,0.00030518
-0.01358,-0.0027466,-0.0047509,0.0054932,2.5012,4.9792,0.00030518
0.00015259,-0.0035095,-0.0038007,0.0035095,2.5024,4.9786,0
-0.0057983,-0.0024414,-0.0042758,0.0062561,2.5018,4.9796,0.00030518
-0.02182,0.00045776,-0.0038007,0.013885,2.5009,4.9789,0
-0.026398,-0.0038147,-0.0042758,0.018005,2.5012,4.9786,0
-0.018311,-0.007019,-0.0038007,0.014954,2.5003,4.9792,0
-0.010529,-0.0068665,-0.0042758,0.0076294,2.5018,4.9792,0.00030518
-0.011597,-0.0057983,-0.0047509,0.0053406,2.5006,4.9789,-0.00030518
-0.021667,-0.0054932,-0.0033257,0.012054,2.5012,4.9796,-0.00030518
-0.0177,-0.0041199,-0.0042758,0.01358,2.5012,4.9783,-0.00030518
-0.0054932,-0.0048828,-0.0047509,0.011292,2.5012,4.9783,0.00030518
0.004425,-0.0027466,-0.005226,0.012817,2.5012,4.978,0.00030518
-0.0091553,0.00015259,-0.0033257,0.020447,2.5015,4.9796,-0.00061035
-0.030518,0.00015259,-0.0033257,0.024872,2.5009,4.9789,0.00061035
-0.033264,-0.00030518,-0.0038007,0.017242,2.5009,4.9786,0.00030518
-0.026398,-0.00061035,-0.0038007,0.010834,2.5012,4.9792,0.00030518
-0.02594,-0.00061035,-0.0042758,0.010681,2.5015,4.9789,0
-0.027161,-0.00045776,-0.0047509,0.010376,2.5006,4.9792,0
-0.030975,-0.00045776,-0.0042758,0.0068665,2.5015,4.9789,0.00061035
-0.032501,0.00045776,-0.0042758,0.007019,2.5015,4.9792,0
-0.016022,0.0027466,-0.0047509,0.0091553,2.5024,4.9796,0.00030518
0.016785,0.0035095,-0.005226,0.0067139,2.5015,4.9789,0.00030518
0.0048828,0.0027466,-0.0038007,0.0068665,2.5012,4.9789,-0.00030518
-0.010986,0.0021362,-0.0047509,0.0093079,2.5012,4.9792,0.00030518
-0.020752,0.00030518,-0.0047509,0.016174,2.5012,4.9792,-0.00030518
-0.01358,-0.00076294,-0.005226,0.019989,2.5018,4.9786,-0.00030518
0.005188,-0.0016785,-0.005226,0.019989,2.5018,4.9789,0.00030518
0.00061035,-0.0030518,-0.0042758,0.01236,2.5024,4.9789,0
-0.010529,-0.0016785,-0.005226,0.0061035,2.5,4.9796,0
-0.014801,-0.0010681,-0.0047509,0.0083923,2.5015,4.9783,0.00030518
0.0022888,0.00061035,-0.0042758,0.012665,2.5015,4.9777,-0.00030518
0.004425,0.0012207,-0.005226,0.0086975,2.5021,4.978,0.00030518
-0.016479,0.0016785,-0.0038007,-0.0048828,2.5003,4.9796,-0.00030518
-0.016022,0.0028992,-0.0047509,-0.012665,2.5018,4.9786,0
0.0068665,0.0065613,-0.0028506,-0.0068665,2.5012,4.9789,0.00091553
-0.015411,0.0085449,-0.0042758,0.0064087,2.5009,4.9792,0.00061035
-0.029755,0.0079346,-0.005226,0.021973,2.5003,4.9783,0
-0.024872,0.0045776,-0.0038007,0.027161,2.5018,4.9789,0
-0.017395,0.0022888,-0.005701,0.018463,2.5012,4.9796,-0.00030518
-0.01709,0.0018311,-0.0042758,0.011597,2.5012,4.9786,0.00030518
-0.016022,0.00045776,-0.0042758,0.014954,2.5009,4.9786,0.00030518
-0.0045776,0.00061035,-0.0047509,0.019684,2.5009,4.9799,0
-0.0028992,0.00015259,-0.005226,0.014191,2.5018,4.9777,-0.00030518
-0.0094604,-0.0019836,-0.0047509,0.0074768,2.5006,4.9783,0
-0.014191,-0.0053406,-0.0047509,0.0036621,2.5015,4.9777,0.00030518
-0.010834,-0.0047302,-0.005226,-0.0035095,2.5018,4.9777,-0.00030518
0.0012207,-0.00091553,-0.0028506,-0.010529,2.5009,4.9783,-0.00030518
0.0015259,0.0036621,-0.0038007,-0.0057983,2.5012,4.9786,0.00030518
-0.0042725,0.0076294,-0.005226,0.0079346,2.5015,4.9783,0.00030518
0.0035095,0.0085449,-0.005226,0.022583,2.5012,4.978,0
0.024719,0.010223,-0.005226,0.028839,2.5018,4.9777,0.00030518
0.053253,0.0061035,-0.0042758,0.019836,2.5009,4.9774,0.00030518
0.031128,-0.0010681,-0.0047509,0.007019,2.5012,4.9786,-0.00091553
-0.00091553,-0.0048828,-0.0038007,-0.002594,2.5024,4.9777,0.00030518
0.0042725,-0.004425,-0.0042758,-0.0064087,2.5009,4.978,0.00030518
0.011444,-0.0021362,-0.0047509,-0.00045776,2.5009,4.9774,0
0.0019836,0,-0.0042758,0.010223,2.5012,4.9777,-0.00030518
-0.012817,0.0015259,-0.005701,0.016022,2.5018,4.9792,0.00030518
-0.012207,0.0018311,-0.0042758,0.015869,2.5015,4.9789,-0.00030518
-0.010376,0.0016785,-0.005226,0.019684,2.5018,4.9792,0
-0.0097656,-0.00091553,-0.005226,0.028381,2.5003,4.9783,0.00030518
-0.0028992,-0.0039673,-0.005226,0.02655,2.5003,4.9789,0.00061035
0.0019836,-0.0022888,-0.005226,0.013275,2.5012,4.9789,0
0.0050354,-0.0038147,-0.0042758,0.0047302,2.5009,4.9789,0.00030518
0.0083923,-0.005188,-0.0042758,0.0097656,2.5031,4.9789,-0.00030518
0.0082397,-0.0057983,-0.0042758,0.018311,2.5021,4.9789,0.00061035
0.00015259,-0.007019,-0.0033257,0.019073,2.5021,4.9789,0.00030518
-0.002594,-0.0080872,-0.005226,0.016022,2.5003,4.9792,0.00030518
-0.002594,-0.0080872,-0.0038007,0.015717,2.5006,4.9789,-0.00061035
-0.0073242,-0.0080872,-0.005701,0.020142,2.5009,4.9789,0
-0.018311,-0.0039673,-0.0047509,0.023346,2.5018,4.9768,-0.00030518
0.007782,-0.0013733,-0.005226,0.011444,2.5018,4.9783,-0.00030518
0.021362,0.0032043,-0.0047509,-0.00045776,2.5021,4.9783,0
0.0082397,0.0056458,-0.0042758,0.0019836,2.5009,4.9789,0.00061035
-0.0015259,0.005188,-0.005226,0.010986,2.5009,4.9786,-0.00030518
-0.004425,0.0073242,-0.005226,0.010681,2.5015,4.9786,0
-0.0068665,0.0090027,-0.0047509,0.0041199,2.5015,4.9789,0.00091553
-0.0073242,0.0079346,-0.005226,0.004425,2.5015,4.9792,-0.00030518
0.00045776,0.0057983,-0.0038007,0.0064087,2.5021,4.9786,0.00030518
0.0088501,0.0028992,-0.005226,-0.0039673,2.5003,4.9792,0
0.016174,0.00076294,-0.0042758,-0.015564,2.5021,4.9786,-0.00061035
0.035553,-0.00045776,-0.0047509,-0.016937,2.5018,4.9792,-0.00061035
0.037231,-0.0032043,-0.0042758,-0.018921,2.5021,4.9796,0
0.030975,-0.0036621,-0.0042758,-0.017395,2.5021,4.9789,0
0.030365,-0.0033569,-0.0033257,-0.011444,2.5012,4.9789,0
0.0012207,-0.0019836,-0.0042758,-0.011292,2.5006,4.9783,0.00030518
-0.010376,-0.0035095,-0.0047509,-0.014954,2.5006,4.9796,-0.00030518
-0.0065613,-0.0042725,-0.0038007,-0.014801,2.5009,4.9796,0.00030518
-0.0059509,-0.0019836,-0.0042758,-0.0068665,2.5015,4.9789,-0.00061035
-0.013275,0.00076294,-0.0042758,0.0033569,2.5021,4.9802,-0.00061035
-0.019379,0.0012207,-0.0042758,0.0033569,2.5009,4.9792,0
-0.0097656,0.00061035,-0.0042758,-0.0018311,2.5018,4.9792,0.00030518
-0.012512,-0.00076294,-0.0047509,-0.0030518,2.5021,4.9792,0.00061035
-0.03067,-0.00061035,-0.0042758,-0.0036621,2.5018,4.9792,0.00030518
-0.030518,-0.0016785,-0.0047509,-0.004425,2.5024,4.9789,0
-0.005188,0.00091553,-0.0042758,-0.0032043,2.5009,4.9799,0.00030518
0.018921,0.0033569,-0.005226,0.0015259,2.5012,4.9792,0
0.019073,0.0053406,-0.0047509,0.010834,2.5021,4.9786,0.00061035
0.0050354,0.0065613,-0.0042758,0.016327,2.5015,4.9792,0.00030518
-0.010376,0.0067139,-0.005226,0.0091553,2.5018,4.9792,0.00030518
-0.019073,0.0065613,-0.0033257,0.00015259,2.5009,4.9783,0
-0.0053406,0.0067139,-0.005226,-0.00061035,2.5015,4.9792,0.00030518
0.0028992,0.004425,-0.0042758,0.0027466,2.5015,4.9796,0.00030518
0.004425,0.0035095,-0.005226,0.0064087,2.5021,4.9783,0
0.0038147,0.0038147,-0.0033257,0.01236,2.5006,4.9796,0.00061035
0.00030518,0.0015259,-0.0047509,0.019989,2.5021,4.9789,-0.00061035
-0.013123,0.0010681,-0.0047509,0.025024,2.5006,4.9792,-0.00030518
-0.019226,0.0056458,-0.0042758,0.023956,2.5018,4.9783,0
-0.019073,0.0053406,-0.005226,0.019379,2.5021,4.9789,0.00061035
-0.02182,0.0041199,-0.0042758,0.019073,2.5015,4.9792,0.00061035
-0.024719,0.0039673,-0.005701,0.020905,2.5006,4.978,0
-0.011444,0.0015259,-0.005226,0.02243,2.5031,4.9786,-0.00030518
-0.0086975,-0.0027466,-0.0047509,0.019836,2.5006,4.9792,0.00091553
-0.0079346,-0.0061035,-0.0047509,0.014343,2.5021,4.9783,-0.00030518
0.007019,-0.0065613,-0.005226,0.0038147,2.5009,4.9792,0.00030518
0.018921,-0.0041199,-0.0038007,-0.0028992,2.5012,4.9789,0.00030518
0.016327,-0.0022888,-0.0047509,-0.0045776,2.5012,4.9789,0
0.010681,-0.0019836,-0.0042758,-0.002594,2.5006,4.9789,-0.00030518
0.0099182,-0.0015259,-0.005226,-0.00030518,2.5015,4.9789,-0.00030518
0.010986,-0.0019836,-0.0042758,0.0041199,2.5006,4.9792,0.00061035
0.01358,-0.0030518,-0.0042758,0.0045776,2.5009,4.9792,0.00030518
0.027618,-0.0018311,-0.0047509,-0.0022888,2.5012,4.9802,0
0.034637,0.00045776,-0.0047509,-0.0085449,2.5021,4.9777,0.00030518
0.034943,-0.00091553,-0.0042758,-0.005188,2.5003,4.978,0.00030518
0.03006,-0.0038147,-0.005226,0.0038147,2.5018,4.9771,-0.00091553
0.015717,-0.0067139,-0.0047509,0.0068665,2.5006,4.9777,0.00061035
0.0038147,-0.005188,-0.0047509,0.0045776,2.5018,4.9783,0
-0.0019836,-0.0021362,-0.0047509,0.0045776,2.5018,4.978,0.00061035
-0.0073242,0.00045776,-0.0042758,0.0073242,2.5018,4.9774,-0.00061035
-0.0073242,0.00030518,-0.0042758,0.007019,2.5009,4.9789,-0.00030518
-0.0024414,0.00091553,-0.0042758,0.0056458,2.5015,4.9765,0.00030518
0.010986,0.0015259,-0.0042758,-0.00091553,2.5003,4.9783,0
0.0085449,0.00061035,-0.0047509,-0.0061035,2.5015,4.9771,0
0.0027466,-0.00030518,-0.005226,-0.0012207,2.5006,4.978,0
0.0036621,-0.0032043,-0.0038007,0.011292,2.5021,4.9783,0.00030518
-0.004425,-0.0036621,-0.005226,0.023804,2.5015,4.9774,-0.00061035
-0.010071,-0.0016785,-0.005226,0.023346,2.5012,4.978,0.00030518
-0.0065613,0.00045776,-0.0038007,0.011292,2.5015,4.9789,0.00030518
-0.0013733,0.0016785,-0.0047509,-0.0062561,2.5012,4.9786,0.00030518
0.00061035,0.0018311,-0.0047509,-0.013733,2.5009,4.9792,0
-0.0018311,0.002594,-0.0047509,-0.010376,2.5021,4.9792,0
0.0061035,0.0038147,-0.0047509,-0.0064087,2.5021,4.9783,-0.00030518
0.0016785,0.0027466,-0.0042758,-0.00015259,2.5012,4.978,0
-0.013885,-0.00030518,-0.0042758,0.011749,2.5024,4.9783,-0.00030518
-0.017853,0.0012207,-0.0038007,0.019684,2.5012,4.9789,-0.00061035
-0.01297,0.0045776,-0.0047509,0.018158,2.5009,4.9789,-0.00061035
-0.013123,0.0041199,-0.0028506,0.014801,2.5015,4.9792,0
-0.0177,0.0021362,-0.0047509,0.012207,2.5015,4.9789,0.00030518
-0.014343,0.00045776,-0.0038007,0.0083923,2.4997,4.9792,0.00030518
-0.011292,-0.00045776,-0.005226,0.0048828,2.5015,4.9783,0.00030518
-0.018311,-0.0016785,-0.005226,0.00015259,2.5015,4.9783,0.00030518
-0.007782,-0.0041199,-0.0047509,-0.0082397,2.5012,4.9792,0.00030518
-0.00045776,-0.0038147,-0.0047509,-0.015717,2.5006,4.9783,0
0.0016785,-0.0032043,-0.0047509,-0.011749,2.5027,4.9783,0.00061035
0.0057983,-0.00061035,-0.0042758,0.00061035,2.5009,4.9792,0
0.01236,-0.00030518,-0.0047509,0.00015259,2.5015,4.9792,-0.00030518
0.020752,-0.0030518,-0.0042758,-0.010376,2.5006,4.9802,0
0.022583,-0.0062561,-0.0047509,-0.018005,2.5009,4.9789,0.00030518
0.024109,-0.0064087,-0.0042758,-0.014954,2.5021,4.9792,-0.00030518
0.020294,-0.0047302,-0.0047509,-0.011749,2.5015,4.9799,-0.00030518
0.007019,-0.004425,-0.0047509,-0.0083923,2.5021,4.9789,-0.00030518
0.012512,-0.0053406,-0.0033257,-0.0041199,2.5009,4.9792,0
0.02243,-0.0041199,-0.0047509,0.0012207,2.5003,4.9796,0
0.033264,-0.00076294,-0.005226,0.0010681,2.5012,4.9802,0.00030518
0.034943,0.0024414,-0.005226,-0.0045776,2.5015,4.9792,0
0.02533,0.0024414,-0.0042758,-0.0062561,2.5009,4.9792,0
0.031281,0.00045776,-0.0042758,-0.0012207,2.5015,4.9786,-0.00061035
0.014648,0.00061035,-0.0042758,0.0082397,2.5012,4.9796,0.00030518
-0.0086975,0.0028992,-0.0028506,0.013885,2.5015,4.9796,0
-0.014038,0.0064087,-0.0038007,0.013733,2.5015,4.9792,0.00030518
-0.011139,0.0083923,-0.0042758,0.010834,2.5012,4.9792,0
-0.0035095,0.0065613,-0.0042758,0.010834,2.5012,4.9805,0.00061035
-0.0054932,0.0024414,-0.0042758,0.014191,2.5015,4.9796,0
0.002594,-0.0028992,-0.0047509,0.015106,2.5015,4.9796,0.00030518
-0.007019,-0.0048828,-0.0042758,0.010681,2.5012,4.9783,0
-0.009613,-0.0042725,-0.0047509,0.0064087,2.5009,4.9792,0.00061035
0.00091553,-0.0062561,-0.0038007,0.013275,2.5009,4.9786,0.00030518
0.016174,-0.0062561,-0.0047509,0.026093,2.5009,4.9789,0.00030518
0.013428,-0.0059509,-0.0042758,0.027161,2.5012,4.9789,-0.00030518
-0.00045776,-0.0039673,-0.0042758,0.018921,2.5018,4.9792,0.00030518
-0.0094604,-0.0030518,-0.0042758,0.007019,2.5012,4.9786,0.00030518
-0.0015259,-0.00076294,-0.0038007,0.0035095,2.5015,4.978,0
-0.002594,0.002594,-0.0042758,0.013733,2.5012,4.9799,0.00030518
-0.010681,0.0027466,-0.0047509,0.024567,2.5012,4.9783,0
-0.011749,0.0019836,-0.0038007,0.016327,2.5024,4.9796,0
-0.0018311,0.0015259,-0.0033257,0.0074768,2.5009,4.9786,0
0.005188,0.0028992,-0.0047509,0.010223,2.5012,4.9792,0
0.0056458,0.002594,-0.0047509,0.01358,2.5015,4.9786,0.00061035
0.004425,0.004425,-0.005226,0.010681,2.5015,4.9783,0.00061035
-0.0013733,0.0064087,-0.0042758,0.0067139,2.5015,4.9786,0
-0.005188,0.0091553,-0.0042758,0.0083923,2.5018,4.9786,-0.00030518
0.0057983,0.0099182,-0.005226,0.0094604,2.5018,4.9774,0.00030518
0.0022888,0.0090027,-0.0038007,0.0041199,2.5009,4.9786,0
-0.013275,0.0079346,-0.005226,0.00015259,2.5006,4.9796,0.00061035
-0.019379,0.007019,-0.0042758,0.0057983,2.5009,4.9792,0
-0.0091553,0.0079346,-0.005226,0.02121,2.5003,4.9789,0
0.0010681,0.007019,-0.0047509,0.023193,2.5015,4.9789,-0.00030518
-0.0012207,0.0041199,-0.0042758,0.016785,2.5009,4.9792,0.00061035
-0.009613,-0.00030518,-0.0042758,0.010986,2.5018,4.9789,0
0.0038147,-0.0038147,-0.005226,0.0056458,2.5003,4.9796,-0.00030518
0.0067139,-0.0067139,-0.0038007,0.004425,2.5024,4.9792,0.00030518
-0.0057983,-0.0088501,-0.0033257,0.011444,2.5006,4.9792,0
-0.018311,-0.011292,-0.005226,0.017242,2.5018,4.9789,0.00061035
-0.01236,-0.0088501,-0.0047509,0.012817,2.5018,4.9774,0.00030518
0.0033569,-0.0038147,-0.005226,0.0062561,2.5018,4.9783,0
0.02655,0.0015259,-0.0047509,0.0062561,2.5021,4.9783,0
0.012665,0.002594,-0.005226,0.0065613,2.5006,4.9777,-0.00091553
-0.0030518,-0.00061035,-0.0042758,-0.00015259,2.5012,4.978,-0.00030518
0.0036621,0.00015259,-0.0047509,0.0010681,2.5009,4.9789,0
-0.010834,0.0010681,-0.0038007,0.01297,2.5015,4.978,-0.00061035
-0.031433,0.0027466,-0.0047509,0.017853,2.5012,4.9759,0.00030518
-0.019379,0.0053406,-0.0042758,0.01297,2.5015,4.9774,0
0.0013733,0.0048828,-0.0038007,0.0027466,2.5009,4.9774,0.00030518
0.037384,0.0032043,-0.0038007,-0.0062561,2.5006,4.9774,0.00030518
0.019073,0.0019836,-0.0038007,-0.0082397,2.5015,4.9774,-0.00030518
-0.007782,0.0041199,-0.0047509,-0.010376,2.5021,4.9774,0
-0.0090027,0.0047302,-0.0038007,-0.015106,2.5015,4.9783,0
-0.0053406,0.0019836,-0.0042758,-0.014496,2.5015,4.9792,0
-0.016022,0,-0.0047509,-0.0099182,2.5018,4.9789,0.00061035
-0.025482,-0.00030518,-0.0047509,-0.0068665,2.5015,4.9792,-0.00030518
-0.029755,-0.00076294,-0.0042758,-0.0059509,2.5015,4.9792,0
-0.016632,-0.00045776,-0.005226,-0.0059509,2.5009,4.9783,0.00030518
-0.016937,0.00045776,-0.0042758,-0.0082397,2.5012,4.9789,0
-0.024261,0.0015259,-0.0047509,-0.0074768,2.5024,4.9792,0
-0.023041,0.0018311,-0.0042758,-0.0097656,2.5006,4.9783,0
-0.011139,0.00045776,-0.0042758,-0.014191,2.5015,4.9792,0.00061035
-0.0080872,-0.00045776,-0.005226,-0.018311,2.5012,4.9796,0.00030518
-0.013733,0.00076294,-0.005226,-0.011444,2.5015,4.978,0.00030518
-0.013123,0.0042725,-0.0047509,0.00061035,2.5021,4.9786,0
-0.0012207,0.0047302,-0.0047509,0.0048828,2.5018,4.9796,-0.00030518
-0.0032043,0.0057983,-0.0042758,0.0053406,2.5021,4.978,-0.00061035
-0.0028992,0.0062561,-0.0047509,0.0061035,2.5024,4.9792,-0.00030518
-0.0042725,0.0039673,-0.005226,0.0065613,2.5012,4.9792,-0.00030518
-0.0068665,0.0021362,-0.0042758,0.0097656,2.5021,4.9786,0
-0.018311,0.0045776,-0.005701,0.015869,2.5009,4.9792,0
-0.020447,0.0086975,-0.005226,0.018158,2.5012,4.9792,-0.00030518
-0.015564,0.0082397,-0.0047509,0.018311,2.5018,4.9789,0
-0.016937,0.007019,-0.005701,0.020905,2.5009,4.9792,0.00030518
-0.011902,0.0079346,-0.0038007,0.017395,2.4997,4.9796,0.00030518
-0.0036621,0.0061035,-0.0047509,0.0010681,2.5012,4.9792,-0.00061035
-0.0062561,0.0033569,-0.0038007,-0.01236,2.5018,4.9792,0
0.0057983,0.0019836,-0.005226,-0.017395,2.5006,4.9789,-0.00030518
0.002594,0.00061035,-0.0042758,-0.012817,2.5009,4.9789,0.00030518
-0.012665,0.00091553,-0.0042758,0.00076294,2.5012,4.9789,-0.00061035
-0.020294,0.0013733,-0.0047509,0.016174,2.5015,4.9792,0.00030518
-0.014648,-0.0010681,-0.005226,0.019836,2.5006,4.9792,-0.00030518
-0.011139,-0.0024414,-0.0047509,0.01709,2.5015,4.9786,0.00061035
-0.010834,-0.0032043,-0.0042758,0.017853,2.5018,4.9792,-0.00030518
0.015411,-0.0016785,-0.0061761,0.018463,2.5012,4.9792,-0.00091553
0.012817,0.0013733,-0.005226,0.015106,2.5012,4.9792,-0.00030518
-0.02243,0.0022888,-0.0042758,0.010071,2.5015,4.978,0.00030518
-0.013733,0.00061035,-0.0047509,0.004425,2.5009,4.9789,-0.00030518
0.0016785,-0.00045776,-0.0047509,0.0030518,2.5024,4.9786,0
-0.0056458,-0.00030518,-0.0047509,0.0035095,2.5006,4.9783,0
-0.020142,-0.0019836,-0.0042758,0.0035095,2.5018,4.9783,0.00061035
-0.031128,-0.002594,-0.0061761,0.0094604,2.5012,4.9783,0
-0.037384,0.00030518,-0.0038007,0.02121,2.5012,4.9786,0
-0.040436,0.0045776,-0.005226,0.021667,2.5006,4.9783,0
-0.038757,0.0050354,-0.005226,0.019379,2.5015,4.9792,0.00030518
-0.034027,0.0045776,-0.0047509,0.021515,2.5015,4.9792,0.00061035
-0.030365,0.0064087,-0.0038007,0.019684,2.5015,4.9783,0.00061035
-0.022583,0.0085449,-0.0042758,0.021057,2.5012,4.9799,0.00030518
-0.02594,0.0090027,-0.0038007,0.030212,2.5012,4.9796,0.00030518
-0.024872,0.0062561,-0.005226,0.039063,2.5021,4.978,0.00030518
-0.016174,0.0047302,-0.005226,0.03952,2.5012,4.9792,-0.00030518
-0.0027466,0.0030518,-0.0047509,0.032654,2.5015,4.9783,0.00091553
0.0016785,0.0057983,-0.0047509,0.027771,2.4951,4.9786,0.00030518
-0.0088501,0.0041199,-0.0038007,0.031891,2.5018,4.9783,0.00091553
-0.019226,0.0027466,-0.0042758,0.0354,2.5012,4.9786,0
-0.013275,0.0033569,-0.0038007,0.023804,2.5009,4.9789,-0.00030518
0.004425,0.0013733,-0.0042758,0.013428,2.5003,4.9768,-0.00030518
0.050201,-0.0027466,-0.0038007,0.013733,2.5009,4.9792,0.00030518
0.048065,-0.0091553,-0.005226,0.018158,2.5012,4.9786,0
-0.0041199,-0.013428,-0.0038007,0.019073,2.5012,4.9796,0.00030518
-0.025787,-0.014801,-0.0042758,0.018921,2.5015,4.9796,0.00030518
-0.016022,-0.011444,-0.0042758,0.018463,2.5009,4.9789,0.00030518
-0.014191,-0.0073242,-0.0042758,0.02243,2.5015,4.9792,0.00061035
-0.014191,-0.0045776,-0.0047509,0.028229,2.5021,4.9796,0.00030518
-0.0085449,0.00030518,-0.0047509,0.03006,2.5015,4.9789,0
-0.0057983,0.0035095,-0.0047509,0.028381,2.5018,4.9792,-0.00030518
0.0080872,0.0039673,-0.0047509,0.028381,2.5021,4.9783,0
0.026093,0.0056458,-0.0047509,0.027466,2.5003,4.9802,0.0012207
0.041351,0.0036621,-0.0042758,0.02243,2.5009,4.9789,0
0.0080872,0.0036621,-0.0038007,0.020294,2.5012,4.9783,-0.00030518
-0.0048828,0.0028992,-0.0038007,0.022583,2.5021,4.978,0
0.011139,-0.0016785,-0.0042758,0.023041,2.5015,4.978,0.00061035
0.034332,-0.0047302,-0.0047509,0.019379,2.5009,4.9786,-0.00030518
0.028076,-0.0056458,-0.0042758,0.011597,2.5018,4.978,0.00030518
0.023193,-0.004425,-0.0047509,0.004425,2.5018,4.9774,-0.00030518
0.024414,-0.0019836,-0.0042758,0.0061035,2.5006,4.9777,0.00061035
0.011902,-0.0019836,-0.0047509,0.013428,2.5006,4.9771,0.00030518
0.0053406,-0.0027466,-0.0047509,0.024719,2.5003,4.978,-0.00030518
0.0018311,-0.004425,-0.0047509,0.024261,2.5021,4.9786,0.00030518
0.0080872,-0.0065613,-0.0047509,0.01297,2.5018,4.9783,0
0.0094604,-0.0064087,-0.0042758,0.0076294,2.5003,4.978,0.00030518
0.013428,-0.0047302,-0.0047509,0.01236,2.5006,4.9777,-0.00061035
0.007782,-0.0019836,-0.0042758,0.0177,2.5012,4.978,0
0.0035095,-0.00091553,-0.0042758,0.016327,2.5012,4.9786,0.00061035
0.0067139,-0.0028992,-0.0047509,0.016327,2.5009,4.9786,0
0.013123,-0.0065613,-0.005701,0.016479,2.5018,4.9789,0
0.01358,-0.0048828,-0.0042758,0.015259,2.5003,4.9792,0
0.022736,0.00015259,-0.0042758,0.016479,2.5015,4.9792,0.00061035
0.028534,0.0047302,-0.0042758,0.017853,2.5009,4.9786,-0.00061035
0.023956,0.0065613,-0.005226,0.019379,2.5012,4.9789,0.00030518
0.016479,0.0053406,-0.0047509,0.020599,2.5018,4.9783,0.00061035
0.0059509,0.0041199,-0.0047509,0.021057,2.5015,4.978,0.00030518
0.0016785,0.0042725,-0.0042758,0.019989,2.5018,4.9792,0
0.0024414,0.0056458,-0.0042758,0.019379,2.5012,4.9799,0
0.0059509,0.0039673,-0.0042758,0.020447,2.5015,4.9786,-0.00061035
0.0048828,0.0032043,-0.0042758,0.018005,2.5006,4.9789,0.00030518
0.002594,0.0012207,-0.0047509,0.014191,2.5015,4.9774,0
0.01236,-0.0013733,-0.0042758,0.010071,2.5012,4.9783,0
0.0091553,-0.0012207,-0.0038007,0.010986,2.5012,4.9786,-0.00030518
0.0019836,-0.00076294,-0.0047509,0.013885,2.5009,4.9786,-0.00061035
0.0013733,0.00015259,-0.0042758,0.0093079,2.5015,4.9786,-0.00030518
0.0073242,0.0041199,-0.0047509,-0.00030518,2.5006,4.9792,0.00030518
0.010834,0.0073242,-0.0042758,-0.004425,2.5012,4.978,0.00030518
0.0093079,0.0086975,-0.0047509,-0.0059509,2.5012,4.9786,-0.00030518
0.010376,0.0053406,-0.005226,-0.0093079,2.5021,4.9792,-0.00061035
0.013733,0.00091553,-0.0042758,-0.013428,2.5006,4.9805,-0.00030518
0.01297,-0.00015259,-0.0042758,-0.014496,2.5018,4.9792,0.00030518
0.023041,-0.00076294,-0.0047509,-0.012817,2.5009,4.9796,0.00030518
0.023041,0.0032043,-0.005226,-0.018463,2.5009,4.9792,0
0.01236,0.0047302,-0.0047509,-0.024109,2.5018,4.9786,0
0.01297,0.0033569,-0.0047509,-0.024567,2.5012,4.9799,0
0.0177,-0.00045776,-0.0047509,-0.020905,2.5018,4.9792,0
0.040283,-0.0053406,-0.005226,-0.016785,2.5009,4.9792,0
0.046844,-0.0073242,-0.0047509,-0.012817,2.5009,4.9799,-0.00030518
0.027924,-0.007782,-0.0038007,-0.014191,2.5003,4.9796,0
0.025787,-0.0064087,-0.0033257,-0.012512,2.5018,4.9789,0.00030518
0.03067,-0.0082397,-0.0042758,-0.0085449,2.5015,4.9783,0
0.03418,-0.010071,-0.0047509,-0.012817,2.5015,4.9792,-0.00030518
0.03006,-0.0093079,-0.0042758,-0.020447,2.5012,4.9786,0.00030518
0.019226,-0.0068665,-0.0047509,-0.020447,2.5015,4.9789,-0.00061035
0.0061035,-0.0035095,-0.0047509,-0.011139,2.5015,4.9789,0.00061035
0.0022888,-0.0024414,-0.0042758,-0.0073242,2.5012,4.9792,0.00030518
0.00076294,-0.00091553,-0.0042758,-0.0097656,2.5012,4.9792,-0.00030518
0.0015259,0.0024414,-0.005226,-0.016632,2.5021,4.9786,0
0.0073242,0.0036621,-0.0047509,-0.027618,2.5009,4.9789,0
0.0071716,0.004425,-0.0042758,-0.030212,2.5015,4.9786,0
-0.0012207,0.0028992,-0.0047509,-0.01709,2.5012,4.9786,0
-0.0038147,0.00076294,-0.0047509,-0.0013733,2.5015,4.9789,0.00061035
0,-0.0012207,-0.0042758,0.0030518,2.5006,4.9786,0.00030518
0.027008,-0.0027466,-0.0047509,0.0019836,2.5009,4.9789,0
0.0354,-0.0032043,-0.0047509,-0.0015259,2.5009,4.9783,-0.00030518
0.0033569,-0.0042725,-0.0042758,-0.0033569,2.5012,4.9796,0.00030518
-0.010529,-0.002594,-0.0038007,-0.007019,2.5009,4.9786,0.00030518
-0.010529,0.00030518,-0.005226,-0.01236,2.5009,4.9792,0.00030518
-0.012817,0,-0.0042758,-0.017395,2.5015,4.9786,0.00061035
-0.015411,0.00076294,-0.005226,-0.019073,2.5018,4.9789,0
-0.018768,0.0013733,-0.005226,-0.015717,2.5012,4.9774,0
-0.0083923,0.0015259,-0.0042758,-0.010223,2.5006,4.9789,0.00030518
-0.0045776,0.00045776,-0.0038007,-0.0053406,2.5006,4.9786,0.00061035
-0.010834,-0.00015259,-0.0047509,-0.0061035,2.5024,4.9799,-0.00061035
-0.012207,-0.0019836,-0.0047509,-0.0091553,2.5018,4.9796,-0.00061035
-0.0071716,-0.002594,-0.0042758,-0.014038,2.5018,4.9789,-0.00030518
-0.0035095,-0.0016785,-0.0038007,-0.019531,2.5012,4.9786,0.00030518
-0.0042725,0.00015259,-0.0047509,-0.021667,2.5009,4.9792,0.00030518
-0.0042725,0.0028992,-0.0042758,-0.02182,2.5015,4.978,0.00030518
0.002594,0.002594,-0.0042758,-0.026245,2.5012,4.9799,0.00030518
0.0018311,0.0015259,-0.0042758,-0.03067,2.5006,4.9792,0.00030518
0.0062561,0.0018311,-0.0047509,-0.035095,2.5009,4.9792,0
-0.0042725,0.0013733,-0.0042758,-0.041199,2.5018,4.9792,0
-0.013428,0.00061035,-0.0038007,-0.042114,2.5015,4.9771,0.00030518
-0.014801,-0.00045776,-0.0047509,-0.04303,2.5015,4.9786,0.00030518
-0.012665,0.0016785,-0.0047509,-0.045471,2.5006,4.9783,0.00030518
-0.010834,0.0038147,-0.005226,-0.04425,2.5021,4.9777,0.00030518
-0.012512,0.0042725,-0.0042758,-0.03891,2.5015,4.9774,0.00030518
-0.011902,0.0032043,-0.0047509,-0.032043,2.5018,4.9777,-0.00030518
-0.0085449,0.0032043,-0.0047509,-0.027313,2.5006,4.9786,0
-0.012817,0.0013733,-0.0042758,-0.027008,2.5018,4.978,0.00091553
-0.01358,-0.00030518,-0.0047509,-0.027618,2.5,4.9777,0
-0.019379,-0.00076294,-0.0042758,-0.027313,2.5015,4.9777,0
-0.022583,0.00061035,-0.0038007,-0.02533,2.5009,4.9777,0.00030518
-0.020294,0.0012207,-0.0047509,-0.021667,2.5018,4.9777,-0.00030518
-0.015564,0.0030518,-0.0033257,-0.018463,2.5012,4.9777,0.00030518
-0.010681,0.0039673,-0.0047509,-0.020142,2.5015,4.9783,0
-0.0050354,0.0041199,-0.005226,-0.018005,2.5006,4.9789,0.00030518
-0.0013733,0.0041199,-0.0047509,-0.0062561,2.5021,4.9786,-0.00030518
-0.0099182,0.0080872,-0.0042758,0.0021362,2.5006,4.9789,0.00030518
-0.022125,0.0097656,-0.0042758,-0.0013733,2.5021,4.9789,0
-0.014648,0.0080872,-0.0038007,-0.0073242,2.5018,4.9789,-0.00061035
-0.0074768,0.0059509,-0.005226,-0.0090027,2.5012,4.9789,0
-0.0080872,0.00076294,-0.0047509,-0.0064087,2.5021,4.9783,0.00030518
-0.0059509,-0.0048828,-0.0047509,-0.0019836,2.5015,4.9786,0
0.007782,-0.0088501,-0.0038007,0.00091553,2.5015,4.9786,0
0.019836,-0.0088501,-0.0047509,0.0041199,2.5012,4.9792,0.00030518
0.0016785,-0.0082397,-0.0042758,0.0071716,2.5015,4.9796,0.00030518
-0.010986,-0.0080872,-0.0042758,0.0076294,2.5006,4.9786,-0.00030518
0.0016785,-0.0057983,-0.0038007,0.0085449,2.5015,4.9796,0.00030518
0.0018311,-0.0048828,-0.0042758,0.010223,2.5003,4.9783,-0.00061035
-0.010376,-0.0065613,-0.0042758,0.015869,2.5018,4.9789,0.00030518
-0.020142,-0.0093079,-0.0042758,0.019531,2.5012,4.9789,0
-0.012665,-0.0061035,-0.0042758,0.011902,2.5015,4.9789,0
-0.0032043,-0.0024414,-0.0038007,0.0041199,2.5015,4.9786,-0.00030518
-0.00061035,-0.0012207,-0.0042758,0.0048828,2.5015,4.9786,0.00030518
-0.010223,0.00030518,-0.005226,0.012512,2.5018,4.9792,0
-0.018005,0.0016785,-0.0042758,0.015869,2.5021,4.9789,0
-0.018311,0.00030518,-0.0042758,0.016174,2.5006,4.9786,0.00030518
-0.020142,-0.00015259,-0.0042758,0.013428,2.5024,4.9796,-0.00061035
-0.023193,0.0019836,-0.0042758,0.011444,2.5009,4.9796,0.00030518
-0.011139,0.0036621,-0.0038007,0.0086975,2.5012,4.9783,-0.00030518
-0.0042725,0.0028992,-0.005226,0.0057983,2.5009,4.9789,0.00030518
-0.0047302,0.0019836,-0.0047509,0.00030518,2.5012,4.9796,0.00061035
-0.009613,0.0021362,-0.0047509,0.0010681,2.5009,4.9792,0.00061035
-0.018921,0.0027466,-0.0042758,0.0088501,2.5015,4.9792,0
-0.018463,0.0048828,-0.0028506,0.010986,2.5012,4.9796,0.00030518
-0.010529,0.0048828,-0.0047509,0.0027466,2.5009,4.9786,0.00091553
-0.007782,0.0036621,-0.0042758,0.0018311,2.5015,4.9796,-0.00030518
-0.015411,0.0021362,-0.0042758,0.011749,2.5009,4.9802,-0.00030518
-0.016937,0.0028992,-0.0047509,0.017242,2.5027,4.9771,0
-0.0022888,0.0039673,-0.0042758,0.011749,2.5024,4.9789,0.00061035
0.0064087,0.0030518,-0.005226,0.0057983,2.5015,4.9792,0.00091553
0.005188,0.00076294,-0.0047509,0.0085449,2.5015,4.9783,0
0.0050354,-0.0028992,-0.0042758,0.013123,2.5015,4.9789,0
0.0047302,-0.0024414,-0.0047509,0.012207,2.5006,4.9789,-0.00030518
0.0038147,-0.00030518,-0.0038007,0.0082397,2.5003,4.9789,-0.00030518
0.0056458,0.00015259,-0.0047509,0.0064087,2.5015,4.9799,0.00030518
0.010223,-0.00045776,-0.0047509,0.00030518,2.5021,4.9792,0.00061035
0.010529,-0.00076294,-0.0042758,-0.0062561,2.5021,4.9792,0.00030518
0.005188,-0.00076294,-0.0038007,-0.005188,2.5009,4.9796,0
0.0065613,0.00045776,-0.0047509,0.00091553,2.5021,4.9792,0.00030518
0.015717,0.0013733,-0.0042758,0.0013733,2.5012,4.9783,0.00030518
0.030975,0.0013733,-0.0038007,0.00045776,2.5003,4.9789,0.00030518
0.037689,0.0032043,-0.0038007,-0.00061035,2.5018,4.9783,0.00061035
0.046082,0.0050354,-0.0042758,0.0016785,2.5018,4.9786,0.00030518
0.023956,0.0064087,-0.0038007,0.012512,2.5018,4.9789,0.00061035
-0.010834,0.0065613,-0.0038007,0.016479,2.5009,4.9796,0.00030518
-0.012512,0.0065613,-0.005226,0.018768,2.5012,4.9796,0.00061035
-0.0085449,0.0068665,-0.0047509,0.022583,2.5018,4.978,0.00030518
-0.0062561,0.0054932,-0.0042758,0.023193,2.5009,4.978,0.00030518
-0.010681,0.0019836,-0.0019004,0.022278,2.5009,4.9792,0.00030518
-0.014496,-0.00015259,-0.0033257,0.022125,2.5015,4.9792,-0.00030518
-0.0053406,-0.00076294,-0.0038007,0.022888,2.5003,4.9786,0.00030518
0.0082397,-0.0032043,-0.005226,0.019989,2.5012,4.9792,0
0.018463,-0.0035095,-0.0042758,0.015717,2.5015,4.9796,0.00030518
0.00015259,-0.0022888,-0.0038007,0.011139,2.5009,4.9792,0.00030518
-0.010834,0,-0.0042758,0.009613,2.5018,4.9789,-0.00030518
-0.00015259,0.00030518,-0.0038007,0.009613,2.5018,4.9796,-0.00030518
0.022583,-0.00061035,-0.005226,0.010986,2.5003,4.9786,0.00030518
0.010834,-0.00061035,-0.005226,0.010986,2.5015,4.9805,0.00030518
-0.00045776,0.00015259,-0.0042758,0.0082397,2.5006,4.9789,0.00030518
0.005188,0.00045776,-0.0038007,0.00015259,2.5009,4.9786,0.00030518
0.0059509,-0.00045776,-0.0042758,0.00015259,2.5018,4.9786,-0.00030518
0.0062561,0.00091553,-0.0038007,0.0062561,2.5009,4.9786,-0.00030518
-0.0012207,0.002594,-0.0042758,0.010223,2.5015,4.978,0.00030518
-0.021667,0.0050354,-0.0042758,0.011444,2.5018,4.978,0.00030518
-0.026703,0.0053406,-0.0042758,0.012665,2.5012,4.9789,0
-0.0097656,0.00045776,-0.0038007,0.015717,2.5012,4.9783,-0.00061035
0.00030518,-0.0012207,-0.0042758,0.019073,2.5015,4.9796,0
-0.0085449,0.00015259,-0.0038007,0.018616,2.5012,4.9765,-0.00061035
-0.0083923,0.0024414,-0.0042758,0.015259,2.5018,4.9771,0.00091553
-0.015106,0,-0.0042758,0.01709,2.5009,4.9777,-0.00030518
-0.023041,-0.0024414,-0.0038007,0.023804,2.5012,4.978,0.00030518
-0.025787,-0.0032043,-0.0028506,0.031433,2.5009,4.9771,0.00030518
-0.028534,-0.0030518,-0.0042758,0.036011,2.5015,4.9768,-0.00030518
-0.025177,-0.00061035,-0.0047509,0.036926,2.5009,4.9792,-0.00030518
-0.019379,0,-0.0042758,0.028839,2.5015,4.9789,0
-0.0177,-0.00030518,-0.0042758,0.020599,2.5012,4.9786,0
-0.019073,0.0018311,-0.0028506,0.017242,2.5006,4.9786,0
-0.012207,0.0038147,-0.0047509,0.011749,2.5006,4.9802,-0.00030518
-0.0018311,0.0027466,-0.005701,0.0059509,2.5018,4.9792,0.00091553
-0.0027466,0.0030518,-0.005226,0.010071,2.5009,4.9796,0
-0.0028992,0.0039673,-0.0047509,0.022736,2.5018,4.9789,-0.00030518
0.0032043,0.0041199,-0.0047509,0.028381,2.5006,4.9796,0.00091553
0.012054,0.0028992,-0.0042758,0.020447,2.5018,4.9792,-0.00091553
0.020599,0.00076294,-0.0047509,0.011139,2.5009,4.9789,0.00030518
0.0057983,0.00091553,-0.0038007,0.0091553,2.5015,4.9796,0.00030518
-0.0056458,0.0030518,-0.0038007,0.015869,2.5009,4.978,-0.00030518
-0.011139,0.0027466,-0.0047509,0.023193,2.5015,4.9786,0.00061035
-0.017395,0.0021362,-0.0042758,0.02533,2.5015,4.9774,0.00030518
-0.0074768,-0.0019836,-0.0038007,0.02243,2.5,4.9796,0.00030518
-0.00015259,-0.0047302,-0.0042758,0.018311,2.5006,4.9792,0.00030518
-0.0018311,-0.0042725,-0.0047509,0.016174,2.5015,4.9789,0
-0.0065613,-0.0019836,-0.005226,0.018616,2.5009,4.9783,0.00030518
-0.0079346,-0.0018311,-0.0038007,0.022888,2.5015,4.9792,0.0012207
-0.010529,-0.0028992,-0.0042758,0.026855,2.5012,4.9792,0.00030518
-0.0086975,-0.0013733,-0.0042758,0.024872,2.5012,4.9796,0.00091553
-0.0016785,-0.0010681,-0.0042758,0.016479,2.5015,4.9789,0
-0.004425,-0.0016785,-0.0028506,0.01297,2.5015,4.9799,0
-0.0088501,-0.0032043,-0.0042758,0.01358,2.5015,4.978,-0.00030518
0.0047302,-0.00030518,-0.0038007,0.01358,2.5018,4.9802,0.00030518
0.0091553,0.0012207,-0.0047509,0.013123,2.5012,4.9799,0
-0.00076294,0.0032043,-0.0038007,0.018158,2.5012,4.9792,-0.00030518
-0.009613,0.0039673,-0.0047509,0.025024,2.5015,4.9799,0.00030518
-0.0071716,0.0027466,-0.0042758,0.025635,2.5006,4.9786,-0.00030518
0.0021362,0.0033569,-0.0042758,0.019836,2.5018,4.9792,0
0.010834,0.0038147,-0.0047509,0.018616,2.5009,4.9805,-0.00030518
0.0099182,0.002594,-0.0047509,0.024719,2.5018,4.9796,0
0.0016785,0.0021362,-0.0028506,0.032196,2.5009,4.9796,-0.00030518
-0.0076294,0.0032043,-0.0061761,0.033875,2.5018,4.978,0.00030518
-0.0036621,0.005188,-0.0038007,0.032959,2.5006,4.9792,0.00030518
-0.010986,0.0053406,-0.0047509,0.035858,2.5012,4.9792,0
-0.016632,0.0057983,-0.0038007,0.03952,2.5012,4.9789,0
-0.013733,0.0062561,-0.0042758,0.03952,2.5021,4.9786,-0.00030518
-0.0042725,0.002594,-0.0033257,0.0354,2.5015,4.9792,0.00030518
-0.002594,-0.0013733,-0.0047509,0.030823,2.5009,4.9786,0.00030518
-0.010529,-0.0028992,-0.0042758,0.027466,2.5012,4.9789,0.00030518
-0.0088501,-0.00061035,-0.0038007,0.02533,2.5024,4.9796,0.00030518
-0.0094604,0.0012207,-0.0033257,0.023346,2.5012,4.9789,0
-0.014954,-0.0010681,-0.005226,0.020294,2.5018,4.9796,0.00030518
-0.0068665,-0.0027466,-0.0042758,0.018311,2.5012,4.9796,0.00061035
-0.010681,-0.0033569,-0.005701,0.020447,2.4997,4.9799,0.00061035
-0.016785,-0.00045776,-0.0047509,0.022583,2.5015,4.9792,0
-0.01297,0.0013733,-0.0038007,0.021973,2.5009,4.9786,-0.00030518
-0.012817,-0.00061035,-0.0038007,0.019226,2.5009,4.9789,0
-0.010834,-0.0035095,-0.005226,0.013733,2.5012,4.9786,0
-0.010681,-0.004425,-0.0042758,0.0088501,2.5018,4.9789,0.00030518
-0.014496,-0.0018311,-0.005226,0.0086975,2.5015,4.9796,0.00030518
-0.016022,-0.0018311,-0.0042758,0.0086975,2.5009,4.9786,0
-0.010529,-0.0015259,-0.0042758,0.0085449,2.5,4.9783,-0.00030518
0.0053406,0.00045776,-0.0042758,0.0054932,2.5015,4.9786,0
0.011139,0.0015259,-0.0042758,0.00076294,2.5024,4.9789,0
0.010376,-0.00061035,-0.0047509,-0.0024414,2.5018,4.9786,-0.00030518
0.007019,-0.0024414,-0.0042758,-0.0057983,2.5015,4.9792,0.00030518
0.007019,-0.0016785,-0.0047509,-0.0048828,2.5015,4.9796,0.00030518
0.0073242,0.00015259,-0.0042758,-0.0010681,2.5009,4.9786,0
0.0067139,0.0015259,-0.0042758,-0.00061035,2.5018,4.9796,-0.00030518
0.0079346,0.0016785,-0.0042758,-0.0039673,2.5015,4.9789,0.00030518
0.0012207,0.00045776,-0.0042758,-0.004425,2.5012,4.9799,0.00061035
-0.014954,0.00091553,-0.0038007,0,2.5015,4.9799,-0.00030518
-0.009613,0.0030518,-0.0042758,0.0022888,2.5015,4.9796,-0.00061035
-0.0056458,0.0053406,-0.0038007,0.00030518,2.5012,4.9786,0.00061035
-0.018311,0.002594,-0.0042758,-0.0032043,2.5006,4.9768,0.00030518
-0.080872,0.00030518,-0.0047509,-0.0036621,2.5003,4.9786,0
-0.056458,0.0019836,-0.005226,-0.0054932,2.5018,4.9777,-0.00061035
0.011597,0.0050354,-0.0047509,-0.0082397,2.5018,4.9777,-0.00061035
0.031433,0.0064087,-0.0047509,-0.0076294,2.5024,4.9774,0.00030518
0.01236,0.0053406,-0.0038007,-0.0041199,2.5012,4.9777,0.00030518
0.00091553,0.0019836,-0.0042758,-0.00091553,2.5012,4.9783,0
0.002594,0.0015259,-0.0042758,-0.0039673,2.5021,4.9765,0.00030518
0.016632,0.0015259,-0.0047509,-0.007782,2.5,4.9768,-0.00030518
0.017548,0.0028992,-0.005226,-0.0076294,2.5009,4.9774,0
0.010681,0.0024414,-0.0038007,-0.004425,2.5018,4.9777,-0.00030518
0.0094604,0.00030518,-0.005226,-0.0028992,2.5006,4.9774,0.00030518
0.01709,-0.00045776,-0.0042758,-0.0093079,2.5015,4.9771,0.00030518
0.022125,0.00045776,-0.0038007,-0.010376,2.5009,4.978,0.00030518
0.020447,0.0042725,-0.0047509,-0.0056458,2.5021,4.9786,0.00030518
0.014801,0.0064087,-0.0042758,-0.0016785,2.5015,4.9792,0
0.0093079,0.0041199,-0.0047509,0.0010681,2.5015,4.9786,0
0.00076294,0.00091553,-0.0028506,0.004425,2.5012,4.9786,0.00030518
0,-0.0015259,-0.0042758,0.011902,2.5018,4.9792,-0.00030518
-0.004425,-0.0015259,-0.005226,0.018616,2.5012,4.9789,-0.00061035
-0.004425,-0.00091553,-0.0033257,0.020142,2.5015,4.9783,0.00030518
0.0068665,-0.00045776,-0.0042758,0.0086975,2.5015,4.9786,-0.00030518
0.018616,-0.00076294,-0.0042758,-0.0024414,2.5009,4.9792,0.00061035
0.017395,-0.00061035,-0.0047509,-0.0048828,2.5009,4.9789,0.00030518
0.015564,0.00061035,-0.005226,-0.0041199,2.5009,4.9796,0.00030518
0.023041,0.0028992,-0.0028506,-0.0071716,2.5015,4.9799,0.00030518
0.025482,0.005188,-0.0042758,-0.010529,2.5012,4.9796,0
0.021362,0.0048828,-0.0042758,-0.0085449,2.5018,4.9774,0.00061035
0.019531,0.0019836,-0.0042758,-0.0039673,2.5012,4.9789,0.00030518
0.0050354,0,-0.0028506,0.0027466,2.5009,4.9786,0.00061035
-0.004425,-0.0021362,-0.0038007,0.0083923,2.5009,4.9786,0.00030518
-0.0073242,-0.0028992,-0.0042758,0.0091553,2.5015,4.9789,-0.00061035
-0.0093079,-0.0042725,-0.0042758,0.0068665,2.5012,4.9789,0
-0.010529,-0.0027466,-0.0042758,0.0057983,2.5015,4.978,0
-0.0061035,0,-0.0042758,0.0074768,2.5012,4.9792,0
-0.00076294,0.0015259,-0.0042758,0.0056458,2.5015,4.9792,0
0.0027466,0.0016785,-0.005226,-0.002594,2.5012,4.9789,0.00061035
0.0042725,-0.0021362,-0.0042758,-0.010681,2.5015,4.978,-0.00030518
0.015564,-0.0061035,-0.0042758,-0.0073242,2.5006,4.9796,0.00030518
0.010071,-0.0064087,-0.005226,0.0027466,2.5012,4.9786,-0.00030518
0.00030518,-0.0045776,-0.0047509,0.002594,2.5009,4.9792,0.00091553
0.0028992,-0.004425,-0.0047509,-0.0076294,2.5024,4.9786,0
-0.0028992,-0.005188,-0.0042758,-0.014954,2.5012,4.9786,-0.00061035
-0.015564,-0.0056458,-0.0042758,-0.01709,2.5012,4.9792,-0.00030518
-0.019531,-0.0056458,-0.0042758,-0.010681,2.5015,4.9796,0.00030518
-0.01709,-0.0067139,-0.0042758,-0.013275,2.5021,4.9799,-0.00061035
-0.021362,-0.0038147,-0.0042758,-0.023041,2.5015,4.9789,0
-0.032349,-0.00030518,-0.0042758,-0.028839,2.5015,4.9792,0.00030518
-0.020599,0.00045776,-0.0042758,-0.026093,2.5009,4.9792,0
-0.013428,-0.0015259,-0.005226,-0.019379,2.5012,4.9789,0
-0.012817,-0.004425,-0.0042758,-0.013428,2.5006,4.9786,0.00061035
-0.015869,-0.0038147,-0.0047509,-0.011292,2.5021,4.9792,0.00030518
-0.013733,-0.0033569,-0.0047509,-0.011902,2.5,4.9786,0.00030518
-0.012054,-0.004425,-0.0047509,-0.011444,2.5015,4.9796,0.00030518
-0.0073242,-0.005188,-0.0042758,-0.01236,2.5018,4.9786,0.00061035
0.011597,-0.004425,-0.0038007,-0.01297,2.5009,4.9789,0
0.030212,-0.0021362,-0.0038007,-0.013275,2.5015,4.9799,0
0.009613,-0.0018311,-0.0023755,-0.013885,2.5021,4.9789,-0.00030518
-0.0028992,-0.0013733,-0.0028506,-0.009613,2.5009,4.9786,0
-0.0085449,-0.00076294,-0.0042758,-0.0073242,2.5018,4.9802,0
-0.0086975,0.00076294,-0.005226,-0.0067139,2.5018,4.9799,0.00061035
-0.0073242,0.0042725,-0.0047509,-0.0054932,2.5006,4.9792,0.00030518
-0.010834,0.0035095,-0.005226,-0.0022888,2.5012,4.9792,0.00030518
-0.013123,0.0035095,-0.0047509,0.0054932,2.5009,4.9792,0.00091553
-0.0048828,0.0038147,-0.0047509,0.011749,2.5015,4.9786,-0.00030518
-0.0056458,0.0027466,-0.0047509,0.014038,2.5012,4.9789,0.00030518
-0.015259,0.0018311,-0.0038007,0.016785,2.5021,4.9792,0.00030518
-0.019226,0.0018311,-0.0038007,0.019379,2.5009,4.9783,-0.00030518
-0.0094604,0.00045776,-0.0047509,0.017853,2.5015,4.9783,0.00030518
-0.012054,-0.00061035,-0.005226,0.018463,2.5018,4.9783,0.00030518
-0.02182,0,-0.0042758,0.023041,2.5009,4.9792,0.00030518
-0.024414,-0.00061035,-0.0042758,0.024719,2.5015,4.9789,-0.00030518
-0.019073,-0.00091553,-0.0038007,0.028839,2.5015,4.9789,0.00061035
-0.019073,-0.0018311,-0.0042758,0.0354,2.5015,4.9796,-0.00030518
-0.022888,-0.00015259,-0.0047509,0.041199,2.5012,4.9799,0
-0.025635,0.0013733,-0.0047509,0.049133,2.5012,4.9796,0
-0.03067,0.00030518,-0.0047509,0.049591,2.5015,4.9796,-0.00061035
-0.049286,-0.0013733,-0.0042758,0.045776,2.5,4.9792,0.00030518
-0.053711,-0.0012207,-0.0047509,0.044556,2.5021,4.9805,0
-0.0383,0.00045776,-0.0042758,0.047302,2.5015,4.978,0.00030518
-0.028229,0.00015259,-0.0047509,0.049591,2.5021,4.9777,0
-0.034485,-0.00030518,-0.005701,0.050964,2.5009,4.9774,0.00030518
-0.040283,0.00061035,-0.0042758,0.054779,2.5003,4.978,-0.00061035
-0.043945,0.0013733,-0.0042758,0.060425,2.5015,4.978,0.00030518
-0.049133,0.00030518,-0.005226,0.067139,2.5009,4.9777,0
-0.054779,0.00076294,-0.0047509,0.074921,2.5009,4.9789,0.00030518
-0.066986,0.0028992,-0.0047509,0.082245,2.5009,4.9786,0
-0.07431,0.002594,-0.0042758,0.094299,2.5009,4.9765,0.00091553
-0.065765,0.00045776,-0.0042758,0.11002,2.5015,4.9774,-0.00030518
-0.065308,0.0012207,-0.0047509,0.12421,2.5012,4.9774,0.00030518
-0.068817,0,-0.0042758,0.13458,2.5015,4.9777,0.00061035
-0.078583,-0.00061035,-0.005226,0.14465,2.5024,4.9774,0.00030518
-0.088959,-0.00076294,-0.005226,0.15045,2.5021,4.9783,0.00091553
-0.084686,0.00030518,-0.0047509,0.15549,2.5006,4.9786,0.00061035
-0.076141,0.0015259,-0.0042758,0.16281,2.5012,4.9789,0.00030518
-0.082092,0.0016785,-0.0047509,0.17715,2.5009,4.9789,-0.00030518
-0.10223,0.0012207,-0.0042758,0.19363,2.5006,4.9796,0
-0.11429,0.0015259,-0.0047509,0.20508,2.5015,4.978,-0.00030518
-0.099945,0.0019836,-0.005226,0.21317,2.5009,4.9789,-0.00030518
-0.10773,0.0056458,-0.0047509,0.22278,2.5012,4.9796,-0.00061035
-0.12436,0.0068665,-0.0038007,0.233,2.5015,4.9792,-0.00061035
-0.13,0.0045776,-0.0038007,0.23941,2.5018,4.9792,0.00061035
-0.1265,0.0035095,-0.0047509,0.24124,2.5009,4.9786,-0.00030518
-0.12238,0.005188,-0.0033257,0.2504,2.5012,4.9783,0
-0.1268,0.0036621,-0.0038007,0.26672,2.5012,4.9789,0
-0.1442,0.0010681,-0.0047509,0.28229,2.5018,4.9796,-0.00030518
-0.15488,-0.00045776,-0.005226,0.29205,2.5006,4.9792,-0.00061035
-0.15686,0.0019836,-0.0038007,0.30441,2.5015,4.9777,0.00030518
-0.14542,0.0022888,-0.005701,0.32379,2.5012,4.9796,0
-0.14664,0.0033569,-0.0038007,0.3421,2.5021,4.9789,-0.00061035
-0.14542,0.0041199,-0.0042758,0.3595,2.5015,4.9792,-0.00061035
-0.13885,0.0039673,-0.0047509,0.3804,2.5009,4.9786,0
-0.13657,0.0027466,-0.0038007,0.40131,2.5009,4.9796,0.00030518
-0.1326,0.0035095,-0.0042758,0.41275,2.5009,4.9789,0.00061035
-0.11856,0.0053406,-0.0042758,0.41885,2.5012,4.9789,0
-0.10117,0.0033569,-0.0042758,0.42038,2.5015,4.9799,0.00030518
-0.091553,0.0035095,-0.0047509,0.41733,2.5015,4.9792,-0.00030518
-0.085907,0.0041199,-0.0042758,0.41412,2.5006,4.9792,0
-0.060272,0.0039673,-0.0047509,0.40833,2.5015,4.9786,0
-0.044403,0.0030518,-0.0047509,0.40176,2.5018,4.9789,0.00030518
-0.033417,0.0024414,-0.0047509,0.39032,2.5015,4.9796,0.00030518
-0.01297,0.0032043,-0.0038007,0.37018,2.5018,4.9789,0
0.013885,0.002594,-0.005226,0.34592,2.5015,4.9789,0
0.032043,0.00030518,-0.0038007,0.32455,2.5015,4.9799,-0.00030518
0.041199,-0.0015259,-0.005226,0.29633,2.5006,4.9799,-0.00030518
0.05249,-0.0032043,-0.0028506,0.25574,2.5006,4.9792,0.00030518
0.076141,-0.00061035,-0.0047509,0.21271,2.5018,4.9805,0
0.10101,0.002594,-0.0047509,0.16922,2.5018,4.978,0
0.13153,0.0039673,-0.0033257,0.1239,2.5015,4.9783,0.00061035
0.14572,0.0013733,-0.0042758,0.085602,2.5018,4.9789,0.00030518
0.16266,0.00091553,-0.005226,0.054474,2.5012,4.9783,0.00030518
0.18875,0,-0.0047509,0.020294,2.5012,4.9783,0.00030518
0.21332,0.00076294,-0.0047509,-0.020905,2.5018,4.978,0
0.23697,0.0015259,-0.0042758,-0.062408,2.5015,4.9792,-0.00061035
0.26611,0.00045776,-0.0047509,-0.10056,2.5018,4.9783,0
0.29648,-0.00045776,-0.0033257,-0.13458,2.5015,4.9789,-0.00030518
0.31952,-0.00045776,-0.0047509,-0.16525,2.5018,4.9783,0.00061035
0.32852,0.00076294,-0.0038007,-0.20081,2.5009,4.9792,0
0.35065,0.002594,-0.0047509,-0.24277,2.5015,4.9783,0
0.37766,0.002594,-0.0047509,-0.27267,2.5003,4.9799,0
0.39444,0.00045776,-0.0042758,-0.29816,2.5012,4.9796,-0.00030518
0.41382,-0.00015259,-0.005226,-0.32364,2.5018,4.978,0
0.42618,0.00045776,-0.0038007,-0.35538,2.5018,4.9786,0.00030518
0.42892,0.00091553,-0.005226,-0.39154,2.5003,4.9786,0.00091553
0.44006,-0.00091553,-0.005226,-0.43259,2.5018,4.9783,0.00030518
0.45181,-0.0013733,-0.0047509,-0.47012,2.5006,4.9786,0.00030518
0.45639,0.0019836,-0.0038007,-0.49545,2.5018,4.9786,-0.00030518
0.45105,0.0048828,-0.0047509,-0.51086,2.5015,4.9783,0.00030518
0.45273,0.0039673,-0.0042758,-0.52963,2.5015,4.9783,-0.00061035
0.45547,0.0021362,-0.0038007,-0.55725,2.5012,4.9792,-0.00030518
0.44769,0.0018311,-0.0042758,-0.58624,2.5009,4.9783,0.00030518
0.43793,0.0028992,-0.0038007,-0.60852,2.5009,4.9792,0.00061035
0.44342,0.002594,-0.0047509,-0.62775,2.5012,4.9789,-0.00061035
0.43365,0.0021362,-0.0038007,-0.64285,2.5006,4.9796,0.00061035
0.41321,0.0015259,-0.0042758,-0.65262,2.5021,4.9796,0
0.38498,0.00061035,-0.0047509,-0.65781,2.5009,4.9792,0.00030518
0.36209,-0.00061035,-0.0038007,-0.65857,2.5,4.9796,0.00061035
0.35355,0.00076294,-0.0033257,-0.66589,2.5009,4.9792,0
0.33722,0.0013733,-0.0038007,-0.68054,2.5009,4.9786,0.00030518
0.30029,0.0030518,-0.005226,-0.69305,2.5009,4.978,0
0.26443,0.0024414,-0.0047509,-0.69489,2.5015,4.9774,0
0.2356,-0.00030518,-0.0028506,-0.68512,2.5018,4.9777,0.00061035
0.20798,-0.0012207,-0.0042758,-0.67871,2.5009,4.978,0.00091553
0.18433,0.00015259,-0.0038007,-0.67841,2.5018,4.978,0
0.16495,0.0028992,-0.0042758,-0.67703,2.5012,4.9783,0
0.15259,0.002594,-0.0042758,-0.66971,2.5021,4.9783,-0.00030518
0.13443,0.00076294,-0.0042758,-0.66101,2.5015,4.9783,0.00030518
0.10696,0.00091553,-0.0047509,-0.65247,2.5012,4.9771,0.00030518
0.084229,0.0013733,-0.0042758,-0.64056,2.5006,4.9774,-0.00061035
0.061798,0.00061035,-0.0033257,-0.62134,2.5018,4.9774,0
0.042114,-0.0015259,-0.0042758,-0.59265,2.5003,4.9771,-0.00030518
0.028229,-0.0013733,-0.0042758,-0.57098,2.5021,4.978,-0.00030518
0.018158,-0.0010681,-0.0047509,-0.56183,2.5012,4.9771,-0.00061035
0.005188,-0.00076294,-0.0042758,-0.55328,2.5024,4.9783,0
-0.010834,-0.00045776,-0.005226,-0.53192,2.5009,4.9786,0.00061035
-0.027771,-0.0018311,-0.0042758,-0.49759,2.5015,4.9789,0
-0.045624,-0.0016785,-0.0047509,-0.46341,2.5015,4.9786,-0.00030518
-0.062561,-0.00091553,-0.0038007,-0.42984,2.5018,4.9799,-0.00091553
-0.074005,-0.0035095,-0.0038007,-0.39536,2.5006,4.9786,0
-0.093689,-0.0038147,-0.0042758,-0.35568,2.5024,4.9796,0
-0.11612,-0.0018311,-0.0047509,-0.3154,2.5012,4.9786,0.00030518
-0.12527,-0.00076294,-0.0047509,-0.2832,2.5012,4.9792,-0.00030518
-0.12955,-0.0010681,-0.0047509,-0.2597,2.5015,4.9786,0
-0.14847,-0.00076294,-0.005226,-0.23132,2.5012,4.9796,0
-0.15884,-0.0019836,-0.0038007,-0.19928,2.5015,4.9786,0.00091553
-0.15656,-0.0032043,-0.005226,-0.17014,2.5018,4.9789,0.00030518
-0.16434,-0.0030518,-0.0042758,-0.14282,2.5009,4.9786,0
-0.18616,-0.0019836,-0.0042758,-0.11581,2.5012,4.9768,0.00030518
-0.18295,-0.00091553,-0.0028506,-0.087738,2.5018,4.978,0.00030518
-0.168,0.00061035,-0.0038007,-0.063782,2.5006,4.9786,0
-0.16052,0.0013733,-0.0047509,-0.043488,2.5018,4.9786,0.00030518
-0.15915,-0.00091553,-0.005226,-0.027771,2.5021,4.9783,0
-0.16037,-0.0027466,-0.0042758,-0.010529,2.5009,4.9786,0
-0.16937,-0.0015259,-0.0047509,0.018616,2.5015,4.9789,0.00061035
-0.1738,-0.0010681,-0.0038007,0.045013,2.5009,4.9789,0
-0.17868,-0.0010681,-0.0042758,0.064545,2.5009,4.9796,-0.00030518
-0.18768,0.00076294,-0.0047509,0.077972,2.5018,4.9789,0
-0.19165,0.00030518,-0.0042758,0.085602,2.5015,4.9796,-0.00091553
-0.18265,-0.0018311,-0.0042758,0.0914,2.5015,4.9796,-0.00091553
-0.18234,0,-0.0042758,0.09964,2.5015,4.9789,0.00030518
-0.18204,0.0024414,-0.0042758,0.11536,2.5012,4.9799,0.00061035
-0.18463,0.0012207,-0.0042758,0.13458,2.5015,4.9789,-0.00030518
-0.19318,-0.0027466,-0.0042758,0.14938,2.5015,4.9792,0.00030518
-0.19287,-0.0038147,-0.0047509,0.16266,2.5009,4.9789,-0.00030518
-0.18677,-0.0016785,-0.0042758,0.17639,2.5018,4.9786,-0.00061035
-0.18143,-0.00076294,-0.005226,0.18784,2.5021,4.9792,0.00061035
-0.17715,0.00076294,-0.0047509,0.19348,2.5015,4.9802,-0.00061035
-0.18005,0.0027466,-0.0042758,0.20294,2.5018,4.9783,-0.00030518
-0.17883,0.0010681,-0.0047509,0.21393,2.5021,4.9783,0
-0.18356,-0.0013733,-0.0042758,0.22537,2.5018,4.9789,0.00030518
-0.18677,-0.00045776,-0.0047509,0.24155,2.5012,4.9783,0.00030518
-0.18967,0.0036621,-0.0042758,0.26169,2.5012,4.9789,0
-0.19165,0.0021362,-0.0038007,0.2774,2.5018,4.9783,0.00030518
-0.19653,0.00015259,-0.0042758,0.28305,2.5003,4.9792,-0.00030518
-0.19836,-0.002594,-0.0042758,0.2887,2.5018,4.9789,0.00030518
-0.1976,-0.0016785,-0.0047509,0.30228,2.5015,4.9789,0
-0.19089,0.0042725,-0.0047509,0.3125,2.5012,4.9799,0
-0.20218,0.0028992,-0.0038007,0.31052,2.5015,4.9786,0.00030518
-0.20874,-0.0035095,-0.0038007,0.30869,2.5015,4.9786,0.00091553
-0.21561,-0.0057983,-0.0047509,0.31357,2.5006,4.9783,0.00061035
-0.22018,-0.0030518,-0.0042758,0.31708,2.5015,4.9786,0.00030518
-0.22629,-0.0027466,-0.0042758,0.31342,2.5018,4.9789,0.00030518
-0.22797,-0.0016785,-0.005226,0.31097,2.5015,4.9789,0.00030518
-0.21912,-0.0012207,-0.0038007,0.30853,2.5024,4.9789,0.00030518
-0.20432,0.0019836,-0.0047509,0.30655,2.5012,4.9783,-0.00061035
-0.20599,0.0022888,-0.0042758,0.3064,2.5015,4.9786,0.00061035
-0.2153,0.0030518,-0.0033257,0.30899,2.5009,4.9786,0
-0.2272,0.0027466,-0.0042758,0.31677,2.5015,4.9774,0.00030518
-0.22339,-0.00045776,-0.0047509,0.32059,2.5006,4.9792,0
-0.21759,-0.0027466,-0.0047509,0.31967,2.5021,4.9789,-0.00030518
-0.21225,-0.0030518,-0.0038007,0.31601,2.5012,4.9792,0.00030518
-0.21362,-0.0015259,-0.0042758,0.31601,2.5015,4.9789,-0.00061035
-0.21988,-0.0021362,-0.0042758,0.31906,2.5009,4.9789,0.00061035
-0.22964,-0.004425,-0.005226,0.32013,2.5015,4.9789,-0.00061035
-0.23544,-0.002594,-0.0047509,0.32242,2.5018,4.9783,0
-0.22675,0.00030518,-0.0038007,0.32074,2.5021,4.9796,0.00061035
-0.21896,-0.0010681,-0.0042758,0.31006,2.5015,4.9792,-0.00061035
-0.21484,-0.0022888,-0.005226,0.29907,2.5027,4.9792,0.00030518
-0.20203,-0.0016785,-0.0042758,0.29556,2.5015,4.9786,-0.00030518
-0.19638,-0.00091553,-0.0038007,0.29312,2.5012,4.9777,-0.00030518
-0.19974,-0.0016785,-0.0038007,0.28854,2.4997,4.9777,-0.00061035
-0.19897,-0.0013733,-0.0047509,0.28564,2.5012,4.978,0.00061035
-0.19836,-0.0010681,-0.0042758,0.28809,2.5012,4.978,-0.00030518
-0.2034,-0.00076294,-0.0038007,0.28976,2.5018,4.9783,0
-0.20615,0.00061035,-0.005226,0.28244,2.5012,4.9786,0.00061035
-0.19531,0.0016785,-0.0042758,0.2681,2.5009,4.978,-0.00030518
-0.186,0.00030518,-0.0042758,0.25879,2.5003,4.9777,-0.00030518
-0.18616,-0.00030518,-0.0033257,0.25772,2.5018,4.978,0
-0.17685,0.0016785,-0.0047509,0.25406,2.5012,4.9774,0.00030518
-0.17288,0.0036621,-0.005226,0.24673,2.5009,4.978,0.00030518
-0.1741,0.0027466,-0.0038007,0.24704,2.5006,4.9774,0.00030518
-0.16464,0.00076294,-0.0042758,0.24963,2.5012,4.9777,0
-0.15366,-0.00061035,-0.0042758,0.24826,2.5015,4.9774,-0.00030518
-0.14984,-0.00076294,-0.0042758,0.24292,2.5018,4.978,-0.00061035
-0.14847,-0.00061035,-0.0042758,0.24033,2.5009,4.9789,0.00030518
-0.14557,0.00045776,-0.0047509,0.23804,2.5018,4.9789,0.00091553
-0.14206,0.002594,-0.0042758,0.22842,2.5009,4.9789,-0.00030518
-0.12924,0.0053406,-0.0042758,0.21332,2.5009,4.978,0
-0.096283,0.0015259,-0.0042758,0.20325,2.5012,4.9796,0.00030518
-0.076752,-0.00076294,-0.0033257,0.19882,2.5015,4.9783,-0.00061035
-0.080261,0.00030518,-0.0042758,0.19669,2.5018,4.9796,0.00030518
-0.08255,0.0030518,-0.0047509,0.19623,2.5015,4.9796,0.00030518
-0.087433,0.0022888,-0.0047509,0.19043,2.5015,4.9789,-0.00030518
-0.080109,0.0033569,-0.0038007,0.18372,2.5009,4.9786,0.00061035
-0.065308,0.0015259,-0.0042758,0.17929,2.5021,4.9786,0.00061035
-0.050964,-0.00015259,-0.0047509,0.16678,2.5012,4.9792,-0.00030518
-0.032654,-0.0016785,-0.0042758,0.14938,2.5021,4.9792,0
-0.0097656,-0.0015259,-0.0047509,0.13306,2.5015,4.9774,0
0.0088501,-0.00061035,-0.0028506,0.12451,2.5021,4.9792,0
0.0068665,0.0016785,-0.0038007,0.11963,2.5012,4.9789,0
-0.00076294,0.0038147,-0.0047509,0.11444,2.5012,4.9796,0
-0.0085449,0.0024414,-0.005226,0.11169,2.5012,4.9792,0.00030518
-0.0036621,0.0016785,-0.0047509,0.112,2.5012,4.9796,0.00030518
0.0057983,0.0028992,-0.0042758,0.11154,2.5015,4.9796,-0.00030518
0.011597,0.0039673,-0.005701,0.10284,2.5015,4.9796,0.00030518
0.016022,0.0053406,-0.005226,0.091248,2.5015,4.9796,0
0.026855,0.0036621,-0.0047509,0.078888,2.5015,4.9786,0
0.033112,0.0021362,-0.0047509,0.067139,2.5012,4.9777,-0.00061035
0.042267,0.0016785,-0.0042758,0.061493,2.5015,4.9796,0
0.045776,-0.00076294,-0.0042758,0.055847,2.5021,4.9789,0
0.056,-0.0036621,-0.0047509,0.047302,2.5027,4.9786,0
0.072632,-0.0041199,-0.005226,0.04303,2.5015,4.9799,0.00030518
0.07782,-0.00076294,-0.0042758,0.044556,2.5009,4.9792,-0.00091553
0.075836,0.0022888,-0.0033257,0.04425,2.5012,4.9789,0
0.077057,0.0038147,-0.005226,0.038147,2.5003,4.9799,0.00030518
0.083771,0.0039673,-0.0047509,0.03067,2.5015,4.9796,0
0.089417,0.0054932,-0.0047509,0.02594,2.5018,4.9783,-0.00030518
0.088806,0.0065613,-0.0042758,0.019836,2.5021,4.9777,-0.00030518
0.099792,0.0053406,-0.0047509,0.016022,2.5006,4.9789,0.00030518
0.097961,0.0035095,-0.0038007,0.016022,2.5015,4.9796,0
0.094147,0.0019836,-0.005226,0.014038,2.5015,4.9786,0
0.093079,0.0030518,-0.0042758,0.0088501,2.5018,4.9792,0
0.095673,0.0038147,-0.0042758,0.0056458,2.5018,4.9796,0
0.10712,0.0016785,-0.0047509,0.004425,2.5015,4.9792,0.00030518
0.11154,0.0010681,-0.0042758,0.00045776,2.5015,4.9783,0.00061035
0.10986,0.0012207,-0.0038007,-0.012207,2.5012,4.9789,0.00061035
0.10254,0.0018311,-0.0042758,-0.02655,2.5018,4.9789,-0.00030518
0.10544,0.0018311,-0.0033257,-0.027313,2.5015,4.9792,0.00061035
0.1178,0.00076294,-0.005226,-0.025177,2.5012,4.9792,-0.00030518
0.11459,-0.00015259,-0.0047509,-0.0354,2.5015,4.9792,0.00030518
0.11276,0.00030518,-0.0047509,-0.051575,2.5015,4.9789,-0.00091553
0.11627,0.0041199,-0.005226,-0.057068,2.5012,4.9786,-0.00061035
0.11185,0.0033569,-0.0042758,-0.056763,2.5006,4.9796,-0.00061035
0.10818,0.0010681,-0.0042758,-0.060883,2.5012,4.9792,0
0.11093,-0.00015259,-0.0033257,-0.065918,2.5006,4.9796,0
0.11047,0.0012207,-0.005226,-0.06546,2.5027,4.9792,-0.00061035
0.099945,0.0013733,-0.005226,-0.06424,2.5012,4.9783,0.00030518
0.094452,0.0016785,-0.0038007,-0.06134,2.5018,4.9768,0
0.10422,0.00030518,-0.0038007,-0.061188,2.5009,4.9774,0
0.10391,-0.0016785,-0.0047509,-0.061493,2.5015,4.9789,-0.00091553
0.10635,0.00076294,-0.005226,-0.061035,2.5018,4.9789,0.00030518
0.10834,0.0035095,-0.0047509,-0.065002,2.5018,4.9796,0.00030518
0.10742,0.0041199,-0.0038007,-0.068817,2.5024,4.9792,0
0.11108,0.0030518,-0.0047509,-0.065308,2.5015,4.9792,0
0.093384,0.0032043,-0.0042758,-0.062866,2.5012,4.9789,0
0.087585,0.0039673,-0.005226,-0.066376,2.5009,4.9786,0
0.10452,0.0028992,-0.005226,-0.066986,2.5012,4.9789,-0.00030518
0.11139,0.00061035,-0.0047509,-0.059052,2.5006,4.9789,0.00061035
0.11429,-0.00045776,-0.0033257,-0.055084,2.5009,4.9805,-0.00030518
0.10818,-0.00091553,-0.0047509,-0.059662,2.5024,4.9774,0
0.10361,-0.0015259,-0.005701,-0.063934,2.5009,4.9777,0.00030518
0.099182,-0.00015259,-0.0042758,-0.062408,2.5009,4.9777,0
0.095367,0.0012207,-0.0047509,-0.057373,2.5021,4.9777,0
0.096588,0.0013733,-0.0042758,-0.052185,2.5012,4.9777,-0.00030518
0.095367,0.00045776,-0.0042758,-0.050354,2.5021,4.9783,0.00030518
0.091705,-0.00045776,-0.0042758,-0.05127,2.5015,4.9774,-0.00030518
0.088959,-0.00076294,-0.0047509,-0.052948,2.5015,4.9789,-0.00030518
0.090332,-0.00076294,-0.005226,-0.058441,2.5018,4.9774,0.00091553
0.10529,-0.0021362,-0.0047509,-0.06546,2.5003,4.9777,0
0.10574,-0.0041199,-0.0042758,-0.067139,2.5012,4.978,-0.00030518
0.098267,-0.004425,-0.0028506,-0.060883,2.5006,4.978,-0.00030518
0.089417,-0.0035095,-0.0047509,-0.056305,2.5018,4.9771,-0.00030518
0.079956,-0.004425,-0.0033257,-0.056763,2.5015,4.9777,0.00030518
0.078583,-0.0027466,-0.0038007,-0.059357,2.5015,4.9789,0
0.088501,0.0010681,-0.005226,-0.062866,2.5009,4.9792,0
0.095215,0.00061035,-0.0042758,-0.065765,2.5021,4.9792,0.00061035
0.096741,-0.0028992,-0.0042758,-0.067596,2.5015,4.9789,0
0.103,-0.0022888,-0.0042758,-0.06546,2.5024,4.9789,0
0.095062,-0.00091553,-0.0047509,-0.06012,2.5018,4.9792,-0.00061035
0.086823,-0.0019836,-0.0047509,-0.052185,2.5006,4.9792,-0.00061035
0.086212,-0.0016785,-0.0042758,-0.045319,2.5009,4.9792,0.00030518
0.088348,-0.002594,-0.0047509,-0.043182,2.5015,4.9777,0.00030518
0.074615,0.0012207,-0.0042758,-0.044708,2.5012,4.9789,-0.00061035
0.057831,0.002594,-0.005226,-0.050659,2.5018,4.9792,0
0.059814,0.0018311,-0.0047509,-0.056458,2.5018,4.9786,0.00030518
0.06546,0.0018311,-0.0033257,-0.057831,2.5006,4.9786,0.00030518
0.053101,0.0018311,-0.0038007,-0.054169,2.5018,4.9786,0
0.042419,0.00045776,-0.0042758,-0.05188,2.5,4.978,0
0.050659,0.00061035,-0.0042758,-0.05249,2.5021,4.9771,0.00030518
0.056763,0.00030518,-0.005226,-0.049438,2.5018,4.9792,-0.00030518
0.063019,-0.00045776,-0.0047509,-0.041351,2.5012,4.9783,0
0.065765,0.00061035,-0.0038007,-0.037231,2.5009,4.9789,0
0.079193,0.0012207,-0.0042758,-0.041504,2.5009,4.9783,-0.00061035
0.074615,0.0018311,-0.0047509,-0.051727,2.5003,4.9796,0
0.048676,0.00076294,-0.0047509,-0.059967,2.5015,4.9792,0.00061035
0.046844,-0.00045776,-0.0038007,-0.06134,2.5015,4.9796,0
0.052185,-0.0016785,-0.005226,-0.049438,2.5015,4.9799,0.00030518
0.050049,-0.0015259,-0.0042758,-0.038147,2.5012,4.9799,0.00061035
0.048065,-0.00091553,-0.0047509,-0.033417,2.5009,4.9792,0
0.026398,-0.00076294,-0.0042758,-0.031586,2.5,4.9783,0.00030518
0.0068665,-0.00045776,-0.0042758,-0.025787,2.5012,4.9796,0.00061035
0.028381,0.00045776,-0.0038007,-0.024872,2.5015,4.9789,0.00030518
0.040741,0.00030518,-0.0047509,-0.031738,2.5018,4.9796,0.00030518
0.037689,0.00091553,-0.005226,-0.036163,2.5012,4.9783,0.00030518
0.033569,-0.0024414,-0.0042758,-0.032959,2.5012,4.9799,-0.00030518
0.033417,-0.0036621,-0.0047509,-0.026245,2.5024,4.9792,-0.00030518
0.035095,-0.00045776,-0.0038007,-0.021515,2.5006,4.9799,0
0.02243,0.00015259,-0.005226,-0.017395,2.5031,4.9777,-0.00030518
0.023193,-0.0018311,-0.0033257,-0.012817,2.5006,4.9786,-0.00030518
0.028992,-0.0012207,-0.0042758,-0.018005,2.5021,4.9789,0.00061035
0.026398,-0.0010681,-0.0047509,-0.022583,2.5018,4.9783,0
0.017548,-0.00091553,-0.0038007,-0.020905,2.5027,4.9792,0
0.01709,-0.0033569,-0.0047509,-0.017853,2.5012,4.9796,0.00061035
0.023804,-0.0035095,-0.0047509,-0.020752,2.5015,4.9786,0.00030518
0.017242,-0.00076294,-0.0047509,-0.025787,2.5018,4.9792,-0.00061035
0.018311,0.0010681,-0.0047509,-0.024719,2.5015,4.9789,0.00061035
0.019073,0.0016785,-0.0042758,-0.018616,2.5009,4.9792,0.00061035
0.014038,0.00045776,-0.0047509,-0.016327,2.5003,4.9789,0
0.018463,0.00076294,-0.0047509,-0.019531,2.5015,4.9799,0.00030518
0.010681,0.00045776,-0.0042758,-0.024567,2.5009,4.9792,0.00061035
0.0010681,0.0010681,-0.0047509,-0.023651,2.5015,4.9783,-0.00030518
0.0021362,0.00030518,-0.0038007,-0.016022,2.5024,4.9796,0.00030518
-0.00045776,-0.00030518,-0.0047509,-0.0090027,2.5006,4.978,0.00030518
-0.0030518,-0.00061035,-0.005226,-0.0071716,2.5012,4.9786,-0.00030518
-0.0093079,-0.0016785,-0.0042758,-0.010529,2.5006,4.9786,-0.00030518
-0.013275,-0.00061035,-0.005226,-0.012054,2.5012,4.9786,-0.00030518
-0.007019,0.0022888,-0.0047509,-0.009613,2.5015,4.9783,0.00030518
0.002594,0.0053406,-0.0042758,-0.0079346,2.5009,4.9771,0
0.01358,0.005188,-0.0042758,-0.0047302,2.5021,4.9789,0.00030518
0.0047302,0.0032043,-0.0042758,-0.0042725,2.5012,4.9786,-0.00061035
-0.0047302,0.00091553,-0.0042758,-0.0024414,2.5012,4.9783,0
-0.0059509,0.00076294,-0.0047509,-0.0030518,2.5006,4.9783,0.00061035
-0.007019,0,-0.0042758,-0.0061035,2.5021,4.9786,0
-0.007782,0.00076294,-0.0038007,-0.0068665,2.5003,4.9799,0.00091553
-0.004425,0.0028992,-0.0042758,-0.0048828,2.5009,4.9783,0
-0.0036621,0,-0.0042758,-0.0059509,2.5009,4.9796,-0.00030518
-0.0094604,-0.0010681,-0.0038007,-0.0079346,2.5015,4.9802,-0.00030518
-0.018768,0.0015259,-0.005701,-0.0057983,2.5015,4.9796,-0.00030518
-0.0053406,0.0021362,-0.0042758,-0.0016785,2.5024,4.9792,-0.00030518
-0.0012207,0.0035095,-0.0042758,-0.0024414,2.5006,4.978,0.00030518
0.00091553,0.002594,-0.005701,-0.0068665,2.5018,4.978,0.00030518
0.0042725,0.0019836,-0.0042758,-0.010834,2.5018,4.9783,0.00030518
-0.0036621,0.0018311,-0.0042758,-0.0093079,2.5009,4.9783,-0.00030518
-0.016937,0.0016785,-0.0047509,0,2.5006,4.978,0
-0.016479,0.0019836,-0.0042758,0.0062561,2.5012,4.978,-0.00030518
-0.013885,0.00061035,-0.005226,0.0061035,2.5009,4.9783,0.00030518
-0.0085449,-0.0019836,-0.005226,0.00045776,2.5009,4.978,0
-0.0086975,-0.0015259,-0.0042758,-0.0080872,2.5015,4.9765,0.00030518
-0.0059509,-0.00091553,-0.0042758,-0.0054932,2.5015,4.9768,-0.00030518
-0.015869,0.00045776,-0.0047509,0.0099182,2.5015,4.978,0.00030518
-0.019226,0.0016785,-0.0042758,0.020142,2.5003,4.9783,0.00061035
-0.011597,0.0032043,-0.0042758,0.016937,2.5015,4.978,0
-0.0088501,0.0010681,-0.0047509,0.01358,2.5027,4.978,0.00030518
-0.013275,-0.00015259,-0.0038007,0.013733,2.5018,4.9786,0.00030518
-0.012207,0.00091553,-0.005226,0.01297,2.5024,4.9786,0.00030518
-0.0085449,0.0042725,-0.005226,0.0080872,2.5003,4.9792,0
-0.0059509,0.0047302,-0.005226,0.0032043,2.5018,4.9796,0.00030518
-0.0083923,0.00061035,-0.0038007,0.0056458,2.5,4.9789,0
-0.010376,-0.00091553,-0.0047509,0.0094604,2.5012,4.9796,0
-0.016022,0.00045776,-0.0047509,0.010529,2.5015,4.978,0.00030518
-0.012512,0.0015259,-0.005226,0.0059509,2.5018,4.9783,0.00030518
-0.0018311,0.00045776,-0.0047509,0.0019836,2.5009,4.9792,0
-0.014648,-0.0028992,-0.0042758,0.0024414,2.5018,4.9792,-0.00030518
-0.019073,-0.0021362,-0.005226,0.0056458,2.5015,4.9789,-0.00030518
-0.011902,-0.00030518,-0.0047509,0.0035095,2.5018,4.9786,0.00030518
-0.0094604,0.0015259,-0.0038007,0.0012207,2.5018,4.9792,-0.00030518
-0.012665,0.00030518,-0.005226,0.0010681,2.5018,4.9786,0.00030518
-0.024872,0.0010681,-0.0042758,0.002594,2.5018,4.9783,0
-0.023041,0,-0.0047509,0.0053406,2.5018,4.9786,0.00030518
-0.021515,-0.00030518,-0.0047509,0.0059509,2.5006,4.9786,0.00030518
-0.022125,0.0016785,-0.0042758,0.0048828,2.5012,4.9792,-0.00061035
-0.030518,0.0022888,-0.0047509,0.0035095,2.5012,4.9792,0
-0.035858,0.0021362,-0.0038007,0.0042725,2.5015,4.9786,0.00091553
-0.032501,0.00061035,-0.0042758,0.0074768,2.5006,4.9796,0.00061035
-0.024567,-0.00045776,-0.0038007,0.007782,2.5012,4.9789,0
-0.012054,0.0016785,-0.0047509,0.0035095,2.5009,4.9789,0
-0.007782,0.002594,-0.0042758,-0.00045776,2.5003,4.9786,0
-0.011902,0.00076294,-0.0047509,-0.00076294,2.5015,4.9799,0
-0.0035095,0.00076294,-0.0042758,-0.0013733,2.5015,4.9796,0.00030518
-0.002594,0.0018311,-0.0033257,-0.0013733,2.5015,4.9786,-0.00061035
-0.01358,0.00061035,-0.0038007,0.00045776,2.5006,4.9792,0
-0.019989,-0.00030518,-0.0042758,0.0016785,2.5012,4.9792,-0.00030518
-0.020294,-0.00076294,-0.0042758,0.0024414,2.5009,4.9792,0.00061035
-0.021057,-0.00076294,-0.0038007,0.0053406,2.5018,4.9792,0.00030518
-0.019073,-0.00061035,-0.0038007,0.0068665,2.5018,4.9789,0
-0.015106,-0.0018311,-0.0033257,0.010071,2.5018,4.9796,0.00030518
-0.020599,-0.0027466,-0.005226,0.010681,2.5009,4.9796,0
-0.034943,-0.0018311,-0.0038007,0.0083923,2.5009,4.9792,0.00091553
-0.028381,-0.0010681,-0.0047509,0.0071716,2.5006,4.9789,0
-0.020599,-0.0019836,-0.0042758,0.0065613,2.5018,4.9789,-0.00061035
-0.0035095,-0.0028992,-0.0042758,0.0039673,2.5009,4.9786,0
-0.0061035,-0.0016785,-0.0047509,-0.00091553,2.5018,4.9792,0
-0.018768,-0.00076294,-0.0042758,-0.0022888,2.5006,4.9796,0.00030518
-0.027161,-0.0033569,-0.0047509,0.0033569,2.5009,4.9789,0
-0.027924,-0.0061035,-0.005226,0.0083923,2.5006,4.9796,-0.00030518
-0.023041,-0.0065613,-0.0047509,0.011444,2.5015,4.9792,0.00030518
-0.024872,-0.0042725,-0.005226,0.010223,2.5009,4.9796,-0.00061035
-0.029449,-0.0035095,-0.0047509,0.0067139,2.5018,4.9789,0.00030518
-0.019379,-0.0016785,-0.0042758,0.00015259,2.5015,4.9786,0.00061035
-0.0177,-0.00091553,-0.0028506,-0.0018311,2.5015,4.9792,0.00030518
-0.014496,0.00061035,-0.0042758,0.00015259,2.5009,4.9792,0.00061035
-0.0094604,0.0039673,-0.0047509,0.0068665,2.5003,4.9796,-0.00061035
-0.0080872,0.0033569,-0.0042758,0.013275,2.5015,4.9796,0.00030518
-0.0099182,-0.00015259,-0.0033257,0.013275,2.5015,4.9786,0.00030518
-0.009613,-0.0022888,-0.0038007,0.013123,2.5018,4.9792,0
-0.014648,-0.00045776,-0.0047509,0.022125,2.5012,4.9792,0.00030518
-0.018921,0.0013733,-0.0042758,0.029602,2.5018,4.9796,0
-0.020294,0.0030518,-0.0042758,0.027618,2.5009,4.9777,0.00091553
-0.011749,0.0022888,-0.0047509,0.016785,2.5009,4.9789,0
-0.0079346,0.0032043,-0.0042758,0.010681,2.5018,4.9789,0
-0.015106,0.0027466,-0.0042758,0.011444,2.5024,4.9796,0
-0.019531,0.00076294,-0.0042758,0.0094604,2.5009,4.9792,0.00030518
-0.015869,0.0010681,-0.0047509,0.0045776,2.5006,4.9786,0.00030518
-0.0022888,0.002594,-0.0047509,-0.0021362,2.5009,4.9792,-0.00030518
0.0064087,0.0038147,-0.0042758,-0.0053406,2.5015,4.9789,0.00061035
0.0030518,0.0030518,-0.0047509,-0.00045776,2.5009,4.9792,-0.00030518
-0.007782,0.0021362,-0.0042758,0.0054932,2.5018,4.9786,-0.00030518
-0.020599,0.00045776,-0.005226,0.010376,2.5018,4.9792,-0.00030518
-0.01358,-0.00076294,-0.005226,0.010529,2.5006,4.9792,0
-0.0038147,-0.00076294,-0.0047509,0.010681,2.5003,4.9786,0.00030518
-0.00015259,0.0010681,-0.0047509,0.007782,2.5015,4.9783,0.00061035
-0.0010681,0.0015259,-0.0047509,0.002594,2.5003,4.9777,-0.00061035
-0.00045776,0.00061035,-0.0047509,-0.0013733,2.5018,4.978,0.00061035
-0.0015259,0.0021362,-0.0042758,0.0021362,2.5015,4.978,0
-0.0022888,0.0036621,-0.005226,0.0057983,2.5009,4.978,0.00030518
-0.0048828,0.0041199,-0.0047509,0.0035095,2.5012,4.9783,-0.00030518
-0.0042725,0.0042725,-0.005226,0.00091553,2.5015,4.9783,-0.00061035
-0.0027466,0.0030518,-0.0042758,-0.00030518,2.5012,4.9771,0.00061035
0.0091553,0.0022888,-0.005226,-0.0018311,2.5015,4.9765,0.00030518
0.0065613,0.00061035,-0.005701,-0.0021362,2.5018,4.978,0.00030518
-0.0061035,0.0010681,-0.005226,0.0013733,2.5015,4.9774,0.00030518
-0.0061035,0.0015259,-0.0042758,0.0074768,2.5012,4.9777,0.00030518
-0.0065613,0.0028992,-0.0042758,0.014343,2.5009,4.9774,0.00030518
-0.013885,0.0038147,-0.0047509,0.019226,2.5015,4.9783,-0.00030518
-0.016022,0.0039673,-0.0047509,0.020752,2.5018,4.9786,0.00030518
-0.0067139,0.0028992,-0.0042758,0.018768,2.5027,4.9786,0
0.0059509,0.0030518,-0.0042758,0.011139,2.5024,4.9792,-0.00030518
0.0010681,0.0041199,-0.0038007,0.0013733,2.5015,4.9792,0.00030518
-0.00030518,0.0028992,-0.0042758,-0.0016785,2.5015,4.9789,0.00030518
-0.0054932,0.0018311,-0.0047509,0.00045776,2.5015,4.9796,0.00091553
-0.0054932,0.0019836,-0.0047509,0.002594,2.5015,4.9792,0
-0.0086975,0.0015259,-0.005226,0.0015259,2.5018,4.9792,-0.00030518
-0.017548,-0.00061035,-0.0042758,0.0057983,2.5006,4.9777,-0.00030518
-0.013428,-0.0012207,-0.0047509,0.012054,2.5012,4.9786,0
-0.0041199,-0.0024414,-0.0047509,0.014801,2.5006,4.9786,0.00061035
-0.00015259,-0.00030518,-0.0047509,0.0057983,2.5018,4.9789,0.00030518
0.0010681,-0.00030518,-0.0028506,-0.0018311,2.5003,4.9789,0
0.007019,-0.00045776,-0.005226,-0.0030518,2.5006,4.9789,0.00030518
0.019226,-0.00045776,-0.0042758,-0.0016785,2.5015,4.9786,0.00030518
0.0079346,-0.00045776,-0.0042758,-0.0030518,2.5024,4.9789,-0.00061035
-0.01236,-0.00045776,-0.0047509,-0.0054932,2.5006,4.9792,0.00061035
-0.016632,0.00045776,-0.0042758,-0.0016785,2.5015,4.9799,-0.00030518
-0.0059509,0.00030518,-0.0042758,0.0032043,2.5006,4.9796,0.00030518
-0.0032043,0.0010681,-0.005226,0.0076294,2.5018,4.9786,0.00030518
-0.007019,-0.00076294,-0.0042758,0.0097656,2.5009,4.9792,-0.00061035
-0.0080872,0.0012207,-0.0042758,0.0071716,2.5015,4.9796,0.00030518
-0.0038147,0.0061035,-0.005226,0.0018311,2.4997,4.9786,0.00030518
-0.0067139,0.0074768,-0.0042758,0.00030518,2.5012,4.9786,0
-0.0076294,0.0038147,-0.0047509,0.0013733,2.5009,4.9786,-0.00061035
-0.0045776,0.0024414,-0.0047509,0.0042725,2.5012,4.9802,-0.00061035
0.012054,0.0016785,-0.0042758,0.0067139,2.5018,4.9786,0
0.014954,-0.00061035,-0.005226,0.0056458,2.5015,4.9789,-0.00030518
0.00030518,-0.0013733,-0.005226,-0.00015259,2.5015,4.9799,-0.00030518
-0.013275,0.0018311,-0.0047509,0.0028992,2.5024,4.9786,0.00061035
-0.015717,0.0022888,-0.005226,0.0080872,2.5015,4.9799,0
-0.016632,0.0035095,-0.005701,0.0071716,2.5015,4.9792,0.00030518
-0.010071,0.0038147,-0.0047509,0.0047302,2.5018,4.9786,-0.00030518
-0.009613,0.0015259,-0.0038007,0.0076294,2.5009,4.9777,-0.00030518
0.0016785,0.0010681,-0.0047509,0.010376,2.5009,4.9786,0.00030518
0.0061035,0.0027466,-0.0047509,0.012207,2.5021,4.9792,0
-0.0022888,0.002594,-0.005226,0.014954,2.5012,4.9786,-0.00030518
0.00076294,0.00045776,-0.005226,0.013885,2.5015,4.9786,0.00030518
0.0065613,0.00091553,-0.005226,0.010223,2.5009,4.9789,0
0.014648,0.0028992,-0.0042758,0.011597,2.5021,4.9799,0
0.023956,0.0027466,-0.005226,0.013885,2.5024,4.9786,0.00030518
0.011902,0.00061035,-0.0042758,0.013428,2.5018,4.978,0.00030518
-0.0054932,-0.0016785,-0.0042758,0.012817,2.5018,4.9789,0
-0.0071716,-0.0013733,-0.0047509,0.011902,2.5015,4.9783,0.00030518
0.012665,-0.00091553,-0.0047509,0.012512,2.5006,4.9789,0
0.004425,0.00076294,-0.0042758,0.015411,2.5018,4.9792,0.00030518
-0.007019,0.0030518,-0.0042758,0.016937,2.5015,4.9796,0.00030518
-0.0073242,0.0053406,-0.0047509,0.014038,2.5015,4.9783,0
-0.004425,0.0064087,-0.0033257,0.013428,2.5012,4.9789,-0.00030518
-0.0061035,0.0054932,-0.0047509,0.016937,2.5012,4.9786,0.00030518
-0.0076294,0.004425,-0.005226,0.018311,2.5012,4.9796,0.00061035
-0.011444,0.0041199,-0.005226,0.015564,2.5009,4.9789,0.00030518
-0.010223,0.002594,-0.0047509,0.01236,2.5015,4.9783,0
-0.0068665,0.0028992,-0.0047509,0.010071,2.5009,4.9774,0
-0.010376,0.0039673,-0.0047509,0.007782,2.5012,4.9783,0.00030518
-0.019531,0.0027466,-0.0047509,0.0054932,2.5003,4.9789,0.00061035
-0.014343,0.0019836,-0.0042758,0.0048828,2.5018,4.9786,-0.00030518
-0.0065613,0.0015259,-0.0047509,0.005188,2.5015,4.9789,0.00030518
0.0030518,0.00045776,-0.0047509,0.0080872,2.5012,4.9792,0.00030518
0.013733,0.00061035,-0.0047509,0.0099182,2.5009,4.9792,0.00061035
-0.0013733,0.0015259,-0.0042758,0.0080872,2.5021,4.9789,-0.00030518
-0.0053406,0.00061035,-0.0047509,0.0045776,2.5015,4.9792,0.00061035
-0.0012207,-0.0030518,-0.0047509,0.0013733,2.5015,4.9789,0
-0.0090027,-0.0027466,-0.005226,0.0018311,2.5018,4.9796,0.00030518
-0.0054932,0.00030518,-0.0047509,0.0032043,2.5018,4.9789,0.00030518
-0.0012207,-0.00015259,-0.0042758,0.0016785,2.5009,4.978,0.00061035
0.007782,-0.0015259,-0.0042758,-0.0033569,2.5,4.9777,0.00030518
0.0088501,-0.0013733,-0.0042758,-0.0042725,2.5015,4.9783,0.00061035
0.0036621,0.0018311,-0.005226,-0.0027466,2.5009,4.9783,-0.00030518
0.0012207,0.0035095,-0.0042758,-0.0041199,2.5018,4.9783,-0.00030518
-0.0042725,0.0016785,-0.005226,-0.0047302,2.5015,4.9786,0.00061035
-0.0064087,-0.0015259,-0.0042758,-0.0038147,2.5015,4.9783,0.00030518
-0.0083923,-0.0028992,-0.0047509,-0.0032043,2.5006,4.9771,-0.00061035
-0.010376,-0.0019836,-0.0047509,-0.0019836,2.5012,4.9774,-0.00061035
0.005188,0.0015259,-0.0047509,0.0021362,2.5012,4.9768,-0.00030518
0.011139,0.00091553,-0.0042758,0.0050354,2.5012,4.978,0
-0.012207,-0.00015259,-0.0042758,0.0050354,2.5021,4.9771,0.00061035
-0.02655,0.00091553,-0.0038007,0.0050354,2.5024,4.978,-0.00061035
-0.018005,0.0013733,-0.0047509,0.007782,2.5009,4.9774,0.00030518
-0.0041199,-0.00076294,-0.0042758,0.010986,2.5018,4.9792,-0.00061035
-0.0080872,-0.0012207,-0.0047509,0.012817,2.5006,4.9783,0
-0.012054,0.00061035,-0.0047509,0.010071,2.5015,4.9786,0.00030518
-0.014343,0.0024414,-0.0047509,0.0059509,2.5006,4.9792,0
-0.022888,0.00076294,-0.0047509,0.0057983,2.5018,4.9796,-0.00030518
-0.018311,-0.0015259,-0.0047509,0.0071716,2.5006,4.9789,0.00030518
-0.010223,-0.0016785,-0.0042758,0.0064087,2.5009,4.9789,0.00030518
-0.0061035,0.00045776,-0.0038007,0.0036621,2.5009,4.9783,0.00030518
-0.0061035,0.00030518,-0.005226,0.004425,2.5012,4.9783,-0.00030518
-0.007019,-0.0013733,-0.0047509,0.0099182,2.5021,4.9789,-0.00030518
-0.007019,-0.0041199,-0.005226,0.015106,2.5018,4.9786,0.00030518
-0.0083923,-0.0042725,-0.0042758,0.017548,2.5021,4.9786,0.00030518
-0.0082397,-0.0019836,-0.0042758,0.018005,2.5003,4.9783,0.00030518
-0.010986,-0.0019836,-0.0042758,0.020447,2.5012,4.978,-0.00030518
-0.0177,-0.0027466,-0.005226,0.02121,2.5006,4.9771,0.00030518
-0.012817,-0.0042725,-0.0047509,0.021973,2.5024,4.9783,-0.00030518
-0.016022,-0.0024414,-0.005226,0.023956,2.5018,4.9783,-0.00030518
-0.015411,-0.0012207,-0.0042758,0.028381,2.5018,4.9792,-0.00030518
-0.0083923,-0.0019836,-0.0047509,0.029297,2.5006,4.9796,0
-0.0059509,-0.0015259,-0.0042758,0.028839,2.5012,4.9792,0.00030518
-0.012207,-0.0022888,-0.0047509,0.027008,2.5,4.9792,0
-0.014191,-0.0012207,-0.005701,0.024872,2.5021,4.9792,0.00030518
-0.0053406,-0.00076294,-0.005226,0.022583,2.5015,4.9789,0.00030518
0.0022888,-0.0019836,-0.0038007,0.02121,2.5021,4.9789,0.00030518
-0.0012207,-0.0016785,-0.0042758,0.019073,2.5021,4.9799,-0.00061035
0.0036621,-0.00076294,-0.0042758,0.013733,2.5012,4.9789,0
-0.0027466,-0.00061035,-0.0042758,0.010529,2.5021,4.9789,0.00030518
-0.0074768,-0.0019836,-0.0047509,0.010529,2.5021,4.9792,-0.00030518
-0.010223,-0.0015259,-0.0047509,0.014801,2.5012,4.9796,0.00030518
-0.021515,-0.00076294,-0.0047509,0.019073,2.5021,4.9786,0
-0.027313,-0.0016785,-0.005701,0.02121,2.5015,4.9796,0
-0.019836,-0.0013733,-0.0047509,0.019836,2.5015,4.9796,0
-0.010071,-0.0010681,-0.0047509,0.018311,2.5009,4.9789,0.00061035
-0.0033569,-0.00061035,-0.0047509,0.012817,2.5009,4.9796,-0.00091553
0.0035095,-0.00076294,-0.0042758,0.0054932,2.5012,4.9777,0.00030518
0.0045776,0.00045776,-0.0042758,0.0019836,2.5003,4.9783,0.00030518
-0.015106,0.0027466,-0.0047509,0.0062561,2.5018,4.9789,-0.00030518
-0.032806,0.0024414,-0.0038007,0.014648,2.5018,4.9805,-0.00030518
-0.030212,0.00045776,-0.0038007,0.013428,2.5003,4.9786,-0.00030518
-0.015717,-0.00030518,-0.005226,-0.0022888,2.5012,4.9783,0.00030518
0.00015259,-0.0032043,-0.0028506,-0.019226,2.5015,4.9789,-0.00030518
0.0057983,-0.0033569,-0.0038007,-0.022888,2.5012,4.9792,0.00061035
-0.0035095,-0.00076294,-0.0047509,-0.015411,2.5009,4.9783,0
-0.017242,0.00091553,-0.0042758,-0.0085449,2.5021,4.9786,0.00030518
-0.022583,0.0018311,-0.0038007,-0.0057983,2.5,4.9789,-0.00061035
-0.007019,0.00045776,-0.0047509,-0.0045776,2.5012,4.9786,0
-0.0036621,0.00091553,-0.005226,-0.0071716,2.5015,4.9789,0
-0.007782,0.00045776,-0.0042758,-0.011597,2.5009,4.9796,0.00030518
-0.0076294,0.00091553,-0.0038007,-0.015717,2.5018,4.9786,-0.00030518
-0.0053406,0.0027466,-0.005226,-0.018005,2.5018,4.978,0
-0.0027466,0.002594,-0.0047509,-0.018921,2.5015,4.9786,0
-0.0018311,0.0019836,-0.0047509,-0.016479,2.5018,4.9786,0.00091553
-0.0010681,0.0032043,-0.0047509,-0.0083923,2.5015,4.9786,0
-0.0030518,0.0024414,-0.005226,-0.00076294,2.5012,4.9789,-0.00030518
-0.0074768,0.0018311,-0.005226,0.005188,2.5024,4.9777,-0.00061035
0.0062561,-0.00091553,-0.0047509,0.0079346,2.5009,4.9786,0.00061035
0.017242,-0.0022888,-0.0047509,0.0088501,2.5003,4.9786,0
0.014648,-0.0019836,-0.0047509,0.0068665,2.5012,4.9796,0
0.0057983,-0.00076294,-0.0047509,0.0016785,2.5006,4.9789,0.00030518
-0.0032043,0.00091553,-0.005226,0.00076294,2.5012,4.9799,-0.00030518
-0.004425,0.00015259,-0.0047509,0.0054932,2.5012,4.9792,0.00030518
-0.0012207,0.00076294,-0.0047509,0.012817,2.5012,4.9792,0.00030518
0.0024414,0.0028992,-0.005226,0.013733,2.5012,4.9783,0
0.0061035,0.0022888,-0.0047509,0.011292,2.5009,4.9796,0.00030518
0.00091553,0.0016785,-0.0028506,0.0047302,2.5006,4.9789,0.00030518
0.0027466,-0.0019836,-0.0042758,0.0012207,2.5015,4.9786,0
0.00030518,-0.0061035,-0.0042758,-0.00076294,2.5018,4.9786,0
0.011139,-0.0036621,-0.0047509,-0.0033569,2.5018,4.9777,0.00061035
0,-0.00030518,-0.0033257,0.00061035,2.5031,4.978,-0.00030518
-0.014038,-0.0010681,-0.0038007,0.0056458,2.5009,4.978,-0.00091553
-0.011139,-0.0013733,-0.0038007,0.0059509,2.5012,4.978,0
-0.0038147,-0.00076294,-0.0042758,0.0013733,2.5018,4.978,0.00030518
-0.0016785,-0.00061035,-0.0038007,-0.00091553,2.5012,4.9783,0.00030518
-0.0030518,-0.0019836,-0.0042758,0.0030518,2.5021,4.978,0
-0.0061035,-0.00061035,-0.0042758,0.0093079,2.5009,4.978,0
0.0028992,0.00015259,-0.0042758,0.011292,2.5009,4.9765,-0.00030518
0.004425,-0.0013733,-0.0042758,0.007019,2.5012,4.978,-0.00030518
0.0079346,-0.004425,-0.0047509,0.0033569,2.5018,4.9777,-0.00091553
0.013885,-0.0056458,-0.0042758,0.00091553,2.5015,4.9777,-0.00091553
0.014648,-0.0045776,-0.0038007,0.002594,2.5012,4.9774,0
0.010071,-0.0021362,-0.0047509,0.0091553,2.5012,4.9789,0.00030518
0.00091553,0.00045776,-0.0047509,0.016174,2.5006,4.9789,0.00030518
0.0022888,0.0032043,-0.005226,0.0177,2.5015,4.9789,0.00061035
0.0094604,0.005188,-0.005226,0.012817,2.5015,4.9783,-0.00030518
0.015259,0.0064087,-0.0047509,0.0067139,2.5015,4.9796,0.00061035
0.023193,0.0068665,-0.0042758,0.0091553,2.5015,4.9783,0.00061035
0.02533,0.0082397,-0.0042758,0.0093079,2.5012,4.9789,-0.00030518
0.02533,0.0090027,-0.005226,0.00061035,2.5021,4.9792,0
0.02655,0.0091553,-0.005701,-0.0094604,2.5012,4.9792,-0.00030518
0.026703,0.0079346,-0.0047509,-0.018616,2.5012,4.9783,0.00030518
0.026398,0.0093079,-0.0042758,-0.026855,2.5006,4.9786,0.00030518
0.021057,0.0086975,-0.0047509,-0.024872,2.5018,4.9786,0.00061035
0.01297,0.0082397,-0.0038007,-0.014191,2.5018,4.9789,-0.00030518
0.00076294,0.0076294,-0.0038007,-0.0057983,2.5009,4.9796,0.00061035
-0.0076294,0.0054932,-0.0047509,0.0018311,2.5003,4.978,0.00030518
-0.00061035,0.0030518,-0.0042758,0.0076294,2.5024,4.978,-0.00030518
0.0045776,0.0028992,-0.0042758,0.011902,2.5009,4.9789,-0.00030518
0.014801,0.0038147,-0.0038007,0.010071,2.5021,4.9792,0.00030518
0.013885,0.0028992,-0.0042758,0.007782,2.5009,4.9792,-0.00030518
0.0030518,0.0030518,-0.0038007,0.0039673,2.5012,4.9792,0
-0.0099182,0.0038147,-0.005701,0.0042725,2.5015,4.9789,0
-0.010071,0.0015259,-0.005226,0.0064087,2.5018,4.9786,0.00030518
-0.0027466,0.0012207,-0.0042758,0.010834,2.5006,4.9796,-0.00030518
-0.00076294,0.0016785,-0.0042758,0.014648,2.5018,4.9802,0.00091553
-0.0022888,0.0030518,-0.0042758,0.015564,2.5018,4.9792,0.00030518
-0.0012207,0.005188,-0.0047509,0.017395,2.5015,4.9799,0.00030518
-0.0079346,0.0061035,-0.0047509,0.022125,2.5015,4.9805,0.00030518
-0.011292,0.0053406,-0.0042758,0.026703,2.5015,4.9786,0
-0.0024414,0.0030518,-0.0047509,0.028381,2.5009,4.9792,0
0.0082397,0.0019836,-0.0042758,0.028076,2.5012,4.9792,0
0.011902,0.0041199,-0.0038007,0.024719,2.5015,4.9786,0
0.0041199,0.0050354,-0.0042758,0.024872,2.5021,4.9799,0
0.00015259,0.0016785,-0.0038007,0.024261,2.5015,4.9802,-0.00061035
0.00061035,0.00015259,-0.005226,0.024567,2.5006,4.9792,-0.00030518
0.00061035,-0.0015259,-0.0038007,0.028076,2.5018,4.9777,0.00061035
0.0027466,-0.0042725,-0.005226,0.030975,2.5009,4.9789,0.00030518
-0.013275,-0.0039673,-0.0038007,0.028687,2.5015,4.9789,-0.00030518
-0.020905,-0.0030518,-0.0047509,0.030518,2.5009,4.9792,0.00030518
-0.01709,-0.0032043,-0.0047509,0.030823,2.5015,4.9792,0.00030518
-0.01358,-0.0042725,-0.0042758,0.031281,2.5,4.9783,0.00061035
-0.011292,-0.0036621,-0.005226,0.030365,2.5015,4.9789,0.00030518
-0.0065613,-0.004425,-0.0047509,0.02533,2.5006,4.9789,-0.00030518
-0.0035095,-0.0054932,-0.005701,0.023804,2.5012,4.9783,0.00061035
-0.0045776,-0.0042725,-0.005701,0.020447,2.5006,4.9796,0.00091553
0.0033569,-0.0018311,-0.0047509,0.010834,2.5018,4.9789,0
0.020447,0.00030518,-0.0038007,0.0027466,2.5006,4.9799,0
0.023193,0.0010681,-0.0047509,-0.00015259,2.5012,4.9786,-0.00030518
0.022125,0.0032043,-0.0042758,-0.0019836,2.5012,4.9796,0.00030518
0.016937,0.0038147,-0.0047509,-0.0016785,2.5018,4.9786,0.00030518
0.0085449,0.0053406,-0.0047509,-0.0032043,2.5018,4.9789,0.00030518
0.010986,0.0067139,-0.0047509,-0.0056458,2.5021,4.9789,0
0.016327,0.007019,-0.0042758,-0.0022888,2.5024,4.9783,-0.00030518
0.022125,0.0053406,-0.0038007,0.0085449,2.5006,4.978,0.00030518
0.021973,0.0018311,-0.0047509,0.021057,2.5009,4.978,0.00061035
0.012512,-0.00015259,-0.0038007,0.026703,2.5006,4.978,0
0.014038,0.00061035,-0.005226,0.020599,2.5012,4.9789,-0.00030518
0.012512,0.0015259,-0.0033257,0.016632,2.5015,4.9789,-0.00061035
0.016479,-0.00030518,-0.0042758,0.019073,2.5015,4.9789,0.00030518
0.02121,-0.0027466,-0.0047509,0.025787,2.5018,4.9786,-0.00030518
0.023651,-0.0028992,-0.0042758,0.022736,2.5012,4.9786,0.00030518
0.014954,-0.0019836,-0.005226,0.016174,2.5009,4.9792,0
0.011444,-0.0021362,-0.0047509,0.0094604,2.5018,4.9789,0.00030518
0.010529,-0.0013733,-0.005226,0.0053406,2.5009,4.9792,0.00030518
0.0036621,-0.0022888,-0.0042758,0.0047302,2.5009,4.9802,0
-0.0056458,-0.0013733,-0.0033257,0.013885,2.5012,4.9796,-0.00091553
-0.0024414,0.0018311,-0.0047509,0.023499,2.5012,4.9792,-0.00030518
0.0019836,0.002594,-0.0047509,0.025482,2.5012,4.9792,0.00030518
0.0067139,0.0019836,-0.0047509,0.022278,2.5015,4.9783,0
0.012512,0.00045776,-0.0047509,0.016022,2.5015,4.9777,-0.00030518
0.01358,0.0022888,-0.0047509,0.0093079,2.5015,4.9783,-0.00030518
0.0083923,0.0038147,-0.0047509,0.0048828,2.5012,4.9783,0
0.0080872,0.0027466,-0.0047509,0.00045776,2.5006,4.9774,0.00030518
0.011139,0.00091553,-0.0047509,-0.0039673,2.5012,4.9777,0
0.01358,0.00076294,-0.005226,-0.0080872,2.5015,4.9783,0.00061035
0.01297,0.0016785,-0.0038007,-0.0085449,2.5015,4.9774,0
0.018616,0.0027466,-0.0061761,-0.0071716,2.5009,4.9771,0
0.015717,0.0039673,-0.0042758,-0.0019836,2.5024,4.9774,-0.00030518
-0.0039673,0.0042725,-0.0033257,0.0039673,2.5015,4.9777,0.00061035
-0.011444,0.0056458,-0.0042758,0.0074768,2.5009,4.978,0.00030518
-0.0045776,0.0067139,-0.0042758,0.0068665,2.5006,4.9771,0.00030518
0.0045776,0.0065613,-0.0042758,0.0053406,2.5012,4.9777,0
0.0085449,0.005188,-0.0061761,0.0050354,2.5018,4.9783,0.00030518
0.0030518,0.0032043,-0.0042758,0.0065613,2.5012,4.9786,0.00030518
0.0045776,0.0032043,-0.0047509,0.0076294,2.5006,4.9789,0.00030518
0.0088501,0.0035095,-0.0047509,0.0064087,2.5015,4.9786,-0.00030518
0.010071,0.0041199,-0.0042758,0.0094604,2.5003,4.9792,-0.00030518
-0.004425,0.0030518,-0.0047509,0.015564,2.5018,4.978,0.00030518
-0.0091553,-0.00015259,-0.0042758,0.016632,2.5012,4.9789,0
-0.0059509,0.00015259,-0.0047509,0.010681,2.5018,4.9789,-0.00091553
-0.00045776,0.0010681,-0.0047509,0.0091553,2.5015,4.9786,0.00030518
0.011139,0.0012207,-0.0042758,0.015411,2.5012,4.9796,0.00030518
0.029144,0.00045776,-0.005226,0.019226,2.5009,4.9786,0.00061035
0.01709,-0.0013733,-0.0047509,0.016022,2.5009,4.9786,-0.00030518
0.0082397,-0.0024414,-0.0047509,0.01297,2.5006,4.9792,-0.00030518
0.011749,-0.00015259,-0.0047509,0.01297,2.5015,4.9774,0
0.017395,0.0012207,-0.005701,0.0097656,2.5009,4.9783,-0.00061035
0.0099182,0.0016785,-0.005226,0.0057983,2.5015,4.9786,-0.00091553
-0.0016785,-0.0033569,-0.0042758,-0.00091553,2.5018,4.9796,0.00030518
-0.0054932,-0.007019,-0.0033257,-0.0074768,2.5009,4.9792,0
-0.0099182,-0.007782,-0.0047509,-0.0085449,2.5012,4.9792,0.00061035
-0.010223,-0.0080872,-0.005226,-0.0022888,2.5018,4.9789,0
-0.0068665,-0.0091553,-0.0047509,0.0068665,2.5009,4.9789,0
-0.013733,-0.0091553,-0.0047509,0.011444,2.5021,4.9789,0.00061035
-0.023804,-0.0053406,-0.0042758,0.014648,2.5009,4.9796,0
-0.034637,-0.0019836,-0.005226,0.013428,2.5003,4.9796,0.00061035
-0.016785,0.00030518,-0.0042758,0.0050354,2.5012,4.9799,0.00030518
-0.0033569,0.0054932,-0.0042758,-0.0032043,2.5009,4.9792,-0.00030518
-0.00015259,0.0083923,-0.0047509,-0.0079346,2.5012,4.9792,0.00030518
0.0015259,0.011749,-0.0042758,-0.0099182,2.5006,4.9796,0.00030518
0.0053406,0.015106,-0.0047509,-0.010834,2.5015,4.9792,0.00091553
-0.002594,0.015106,-0.005226,-0.011749,2.5009,4.9786,-0.00091553
-0.011444,0.011597,-0.0047509,-0.013123,2.5015,4.9786,0
-0.010834,0.0082397,-0.0038007,-0.015411,2.5012,4.9789,-0.00030518
-0.014801,0.0042725,-0.0042758,-0.014191,2.5012,4.9792,-0.00030518
-0.014038,0.0019836,-0.0033257,-0.014343,2.5009,4.978,-0.00030518
0.0039673,0.00045776,-0.0042758,-0.017853,2.5018,4.9783,-0.00030518
0.0064087,-0.0030518,-0.0042758,-0.018616,2.5012,4.9783,-0.00061035
-0.00076294,-0.0061035,-0.0042758,-0.012817,2.5012,4.9789,0.00030518
0.00076294,-0.0061035,-0.005226,-0.0076294,2.5006,4.9789,0.00030518
-0.0054932,-0.0068665,-0.0047509,-0.0057983,2.5018,4.9789,0
-0.012054,-0.007782,-0.005226,-0.0048828,2.5021,4.9792,-0.00030518
-0.0079346,-0.0054932,-0.0042758,-0.0038147,2.5012,4.9789,0
-0.004425,-0.0048828,-0.005226,-0.0039673,2.5015,4.9783,-0.00030518
-0.0086975,-0.0027466,-0.0047509,-0.0061035,2.5003,4.9786,0
-0.012817,0.0027466,-0.0038007,-0.005188,2.5015,4.978,0.00030518
0.0010681,0.004425,-0.0038007,-0.0038147,2.5009,4.9786,-0.00061035
0.01236,0.0041199,-0.0042758,-0.0083923,2.5015,4.9789,0.00030518
0.0094604,0.0030518,-0.0042758,-0.013275,2.5012,4.9799,0
-0.0024414,-0.0018311,-0.0047509,-0.014801,2.5015,4.9796,0
-0.011139,-0.0057983,-0.005226,-0.013885,2.5024,4.9789,0
-0.011292,-0.0048828,-0.0047509,-0.015106,2.5006,4.9792,0
-0.0080872,-0.0048828,-0.0042758,-0.016632,2.5018,4.978,0.00061035
-0.010071,-0.0068665,-0.005226,-0.014801,2.5009,4.9796,0.00061035
-0.0042725,-0.0064087,-0.0047509,-0.015564,2.5021,4.9792,0.00030518
-0.0050354,-0.0071716,-0.0047509,-0.019989,2.5009,4.9771,0
-0.0036621,-0.0076294,-0.005226,-0.029907,2.5018,4.9786,0
0.0041199,-0.0079346,-0.005701,-0.041809,2.5003,4.9786,0.00030518
0.023346,-0.0091553,-0.0042758,-0.046997,2.5012,4.9792,0
0.020142,-0.0093079,-0.0042758,-0.042419,2.5012,4.9789,-0.00061035
0.0041199,-0.007019,-0.005226,-0.037384,2.5012,4.9792,0
0.0022888,-0.0086975,-0.0047509,-0.036316,2.5012,4.9789,0.00030518
0.0064087,-0.0073242,-0.0047509,-0.041962,2.5012,4.9786,0.00061035
0.013275,-0.0061035,-0.0038007,-0.051575,2.5018,4.9789,0
0.015564,-0.0042725,-0.0047509,-0.053864,2.5018,4.9792,-0.00061035
0.0085449,-0.0033569,-0.0038007,-0.05249,2.5027,4.9783,0
0.015717,-0.0019836,-0.0047509,-0.056458,2.5024,4.9789,0.00030518
0.015564,-0.00091553,-0.005226,-0.055847,2.5021,4.9783,-0.00030518
0.0045776,0.00076294,-0.0047509,-0.048828,2.5003,4.9783,0.00091553
0.0019836,0.0016785,-0.0042758,-0.042572,2.5018,4.9783,0
0.0032043,0.0042725,-0.005226,-0.044708,2.5006,4.9777,0
0.0073242,0.0061035,-0.0047509,-0.043335,2.5021,4.9768,0.00030518
0.0054932,0.0065613,-0.005226,-0.036316,2.5012,4.9786,-0.00030518
0.002594,0.0053406,-0.0047509,-0.032349,2.5018,4.9783,0
0.0093079,0.0057983,-0.0038007,-0.033569,2.5015,4.978,-0.00030518
0.01358,0.0053406,-0.005226,-0.034943,2.5012,4.9774,-0.00030518
0.026703,0.0056458,-0.0047509,-0.035706,2.5006,4.9777,0.00030518
0.02121,0.0035095,-0.0042758,-0.031433,2.5021,4.978,0
0.013885,0.0010681,-0.0042758,-0.027008,2.5018,4.978,0.00030518
0.018005,0.0012207,-0.0047509,-0.023651,2.5018,4.9774,0.00030518
0.0085449,0.0016785,-0.0047509,-0.020447,2.5015,4.9777,-0.00061035
-0.010071,-0.0033569,-0.0047509,-0.0177,2.5015,4.9774,-0.00030518
-0.012207,-0.0042725,-0.005226,-0.019836,2.5009,4.9789,-0.00030518
0.007019,-0.0047302,-0.005701,-0.022583,2.5012,4.9789,0.00030518
0.013123,-0.005188,-0.005701,-0.021057,2.5009,4.9786,-0.00061035
0.0021362,-0.0024414,-0.0047509,-0.018311,2.5021,4.9789,0.00091553
-0.0019836,-0.0024414,-0.0042758,-0.015717,2.5015,4.9774,-0.00061035
-0.00091553,-0.0030518,-0.0047509,-0.012512,2.5012,4.9777,-0.00030518
0.0074768,-0.00076294,-0.005226,-0.010223,2.5009,4.9783,-0.00030518
0.015869,0.0010681,-0.0033257,-0.0082397,2.5018,4.9786,0
0.015411,0.0015259,-0.0042758,-0.0062561,2.5015,4.9796,0
0.011749,0.0018311,-0.0042758,-0.0039673,2.5024,4.9789,0.00030518
0.010986,0.0016785,-0.005226,-0.0038147,2.5031,4.9792,0.00030518
0.012054,0.0032043,-0.0042758,-0.0074768,2.5012,4.9789,0
0.013428,0.0015259,-0.0033257,-0.014191,2.5015,4.9792,-0.00061035
0.00015259,0.0038147,-0.0038007,-0.015717,2.5009,4.9783,0.00030518
-0.011597,0.0059509,-0.0061761,-0.009613,2.5018,4.9783,0.00030518
-0.0047302,0.0038147,-0.0047509,-0.0010681,2.5009,4.9799,-0.00030518
0.00030518,0.0010681,-0.0042758,-0.0022888,2.5015,4.9789,0
-0.0015259,0.0021362,-0.0047509,-0.0067139,2.5021,4.9792,0
-0.0054932,0.0022888,-0.005226,-0.0067139,2.5015,4.9799,-0.00030518
-0.0085449,0.0030518,-0.0038007,-0.005188,2.5006,4.9799,0
-0.010681,0.0013733,-0.0047509,-0.0039673,2.5012,4.9792,0.00030518
-0.011139,-0.00030518,-0.0038007,-0.0050354,2.5003,4.9789,-0.00030518
-0.016937,-0.0030518,-0.0047509,-0.014191,2.5009,4.9792,0.00061035
-0.025024,-0.0036621,-0.0047509,-0.020599,2.5012,4.9789,-0.00030518
-0.012054,-0.0041199,-0.0047509,-0.016327,2.5018,4.9783,0
-0.0028992,-0.0080872,-0.0047509,-0.010529,2.5006,4.9796,0.00030518
-0.0042725,-0.010071,-0.0047509,-0.012207,2.5018,4.9792,-0.00030518
-0.010986,-0.011292,-0.0047509,-0.016327,2.5009,4.9796,0
-0.015106,-0.010986,-0.0038007,-0.014191,2.5018,4.9789,-0.00091553
-0.0018311,-0.009613,-0.0038007,-0.011902,2.5015,4.9792,-0.00061035
0.0059509,-0.0059509,-0.0042758,-0.012817,2.5009,4.9796,0.00030518
-0.0042725,-0.0021362,-0.0047509,-0.015106,2.5006,4.9783,0.00030518
-0.015717,-0.00091553,-0.0042758,-0.0080872,2.5021,4.9792,0
-0.026093,0.0021362,-0.0033257,0.007019,2.5006,4.978,0
-0.018921,0.007782,-0.0047509,0.01709,2.5015,4.9789,0.00030518
-0.018768,0.010681,-0.005226,0.017395,2.5009,4.9786,-0.00061035
-0.018768,0.011444,-0.005226,0.015259,2.5006,4.9789,-0.00030518
-0.010376,0.014191,-0.0047509,0.014496,2.5012,4.9786,0.00061035
-0.0024414,0.017242,-0.0042758,0.013275,2.5009,4.9789,-0.00091553
-0.00045776,0.018768,-0.005701,0.0094604,2.5018,4.9792,0.00061035
-0.0015259,0.016327,-0.0042758,0.0076294,2.5018,4.9789,0.00030518
0.005188,0.015717,-0.0042758,0.010986,2.5009,4.9789,-0.00061035
0.0090027,0.015106,-0.0042758,0.016632,2.5018,4.9786,0.00030518
0.0045776,0.014343,-0.0042758,0.021515,2.5015,4.9789,0.00061035
0.0036621,0.012817,-0.0047509,0.028229,2.5009,4.9799,-0.00030518
-0.0056458,0.010681,-0.0042758,0.030212,2.5012,4.9783,0.00030518
-0.012512,0.0079346,-0.0047509,0.026855,2.5015,4.9789,-0.00030518
-0.014191,0.010834,-0.005701,0.028534,2.5018,4.9783,0
-0.0074768,0.013428,-0.0042758,0.03067,2.5012,4.9792,-0.00030518
-0.00015259,0.0088501,-0.0038007,0.026703,2.5009,4.9792,0
0.010986,0.0038147,-0.005226,0.018311,2.5012,4.9789,-0.00030518
0.014191,0.0035095,-0.0033257,0.013885,2.5024,4.9783,0.00091553
0.0053406,0.0039673,-0.005226,0.016327,2.5003,4.9789,-0.00091553
-0.010223,0.0053406,-0.0047509,0.023651,2.5024,4.9777,-0.00030518
-0.010223,0.0086975,-0.005226,0.028076,2.5024,4.9789,0.00030518
-0.011597,0.010986,-0.0047509,0.025177,2.5018,4.9786,0.00030518
-0.013123,0.012817,-0.0042758,0.019531,2.5006,4.9792,-0.00061035
-0.0086975,0.015411,-0.0033257,0.019073,2.5018,4.9789,-0.00091553
-0.0024414,0.014801,-0.0042758,0.019073,2.5009,4.9792,-0.00030518
-0.0022888,0.013275,-0.0042758,0.019684,2.5018,4.9796,0.00061035
-0.0059509,0.012054,-0.0042758,0.02182,2.5009,4.9786,0.00030518
-0.0073242,0.0090027,-0.0047509,0.019379,2.5009,4.9792,0
-0.0036621,0.004425,-0.0042758,0.017242,2.5021,4.9796,0.00030518
-0.0050354,0.00091553,-0.0047509,0.022125,2.5009,4.9792,-0.00061035
-0.0068665,-0.0041199,-0.0033257,0.029755,2.5012,4.9792,0.00030518
-0.015259,-0.010071,-0.0047509,0.031281,2.5018,4.9786,-0.00061035
-0.0097656,-0.011597,-0.0042758,0.031891,2.5015,4.9783,0.00030518
0.0038147,-0.0094604,-0.0047509,0.03479,2.5015,4.9777,-0.00030518
0.0028992,-0.0059509,-0.0047509,0.035248,2.5006,4.9783,0.00030518
-0.0010681,-0.0022888,-0.0047509,0.031891,2.5015,4.9777,-0.00030518
-0.0035095,-0.00091553,-0.0047509,0.02655,2.5012,4.9783,-0.00030518
-0.0016785,-0.0016785,-0.005226,0.025177,2.5015,4.9786,0.00030518
0.0024414,-0.0027466,-0.0047509,0.025787,2.5015,4.978,0.00030518
-0.0035095,-0.0045776,-0.0028506,0.027008,2.5012,4.9774,0.00030518
-0.00076294,-0.012054,-0.0042758,0.030212,2.5009,4.9771,0.00030518
-0.00015259,-0.021515,-0.0042758,0.028992,2.5012,4.9774,-0.00091553
0.0041199,-0.02655,-0.0047509,0.019989,2.5,4.9783,-0.00061035
0.00076294,-0.022278,-0.0047509,0.010376,2.5006,4.978,0.00030518
0.0032043,-0.019073,-0.0042758,0.0074768,2.5015,4.978,-0.00030518
0.0094604,-0.015564,-0.005226,0.011749,2.5006,4.9789,0.00061035
-0.025635,-0.013275,-0.0038007,0.016785,2.5006,4.9783,-0.00030518
-0.052185,-0.010223,-0.0047509,0.018463,2.5012,4.9789,-0.00030518
-0.017395,-0.0057983,-0.0047509,0.019684,2.5015,4.9796,0.00030518
0.0042725,-0.0035095,-0.0047509,0.019989,2.5009,4.9783,0
-0.0038147,-0.0018311,-0.0047509,0.018768,2.5018,4.9786,0
-0.0041199,-0.00091553,-0.0042758,0.022278,2.5015,4.9792,0.00061035
0.00015259,0.00061035,-0.0038007,0.031738,2.5015,4.9789,0
-0.0038147,0.002594,-0.0047509,0.035706,2.5009,4.9789,0.00061035
0.0013733,0.002594,-0.0047509,0.029755,2.5015,4.9789,0
0.0016785,-0.00030518,-0.0038007,0.024872,2.5012,4.9799,0.00061035
-0.0032043,-0.0015259,-0.0042758,0.02655,2.5006,4.9789,0
-0.010834,0.0019836,-0.0042758,0.026093,2.5006,4.9792,0
-0.013885,0.0024414,-0.0047509,0.021667,2.5021,4.9802,0.00091553
-0.020294,0.0033569,-0.0042758,0.019531,2.5006,4.9774,-0.00061035
-0.012207,0.005188,-0.0042758,0.019531,2.5018,4.978,0.00061035
-0.0082397,0.0074768,-0.005226,0.021362,2.5012,4.9789,-0.00030518
-0.010223,0.007782,-0.0047509,0.032349,2.5021,4.9789,0
-0.0097656,0.0068665,-0.0042758,0.042572,2.5012,4.9792,-0.00030518
-0.0080872,0.0093079,-0.0042758,0.044861,2.5012,4.9789,-0.00030518
-0.011749,0.011292,-0.0047509,0.039978,2.5009,4.9792,0
-0.024719,0.0090027,-0.0042758,0.033264,2.5018,4.9789,0
-0.027771,0.0019836,-0.0047509,0.026398,2.5009,4.9789,-0.00030518
-0.024109,-0.0033569,-0.0038007,0.021515,2.5021,4.9786,0.00030518
-0.03418,-0.005188,-0.0042758,0.021667,2.5003,4.9786,-0.00061035
-0.027924,-0.004425,-0.0038007,0.02243,2.5015,4.9792,-0.00061035
-0.019836,0.00076294,-0.0038007,0.020599,2.5012,4.9796,0.00030518
-0.019379,0.0022888,-0.0047509,0.021057,2.5006,4.9786,0
-0.027161,0.004425,-0.005226,0.019836,2.5015,4.9792,-0.00061035
-0.022278,0.002594,-0.0042758,0.018005,2.5012,4.9792,-0.00030518
-0.016327,-0.0027466,-0.0047509,0.019073,2.5009,4.9796,0.00030518
-0.015717,-0.0035095,-0.0038007,0.02243,2.5012,4.9792,0
-0.022736,0.00045776,-0.0042758,0.02533,2.5015,4.9789,0
-0.029449,0.0062561,-0.0042758,0.023804,2.5015,4.9786,0
-0.022125,0.011292,-0.0042758,0.019989,2.5012,4.9771,0
-0.0065613,0.012207,-0.0028506,0.016479,2.5018,4.9777,-0.00030518
-0.014648,0.014343,-0.0047509,0.017853,2.5015,4.9792,0.00030518
-0.028076,0.020142,-0.0047509,0.018463,2.5018,4.9792,0
-0.03067,0.020447,-0.0047509,0.017395,2.5021,4.9789,0.00030518
-0.025177,0.019379,-0.0038007,0.016632,2.5015,4.9786,-0.00061035
-0.016022,0.017548,-0.0042758,0.014801,2.5015,4.9789,0
-0.0062561,0.011292,-0.0061761,0.01297,2.5012,4.9789,0.00030518
-0.0022888,0.005188,-0.0042758,0.014038,2.5015,4.978,0
-0.0028992,0.0048828,-0.005226,0.015869,2.5012,4.9792,0.00030518
-0.012054,0.0076294,-0.0042758,0.016479,2.5021,4.9796,-0.00030518
-0.0093079,0.0059509,-0.005226,0.015106,2.5009,4.9783,0.00061035
-0.0024414,0.0016785,-0.0042758,0.01358,2.5012,4.9786,0
0.0047302,-0.0012207,-0.0047509,0.0086975,2.5006,4.9792,0.00061035
0.0036621,-0.0013733,-0.0047509,0.0067139,2.5021,4.9792,0.00030518
0.005188,-0.0036621,-0.005226,0.010376,2.5006,4.9789,0
0.0035095,-0.0061035,-0.0047509,0.0093079,2.5024,4.9789,-0.00030518
0.0024414,-0.0090027,-0.0038007,0.0041199,2.5015,4.9789,0
0.0090027,-0.01297,-0.0033257,-0.0013733,2.5009,4.9792,-0.00061035
0.015717,-0.014954,-0.0042758,-0.0047302,2.5018,4.9792,-0.00030518
0.0080872,-0.014191,-0.0023755,-0.005188,2.5012,4.978,-0.00061035
0.0042725,-0.012054,-0.0042758,-0.004425,2.5009,4.9783,0.00030518
0.0012207,-0.0079346,-0.0047509,-0.00045776,2.5021,4.9783,0
0.005188,-0.0057983,-0.005226,0.0010681,2.5012,4.9789,0
0.0076294,-0.0057983,-0.005226,0.0019836,2.5012,4.9789,0.00030518
0.0030518,-0.0067139,-0.0042758,0.0053406,2.5012,4.9796,-0.00091553
0.0035095,-0.0091553,-0.005226,0.01297,2.5009,4.9792,-0.00061035
0.0088501,-0.011749,-0.0047509,0.009613,2.5009,4.9796,0.00030518
0.014801,-0.011139,-0.0038007,0.0015259,2.5018,4.9789,0.00030518
0.016022,-0.0067139,-0.0047509,-0.00091553,2.5021,4.9783,0
0.012207,-0.0024414,-0.0047509,0.004425,2.5018,4.9786,-0.00030518
0.017242,0.00015259,-0.0033257,0.0082397,2.5012,4.9796,0.00061035
0.014191,-0.0022888,-0.0047509,0.0076294,2.5003,4.978,0.00091553
0.0090027,-0.0088501,-0.0038007,0.0039673,2.5018,4.9777,0
0.0056458,-0.014801,-0.0047509,0.004425,2.5009,4.9783,0
0.009613,-0.01358,-0.0038007,0.0073242,2.5012,4.9783,0
0.010071,-0.0071716,-0.0047509,0.0090027,2.5006,4.9783,0
0.007782,0.0027466,-0.0047509,0.010529,2.5018,4.9777,-0.00030518
0.0045776,0.010376,-0.0047509,0.009613,2.5003,4.978,0
0.0021362,0.012054,-0.005226,0.0080872,2.5015,4.978,0
-0.005188,0.011597,-0.0038007,0.010071,2.5012,4.9762,0.00061035
-0.0021362,0.011902,-0.0047509,0.011444,2.5018,4.9768,-0.00030518
-0.0053406,0.011597,-0.0038007,0.012512,2.5012,4.9777,-0.00030518
-0.0056458,0.011597,-0.0042758,0.017242,2.5012,4.9777,0.00030518
-0.0018311,0.0076294,-0.005226,0.022888,2.5006,4.9774,-0.00091553
0.0010681,0.0022888,-0.0047509,0.02121,2.5009,4.9777,0
0.0041199,-0.0012207,-0.0042758,0.015869,2.5009,4.9783,0
-0.00045776,-0.0028992,-0.0033257,0.016632,2.5012,4.9789,0.00061035
0.0021362,-0.0028992,-0.0047509,0.021667,2.5018,4.9786,0
0.0071716,-0.00045776,-0.0033257,0.024719,2.5009,4.9799,0
0.00091553,0.00015259,-0.0042758,0.024872,2.5006,4.9786,0
-0.0010681,-0.00045776,-0.0038007,0.024872,2.5006,4.9799,0
-0.011292,-0.00045776,-0.0042758,0.027161,2.5021,4.9783,0.00061035
-0.023499,-0.0018311,-0.0038007,0.027771,2.5009,4.9786,0.00030518
-0.024109,-0.0041199,-0.0038007,0.032196,2.5018,4.9789,0.00061035
-0.019684,-0.002594,-0.0042758,0.037079,2.5009,4.9786,0.00030518
-0.019379,0.002594,-0.0047509,0.040131,2.5012,4.9783,0
-0.019073,0.0057983,-0.0038007,0.041351,2.5012,4.9786,-0.00030518
-0.013123,0.0054932,-0.0047509,0.037079,2.5006,4.9796,0.00061035
-0.011749,0.004425,-0.0033257,0.030365,2.5018,4.9789,0.00030518
-0.016785,0.0015259,-0.0042758,0.024872,2.5021,4.9777,0.00030518
-0.0056458,-0.0065613,-0.0042758,0.020142,2.5006,4.9777,0.00030518
-0.0047302,-0.011597,-0.0047509,0.016327,2.5006,4.9792,0.00030518
-0.0065613,-0.0074768,-0.0033257,0.01358,2.5015,4.9792,0.00030518
0.005188,-0.0067139,-0.0047509,0.0080872,2.5012,4.9789,-0.00061035
0.005188,-0.010681,-0.0047509,0.0042725,2.5012,4.9789,0.00030518
-0.010223,-0.013428,-0.0047509,0.0056458,2.5021,4.9792,-0.00030518
-0.020905,-0.013885,-0.0042758,0.0062561,2.5018,4.9789,-0.00030518
-0.023956,-0.010376,-0.0047509,0.0071716,2.5012,4.9786,0
-0.026245,-0.0071716,-0.0047509,0.0093079,2.5003,4.9802,-0.00030518
-0.024719,-0.0033569,-0.0042758,0.014954,2.5012,4.9786,-0.00030518
-0.015717,-0.00091553,-0.0047509,0.018921,2.5012,4.9786,0.00030518
-0.0097656,-0.00061035,-0.0047509,0.019836,2.5018,4.9792,-0.00061035
-0.010681,-0.0032043,-0.0038007,0.020142,2.5015,4.9783,-0.00061035
-0.010529,-0.0036621,-0.005226,0.015869,2.5018,4.9796,0
-0.014038,0.0016785,-0.0033257,0.012512,2.5003,4.9796,0.00030518
-0.017242,0.0097656,-0.0047509,0.013733,2.5006,4.9792,-0.00061035
-0.0080872,0.014496,-0.0047509,0.010223,2.5009,4.9783,0.00030518
0.0013733,0.017548,-0.0047509,0.0048828,2.5003,4.9799,-0.00030518
0.0035095,0.02121,-0.0047509,0.0036621,2.5015,4.9792,0.00030518
-0.00045776,0.02594,-0.0038007,0.0076294,2.5009,4.978,0.00030518
0.0022888,0.028076,-0.0047509,0.0062561,2.5012,4.9786,-0.00030518
0.0032043,0.028687,-0.0038007,0.005188,2.5015,4.9786,0.00030518
-0.0019836,0.025024,-0.0042758,0.007782,2.5015,4.9792,0.00061035
-0.033264,0.019531,-0.005701,0.0067139,2.5015,4.9786,0.00030518
-0.032806,0.01297,-0.0038007,0.0032043,2.5018,4.9792,0.00030518
0.026703,0.0074768,-0.0047509,0,2.5021,4.9789,-0.00061035
0.040741,0.0036621,-0.0042758,-0.0033569,2.5012,4.9786,-0.00061035
0.019379,-0.00076294,-0.0047509,-0.00030518,2.5015,4.9796,-0.00030518
0.0074768,-0.0076294,-0.0042758,0.0064087,2.5,4.9792,-0.00030518
0.0082397,-0.013123,-0.005226,0.0018311,2.5015,4.9792,0.00061035
0.010681,-0.014191,-0.0042758,-0.0094604,2.5021,4.9789,0.00030518
0.0062561,-0.014496,-0.0047509,-0.015869,2.5006,4.9783,-0.00061035
0.00061035,-0.015259,-0.0042758,-0.018158,2.5012,4.9792,-0.00061035
-0.0036621,-0.018311,-0.0047509,-0.020447,2.5012,4.9789,0.00030518
0.012512,-0.017242,-0.0042758,-0.018768,2.5009,4.9789,0
0.010834,-0.01358,-0.005226,-0.016632,2.5024,4.9789,0.00030518
0.0080872,-0.010986,-0.0042758,-0.017242,2.5012,4.9796,0.00061035
0.010834,-0.010376,-0.0047509,-0.014191,2.5018,4.9786,0.00030518
0.0032043,-0.0065613,-0.0042758,-0.0048828,2.5031,4.9783,0.00030518
-0.0071716,0,-0.0038007,0.0080872,2.5006,4.978,-0.00030518
0.011597,0.0073242,-0.0042758,0.014038,2.5018,4.9777,0
0.019684,0.010529,-0.0047509,0.014038,2.5009,4.9789,0.00061035
0.010834,0.010223,-0.0042758,0.011597,2.5015,4.9789,0
0.0028992,0.0065613,-0.0042758,0.011749,2.5015,4.9799,-0.00030518
-0.0032043,0.0035095,-0.0042758,0.014191,2.5024,4.9783,0.00030518
0.0056458,0.0048828,-0.0042758,0.016937,2.5009,4.9796,0
0.013428,0.0086975,-0.005226,0.015717,2.5015,4.9796,0.00030518
0.010834,0.0097656,-0.0042758,0.009613,2.5003,4.9792,-0.00030518
0.0039673,0.0039673,-0.0042758,0.0041199,2.5006,4.9789,-0.00030518
-0.00015259,-0.0047302,-0.0047509,-0.00045776,2.5012,4.9799,0.00030518
0.0056458,-0.007782,-0.0042758,-0.0057983,2.5015,4.9789,0
0.0056458,-0.0071716,-0.0038007,-0.0074768,2.5018,4.9783,0.00030518
-0.0032043,-0.0030518,-0.0042758,-0.002594,2.5018,4.978,0
-0.0073242,-0.0039673,-0.0033257,0.0028992,2.5009,4.978,0.00030518
-0.0065613,-0.0048828,-0.005226,0.0099182,2.5085,4.978,-0.00030518
-0.010071,-0.0042725,-0.0042758,0.016327,2.5012,4.9774,0
-0.018005,0.00045776,-0.0042758,0.017242,2.5015,4.9774,-0.00030518
-0.014343,0.0062561,-0.005226,0.012512,2.5018,4.9777,0
-0.012207,0.0082397,-0.005226,0.013123,2.5018,4.978,0.00030518
-0.02243,0.0064087,-0.0047509,0.018158,2.5012,4.9774,0
-0.014496,0.0036621,-0.0042758,0.018616,2.5012,4.9777,0.00061035
-0.0019836,0.00045776,-0.0047509,0.015106,2.5015,4.978,-0.00030518
-0.0028992,-0.0018311,-0.0042758,0.010223,2.5012,4.9777,-0.00030518
-0.0050354,-0.00015259,-0.0042758,0.0050354,2.5012,4.978,-0.00030518
-0.0012207,-0.00015259,-0.0042758,0.0053406,2.5003,4.9777,0.00030518
0.0035095,-0.0019836,-0.0042758,0.0097656,2.5012,4.9783,0.00030518
0.0054932,-0.0041199,-0.0047509,0.014038,2.5012,4.9789,-0.00030518
0.00061035,-0.0053406,-0.0033257,0.01297,2.5018,4.9789,-0.00030518
-0.0015259,-0.0057983,-0.005226,0.012054,2.5009,4.9786,-0.00030518
-0.0057983,-0.0056458,-0.0047509,0.010681,2.5021,4.9786,-0.00091553
0.0056458,-0.0082397,-0.0042758,0.0065613,2.5018,4.978,0
0.0088501,-0.0074768,-0.0042758,0.0054932,2.5024,4.9789,-0.00030518
0.0039673,-0.0071716,-0.0038007,0.0076294,2.5006,4.9789,-0.00061035
-0.0030518,-0.0091553,-0.0047509,0.0083923,2.5012,4.9789,-0.00030518
-0.002594,-0.0099182,-0.0042758,0.0054932,2.5006,4.9786,0.00030518
-0.00030518,-0.0082397,-0.0047509,0.0054932,2.5021,4.9786,0.00030518
0.002594,-0.0047302,-0.0033257,0.0091553,2.5009,4.9783,0.00030518
0.0080872,-0.0036621,-0.0038007,0.010986,2.5006,4.9789,0
0.0086975,-0.0030518,-0.005226,0.01236,2.5003,4.9786,0.00061035
0.0068665,-0.00076294,-0.0042758,0.016174,2.5021,4.9786,0
0.0054932,-0.00015259,-0.0047509,0.014038,2.5009,4.9789,-0.00030518
-0.002594,-0.0015259,-0.0047509,0.0097656,2.5018,4.9789,0.00030518
-0.0036621,-0.0027466,-0.0042758,0.009613,2.5018,4.9792,0.00030518
0.0016785,-0.0021362,-0.0047509,0.013275,2.5009,4.9789,-0.00030518
0.0085449,-0.00091553,-0.0042758,0.019226,2.5009,4.9792,0.00030518
0.0082397,-0.0024414,-0.0047509,0.020905,2.5009,4.9783,0.00061035
0.0016785,-0.0053406,-0.005226,0.015259,2.5009,4.9796,0.00061035
-0.0056458,-0.0059509,-0.0042758,0.012817,2.5021,4.9792,0.00061035
-0.0062561,-0.0085449,-0.0047509,0.010986,2.5015,4.9783,0.00030518
-0.007019,-0.0073242,-0.0042758,0.0076294,2.5015,4.9799,-0.00030518
0.00045776,-0.0047302,-0.0047509,0.010986,2.5018,4.9792,0
0.0067139,-0.0021362,-0.0042758,0.017242,2.5006,4.9789,0.00030518
0.0047302,0.00061035,-0.0042758,0.017395,2.5031,4.9796,0.00061035
-0.0045776,0.0039673,-0.0042758,0.015259,2.5009,4.9796,0.00030518
-0.007782,0.0061035,-0.005226,0.01297,2.5021,4.9792,0
-0.0036621,0.0053406,-0.0047509,0.005188,2.5006,4.9792,0.00030518
0.00091553,0.004425,-0.0042758,-0.0033569,2.5012,4.9792,0.00030518
0.0088501,0.0079346,-0.005226,-0.0093079,2.5015,4.978,0
0.010071,0.009613,-0.0047509,-0.0068665,2.5021,4.978,0
0.005188,0.005188,-0.0042758,0.0032043,2.5018,4.9786,0
0.014648,0.0036621,-0.0042758,0.0054932,2.5021,4.9777,-0.00030518
0.013428,0.0091553,-0.0042758,0.0028992,2.5015,4.9786,0.00030518
0.010529,0.01297,-0.0047509,-0.0018311,2.5012,4.9786,0
0.015411,0.011749,-0.0042758,-0.0054932,2.5021,4.9786,0.00030518
0.016632,0.0053406,-0.005701,-0.0032043,2.5015,4.9789,0
0.0093079,-0.00015259,-0.005226,-0.00091553,2.5021,4.9786,-0.00061035
0.007782,-0.00091553,-0.0047509,-0.0042725,2.5024,4.9786,0.00061035
0.015564,-0.0036621,-0.0038007,-0.009613,2.5015,4.9789,0.00061035
0.016785,-0.010376,-0.0042758,-0.0097656,2.5015,4.9789,0.00030518
0.0091553,-0.013275,-0.0042758,-0.007782,2.5,4.9789,0.00030518
0.015411,-0.011902,-0.005226,-0.0074768,2.5012,4.9783,0.00030518
0.016632,-0.010834,-0.0047509,-0.0082397,2.5009,4.9789,-0.00030518
0.016479,-0.0079346,-0.005701,-0.010529,2.5012,4.9783,0
0.0071716,-0.0071716,-0.0038007,-0.009613,2.5012,4.9786,0.00030518
0.0024414,-0.0076294,-0.0047509,-0.011139,2.5015,4.9792,0.00030518
0.0045776,-0.0094604,-0.0047509,-0.010986,2.5003,4.9796,0.00061035
0.0097656,-0.0038147,-0.005226,-0.0097656,2.5012,4.9792,0
0.014648,0.0032043,-0.0042758,-0.0067139,2.5009,4.9786,0.00061035
0.0030518,0.011139,-0.0047509,-0.0064087,2.5006,4.9796,0
-0.010223,0.016632,-0.005226,-0.0094604,2.5012,4.9771,-0.00061035
-0.0030518,0.01358,-0.005226,-0.015106,2.5015,4.9777,0
0.010071,0.005188,-0.0047509,-0.018463,2.5009,4.9786,-0.00030518
0.015106,-0.0016785,-0.0047509,-0.023499,2.5009,4.9789,-0.00030518
0.013885,-0.0036621,-0.0042758,-0.029755,2.5006,4.9786,0.00030518
0.012665,-0.0019836,-0.005226,-0.032959,2.5012,4.9792,-0.00061035
0.010223,-0.0085449,-0.0042758,-0.030365,2.5012,4.9792,0
0.0074768,-0.011444,-0.005226,-0.022888,2.5024,4.9789,-0.00030518
0.0030518,0.00061035,-0.0047509,-0.016327,2.5015,4.9792,-0.00030518
0.0038147,0.02243,-0.005226,-0.015564,2.5012,4.9792,0
0.0035095,0.035706,-0.0042758,-0.0085449,2.5015,4.9783,-0.00030518
0.0032043,0.032349,-0.0042758,0.0027466,2.5,4.9786,0.00030518
-0.0016785,0.018921,-0.0042758,0.0053406,2.5012,4.978,0.00030518
0.0039673,0.0097656,-0.005226,0.0018311,2.5012,4.9774,0
0.0083923,0.0080872,-0.0047509,0.00091553,2.5018,4.978,0
0.0094604,0.0088501,-0.0042758,0.0027466,2.5009,4.9783,0.00030518
0.0059509,0.0076294,-0.0047509,-0.0028992,2.5018,4.9777,0
0.00076294,0.0028992,-0.005226,-0.0091553,2.5015,4.9777,-0.00030518
0.0012207,-0.0033569,-0.005226,-0.0091553,2.5015,4.9792,0.00030518
-0.0036621,-0.0057983,-0.005226,0.00076294,2.5015,4.978,-0.00061035
-0.015564,-0.0073242,-0.0042758,0.020142,2.5015,4.9771,0.00030518
-0.02182,-0.0090027,-0.0047509,0.037689,2.5012,4.9774,0.00030518
-0.025635,-0.010376,-0.0047509,0.041809,2.5018,4.9774,-0.00061035
-0.020447,-0.0064087,-0.005226,0.037384,2.5009,4.9783,0.00030518
-0.012207,-0.0039673,-0.005226,0.030975,2.5009,4.978,-0.00030518
-0.0067139,-0.0032043,-0.005701,0.031891,2.5015,4.978,-0.00030518
-0.0057983,0.0010681,-0.0047509,0.036926,2.5021,4.978,0
-0.011139,0.005188,-0.005226,0.032959,2.5012,4.9792,0
-0.011444,0.007782,-0.005226,0.020905,2.5012,4.9789,-0.00030518
-0.0038147,0.012817,-0.0047509,0.0090027,2.5012,4.9786,0.00030518
-0.01297,0.015869,-0.0033257,0.0036621,2.5003,4.9786,0.00061035
-0.007782,0.014038,-0.0033257,0.0032043,2.5009,4.9786,0.00030518
-0.0024414,0.0094604,-0.0047509,0.00076294,2.5009,4.9789,0.00030518
-0.0013733,0.0030518,-0.005701,-0.0012207,2.5018,4.9792,0.00030518
0.0048828,-0.0022888,-0.0047509,-0.007782,2.5009,4.9789,0
0.0015259,-0.0076294,-0.0042758,-0.012207,2.5015,4.9786,0.00030518
-0.0048828,-0.011292,-0.0047509,-0.015564,2.5009,4.9789,0.00091553
-0.0083923,-0.013733,-0.0038007,-0.014038,2.5012,4.9789,-0.00061035
-0.0074768,-0.011292,-0.0047509,-0.013123,2.5015,4.9789,-0.00061035
0.002594,-0.0036621,-0.0038007,-0.020752,2.5012,4.9799,0
0.0099182,0.0045776,-0.0042758,-0.031281,2.5012,4.9777,0.00030518
0.02594,0.0067139,-0.0047509,-0.032959,2.5018,4.978,0.00061035
0.032349,0.0041199,-0.0047509,-0.031891,2.5015,4.9786,0
0.026245,0.0033569,-0.005226,-0.028076,2.5009,4.9786,0.00030518
0.021667,0.0065613,-0.0047509,-0.022583,2.5018,4.9792,-0.00030518
0.020599,0.0073242,-0.005226,-0.017242,2.5009,4.9789,0.00061035
0.014648,0.0056458,-0.005226,-0.0064087,2.5012,4.9792,-0.00091553
0.0018311,0.004425,-0.0038007,0.0048828,2.5018,4.9799,0.00030518
-0.007782,0.0080872,-0.0042758,0.0090027,2.5012,4.9789,0
-0.009613,0.014801,-0.0042758,0.0057983,2.5018,4.9783,0.00061035
-0.0065613,0.016632,-0.0042758,0.0036621,2.5027,4.9792,0
-0.0018311,0.014038,-0.005226,0.012054,2.5012,4.9796,0.00030518
-0.0080872,0.010986,-0.005226,0.020752,2.5006,4.9786,0.00061035
-0.01709,0.012054,-0.0042758,0.024872,2.5018,4.9792,0.00030518
-0.018158,0.007019,-0.005226,0.023651,2.5009,4.9792,0.00030518
-0.013275,-0.0022888,-0.0047509,0.019226,2.5012,4.9786,-0.00061035
-0.012054,-0.009613,-0.005226,0.017548,2.5012,4.9799,0.00061035
-0.0071716,-0.01358,-0.0047509,0.018768,2.5018,4.9792,0.00061035
-0.0059509,-0.015106,-0.005226,0.020905,2.5015,4.9783,-0.00030518
-0.010071,-0.011597,-0.0047509,0.023041,2.5018,4.9789,-0.00061035
-0.012512,-0.0061035,-0.005226,0.018158,2.5009,4.978,0.00030518
-0.010681,-0.0012207,-0.0047509,0.018158,2.5006,4.9783,0.00030518
-0.014648,0.0039673,-0.0047509,0.016632,2.5012,4.9783,0.00030518
-0.010376,0.0076294,-0.005226,0.007782,2.5015,4.9792,0.00061035
-0.00061035,0.0048828,-0.0047509,-0.00061035,2.5018,4.9786,-0.00030518
0.0053406,-0.0013733,-0.0042758,0.00045776,2.5009,4.9792,-0.00030518
0.0041199,-0.0071716,-0.0042758,0.0032043,2.5003,4.9789,0.00030518
-0.0038147,-0.0099182,-0.0042758,0.0068665,2.5009,4.9786,0.00030518
-0.009613,-0.014496,-0.0042758,0.01236,2.5015,4.9789,0
-0.010986,-0.015717,-0.0042758,0.020142,2.5015,4.9802,0.00030518
-0.014496,-0.014343,-0.0038007,0.028687,2.5015,4.9786,0
-0.0094604,-0.013275,-0.0038007,0.028534,2.5006,4.9783,0.00030518
-0.0094604,-0.015717,-0.0047509,0.024719,2.5018,4.9786,0.00030518
-0.0057983,-0.020905,-0.0038007,0.025635,2.4997,4.9783,0.00030518
-0.00061035,-0.017853,-0.005226,0.028381,2.5015,4.9786,0.00030518
0.0054932,-0.0053406,-0.0047509,0.03006,2.5006,4.9783,0.00030518
0.0074768,0.00091553,-0.0042758,0.030365,2.5009,4.9792,0.00030518
0.0090027,-0.00030518,-0.0042758,0.031738,2.5015,4.9799,0
0.0068665,-0.0015259,-0.0042758,0.027924,2.5012,4.9786,-0.00030518
0.0041199,0.00015259,-0.0042758,0.024414,2.5015,4.9783,0.00030518
-0.0074768,0.00015259,-0.0047509,0.02533,2.5018,4.9774,0.00030518
-0.0050354,-0.0015259,-0.0047509,0.024261,2.5003,4.9783,0.00030518
0.00061035,-0.0027466,-0.0047509,0.022125,2.5018,4.9792,0
0.0036621,-0.00045776,-0.0042758,0.021973,2.5021,4.9792,0
0.0032043,0.0035095,-0.0047509,0.021973,2.5012,4.9789,0.00030518
0.00030518,0.0048828,-0.0047509,0.023956,2.5009,4.9789,0
-0.0024414,-0.00045776,-0.0047509,0.021515,2.5012,4.9789,-0.00030518
0.00015259,-0.0019836,-0.0042758,0.013885,2.5003,4.9786,0
0.0048828,0.0053406,-0.0028506,0.0062561,2.5021,4.9783,-0.00061035
0.0035095,0.010071,-0.0042758,0.0048828,2.5006,4.9792,0.00030518
-0.0053406,0.0088501,-0.0047509,0.0091553,2.5015,4.9789,0
-0.0027466,0.0056458,-0.005226,0.014954,2.5009,4.9796,0
-0.0010681,0.007019,-0.0047509,0.015106,2.5006,4.9789,0
0.005188,0.0088501,-0.0038007,0.01358,2.5021,4.978,0
0.009613,0.0054932,-0.0042758,0.0093079,2.5009,4.9786,0
0.012817,0.0024414,-0.0042758,0.0094604,2.5012,4.9783,0.00030518
0.0019836,0.0042725,-0.0042758,0.010681,2.5015,4.9771,0.00061035
-0.0079346,0.0047302,-0.0038007,0.010223,2.5015,4.9777,0.00030518
-0.002594,0.0057983,-0.0042758,0.002594,2.5015,4.978,0.00030518
0.0032043,0.0088501,-0.0042758,-0.005188,2.5024,4.978,0
0.00076294,0.0083923,-0.0047509,-0.0088501,2.5015,4.9768,-0.00030518
0.0073242,0.0045776,-0.0042758,-0.0085449,2.5018,4.9771,0.00030518
0.0056458,0.0021362,-0.005226,-0.010529,2.5018,4.9777,-0.00030518
0.0024414,0.0015259,-0.0047509,-0.014191,2.5003,4.978,0.00091553
0.0027466,0.002594,-0.0047509,-0.010681,2.5009,4.9777,-0.00091553
0.0053406,0.0067139,-0.0042758,-0.002594,2.5009,4.9777,0
0.0018311,0.0097656,-0.0047509,0.00030518,2.5021,4.978,-0.00030518
-0.0021362,0.010071,-0.0038007,-0.00030518,2.5015,4.9789,0.00061035
-0.00076294,0.0064087,-0.0042758,-0.0036621,2.5021,4.9783,-0.00030518
0,0.0035095,-0.005701,-0.0041199,2.5021,4.9792,0.00030518
-0.0036621,0.0016785,-0.0047509,-0.0010681,2.5015,4.9783,0
0.0027466,0.00061035,-0.005226,-0.0027466,2.5015,4.9789,0.00061035
-0.0016785,0.0018311,-0.0042758,-0.0050354,2.5021,4.9789,-0.00030518
-0.0079346,0.0021362,-0.0047509,0.00045776,2.5018,4.9792,0
-0.012665,-0.00045776,-0.005226,0.0093079,2.5015,4.978,-0.00030518
-0.01297,-0.0064087,-0.0042758,0.0085449,2.5015,4.9786,0.00061035
-0.0094604,-0.0097656,-0.0033257,0.0015259,2.5003,4.9783,-0.00030518
-0.0086975,-0.0062561,-0.0061761,-0.0082397,2.5009,4.9789,0.00061035
-0.0053406,-0.005188,-0.0042758,-0.017853,2.5012,4.9792,0.00030518
-0.0030518,-0.0054932,-0.0042758,-0.019989,2.5018,4.9796,-0.00061035
-0.0053406,-0.0056458,-0.005226,-0.013885,2.5009,4.9783,0.00030518
0.0057983,-0.0041199,-0.005226,-0.017395,2.5021,4.978,-0.00030518
0.0086975,0.00045776,-0.0047509,-0.024414,2.5006,4.9786,0
0.0053406,0.0057983,-0.0047509,-0.021515,2.5015,4.9783,0
0.0035095,0.0048828,-0.0042758,-0.014038,2.5006,4.9796,0.00030518
-0.0019836,0.0024414,-0.0042758,-0.011902,2.5021,4.9789,0
-0.0054932,0.0035095,-0.005226,-0.014191,2.5012,4.9789,0.00030518
-0.0039673,0.00030518,-0.0047509,-0.015411,2.5021,4.9783,0
-0.0016785,-0.0035095,-0.0033257,-0.010834,2.5012,4.9792,0.00061035
-0.0053406,0.00015259,-0.0042758,-0.009613,2.5009,4.9777,0
-0.014038,0.0053406,-0.0047509,-0.015564,2.5009,4.9789,0
-0.0065613,0.0073242,-0.0047509,-0.021515,2.5024,4.9786,0.00030518
0.00091553,0.0047302,-0.0042758,-0.02121,2.5018,4.9789,0.00061035
0.0033569,0.0039673,-0.0047509,-0.021667,2.5009,4.9786,0.00030518
0.0053406,0.0036621,-0.0047509,-0.020447,2.5021,4.9789,0.0012207
-0.00045776,0.005188,-0.0047509,-0.017242,2.5003,4.9789,0.00030518
-0.0068665,0.0076294,-0.005226,-0.010986,2.5012,4.9799,-0.00061035
-0.0079346,0.010223,-0.0047509,-0.004425,2.5009,4.9799,0.00030518
-0.0080872,0.014191,-0.0047509,-0.00061035,2.5009,4.9777,0.00061035
-0.0090027,0.017395,-0.0047509,-0.0012207,2.5021,4.9796,-0.00030518
-0.015869,0.017242,-0.005701,-0.00030518,2.5018,4.978,-0.00061035
-0.0061035,0.010376,-0.0033257,0.0024414,2.5009,4.9792,0.00061035
0.0074768,0.0030518,-0.0042758,0.0022888,2.5015,4.9783,-0.00030518
0.011749,0.0010681,-0.0042758,0.0041199,2.5021,4.9792,0.00030518
0.004425,0.0041199,-0.0042758,0.0064087,2.5009,4.9789,0.00030518
0.0033569,0.0019836,-0.0047509,0.0041199,2.5012,4.9789,0
0.013885,-0.0062561,-0.005226,0.0061035,2.5015,4.9786,0
0.018463,-0.012817,-0.0047509,0.015259,2.5012,4.9783,0
0.014496,-0.013885,-0.0028506,0.023346,2.5009,4.978,0
0.00045776,-0.014343,-0.0047509,0.027161,2.5,4.9789,-0.00030518
-0.01358,-0.016632,-0.005226,0.024414,2.5009,4.9786,-0.00030518
-0.0041199,-0.016479,-0.005701,0.019226,2.5009,4.978,0.00061035
-0.0059509,-0.015869,-0.005226,0.015259,2.5021,4.9796,0.00030518
-0.011749,-0.015259,-0.005226,0.01297,2.5012,4.9792,0
-0.014343,-0.012817,-0.0038007,0.014954,2.5018,4.9789,0.00030518
-0.016937,-0.0082397,-0.0047509,0.014038,2.5009,4.9783,0.00091553
-0.011597,-0.0033569,-0.0038007,0.012817,2.5009,4.9792,0
-0.0067139,0,-0.0047509,0.01358,2.5009,4.9789,0
-0.015869,0.0027466,-0.0047509,0.022736,2.5018,4.9786,0.00030518
-0.033722,0.0065613,-0.0042758,0.028381,2.5012,4.9792,0.00030518
-0.035858,0.0056458,-0.0047509,0.022125,2.5003,4.9777,0
-0.015411,0.0033569,-0.0042758,0.012512,2.5009,4.9789,0.00030518
-0.0065613,-0.0018311,-0.0038007,0.0048828,2.5012,4.9792,0.00061035
-0.0038147,-0.0047302,-0.0047509,0.0013733,2.5012,4.9789,0
0.0067139,-0.0041199,-0.0028506,-0.0057983,2.5015,4.9792,0.00030518
0.0090027,-0.0045776,-0.005226,-0.012512,2.5018,4.9786,-0.00030518
0.0038147,-0.0064087,-0.0038007,-0.013885,2.5009,4.9802,0.00061035
-0.011444,-0.0027466,-0.0047509,-0.0097656,2.5015,4.9792,0
-0.016632,0.00076294,-0.0047509,-0.005188,2.5012,4.9783,0
-0.010223,0.0028992,-0.0042758,-0.0027466,2.5018,4.9783,0
-0.011139,0.0041199,-0.0042758,-0.00030518,2.5012,4.9789,0.00030518
-0.007782,0.0038147,-0.0047509,-0.0018311,2.5018,4.9796,0.00030518
-0.0083923,0.0053406,-0.0047509,-0.0039673,2.5015,4.9789,0.00030518
-0.00076294,0.0050354,-0.0038007,0,2.5021,4.9786,-0.00030518
0.0067139,0.0016785,-0.0033257,0.0082397,2.5003,4.9786,0.00030518
0.011597,0.0021362,-0.005226,0.0067139,2.5018,4.9783,0.00030518
0.0015259,0.0074768,-0.0042758,0.00061035,2.5012,4.9783,0
-0.0018311,0.0091553,-0.0047509,-0.0016785,2.5021,4.978,-0.00061035
0.0059509,0.010834,-0.005226,-0.0021362,2.5009,4.978,0.00061035
-0.00045776,0.01297,-0.0047509,-0.007019,2.5,4.9777,-0.00061035
-0.0074768,0.013885,-0.0042758,-0.014191,2.5009,4.9768,0.00030518
0.0071716,0.0062561,-0.0033257,-0.016785,2.5012,4.9771,-0.00030518
0.00091553,-0.00030518,-0.0042758,-0.007019,2.5012,4.9774,-0.00061035
-0.010529,0.0013733,-0.005226,0.0082397,2.5015,4.9774,0
-0.012665,0.0045776,-0.0042758,0.012665,2.5006,4.9777,-0.00030518
-0.021057,0.0065613,-0.005226,0.010529,2.5012,4.9771,0
-0.029602,0.0065613,-0.0047509,0.0079346,2.5015,4.9783,0
-0.035248,0.0030518,-0.0042758,0.014801,2.5003,4.9783,0.00061035
-0.03006,-0.0012207,-0.0047509,0.023499,2.5012,4.9789,0.00030518
-0.017548,-0.004425,-0.0042758,0.02121,2.5015,4.9786,0.00030518
-0.00045776,-0.013123,-0.0038007,0.010986,2.5012,4.9792,0.00061035
0.019989,-0.02243,-0.0042758,0.0041199,2.5003,4.9792,0.00030518
0.012817,-0.025177,-0.005226,0.0068665,2.5015,4.9789,0
0.017242,-0.020142,-0.0042758,0.0079346,2.5006,4.9783,0
0.021057,-0.012207,-0.005226,0.0056458,2.5015,4.9789,0.00030518
0.015564,-0.0090027,-0.0047509,0.0041199,2.5015,4.9789,0
0.011902,-0.0067139,-0.0038007,0.00091553,2.5027,4.9796,0.00030518
0.010986,-0.0071716,-0.005226,-0.00076294,2.5006,4.9789,0
0.005188,-0.0065613,-0.005226,0.0035095,2.5006,4.9792,-0.00030518
0.0012207,-0.007019,-0.0038007,0.0099182,2.5015,4.9799,-0.00030518
0.0048828,-0.0054932,-0.0047509,0.0085449,2.5015,4.9783,-0.00061035
0.034485,-0.0061035,-0.0042758,0.0016785,2.5015,4.9786,-0.00030518
0.052338,-0.015717,-0.0042758,-0.0067139,2.5009,4.978,-0.00030518
0.068665,-0.025024,-0.0042758,-0.0093079,2.5009,4.9792,0.00030518
0.077667,-0.023804,-0.0038007,-0.0035095,2.5012,4.9792,-0.00061035
0.041504,-0.018921,-0.0047509,0.0016785,2.5006,4.9796,0.00030518
0.01358,-0.016022,-0.005226,0.0033569,2.5003,4.9789,0
-0.00061035,-0.013885,-0.0038007,0.0086975,2.5009,4.9789,-0.00030518
-0.0057983,-0.0091553,-0.0047509,0.0093079,2.5015,4.9796,0.00030518
-0.00076294,0.0028992,-0.0042758,0.0028992,2.5015,4.9789,0
0.0030518,0.011139,-0.0047509,-0.0021362,2.5018,4.9786,0
0.0050354,0.011292,-0.0042758,0.0024414,2.5009,4.9792,0.00061035
-0.0093079,0.010986,-0.0042758,0.013123,2.5018,4.9789,-0.00061035
-0.023956,0.013885,-0.0042758,0.016327,2.5009,4.9789,0.00030518
-0.028534,0.014648,-0.0047509,0.010223,2.5018,4.9792,-0.00030518
-0.020447,0.015564,-0.0047509,0.0062561,2.5018,4.9786,0.00030518
-0.010223,0.014954,-0.0047509,0.0059509,2.5012,4.9792,0.00061035
-0.0047302,0.016785,-0.0047509,0.005188,2.5009,4.9789,0.00061035
-0.0074768,0.022125,-0.005701,0.0061035,2.5003,4.9792,0.00061035
-0.011902,0.023041,-0.0042758,0.0061035,2.5018,4.9799,0
-0.016785,0.024414,-0.005226,0.004425,2.5012,4.9786,0
-0.010376,0.024567,-0.0047509,-0.00045776,2.5015,4.9783,0.00030518
-0.0035095,0.021362,-0.0033257,-0.0086975,2.5015,4.9792,0
0.0059509,0.015717,-0.0042758,-0.010834,2.5009,4.9783,0
0.013428,0.018921,-0.005701,-0.0061035,2.5018,4.9786,0.00061035
0.012665,0.025482,-0.0047509,0.0021362,2.5012,4.9792,-0.00030518
0.007782,0.025482,-0.0047509,0.0024414,2.5012,4.9796,-0.00061035
0.0050354,0.020294,-0.005226,-0.0032043,2.5009,4.9783,0.00030518
0.0028992,0.014801,-0.0047509,-0.0012207,2.5012,4.9786,-0.00030518
-0.00061035,0.0067139,-0.0061761,-0.00015259,2.5015,4.978,0.00030518
0.002594,0.0019836,-0.0047509,-0.0013733,2.5006,4.9789,-0.00030518
0.013275,-0.0012207,-0.0042758,-0.0015259,2.5003,4.9789,0
0.0083923,-0.0038147,-0.0033257,0.0056458,2.5006,4.978,0
0.0030518,-0.0027466,-0.0047509,0.016785,2.5015,4.9789,0.00091553
0.0019836,0,-0.005701,0.02533,2.5021,4.978,0
0.0018311,-0.002594,-0.0047509,0.024719,2.5018,4.9786,0
0.0053406,-0.0059509,-0.005701,0.024872,2.5009,4.9789,-0.00061035
0.0050354,-0.0079346,-0.005226,0.02594,2.5018,4.9783,-0.00030518
0.0057983,-0.0039673,-0.0033257,0.028076,2.5009,4.9796,0.00091553
0.013123,0.0022888,-0.0047509,0.026245,2.5012,4.9796,0.00061035
0.0093079,0.015411,-0.005226,0.020599,2.5018,4.9774,0.00030518
0.00015259,0.033417,-0.0042758,0.01358,2.5018,4.9789,0.00061035
-0.0080872,0.04303,-0.0047509,0.012665,2.5012,4.9796,0.00030518
-0.0012207,0.033875,-0.005701,0.016785,2.5015,4.9792,0.00030518
0.0042725,0.022125,-0.0047509,0.018921,2.5012,4.9792,0
0.0024414,0.012512,-0.0042758,0.021362,2.5009,4.9796,0
-0.00045776,0.0036621,-0.0038007,0.022736,2.5015,4.9796,0.00030518
-0.0053406,0,-0.0042758,0.021973,2.5015,4.9786,-0.00061035
0,-0.0018311,-0.0042758,0.020294,2.5018,4.9786,-0.00030518
0.0054932,0.00091553,-0.0042758,0.018616,2.5015,4.9789,0.00030518
-0.016785,0.010071,-0.0047509,0.012512,2.5,4.9792,0.00030518
-0.014648,0.019226,-0.0047509,0.0054932,2.5009,4.9796,-0.00030518
-0.0050354,0.018921,-0.005226,0.0013733,2.5021,4.9792,0.00030518
0.0065613,0.0091553,-0.0042758,0.00030518,2.5009,4.978,-0.00030518
0.010223,-0.0028992,-0.0047509,-0.0062561,2.5015,4.9792,0.0012207
0.0074768,-0.021057,-0.0047509,-0.013428,2.5006,4.9777,-0.00030518
0.0053406,-0.039215,-0.005226,-0.012512,2.5018,4.9771,0.00061035
0.0027466,-0.048676,-0.0047509,-0.0042725,2.5015,4.978,-0.0012207
-0.0064087,-0.046539,-0.005226,0.0064087,2.5027,4.9783,0.00030518
-0.007782,-0.036926,-0.0042758,0.011749,2.5027,4.9786,0.00030518
-0.0085449,-0.026245,-0.0042758,0.010986,2.5018,4.9768,0.00030518
-0.012512,-0.015869,-0.0042758,0.013733,2.5009,4.9774,0.00030518
-0.0090027,-0.010223,-0.0047509,0.019226,2.5006,4.9783,0.00030518
-0.0039673,-0.0080872,-0.0047509,0.02182,2.5006,4.9777,-0.00061035
-0.0012207,-0.01297,-0.005226,0.017548,2.5009,4.9783,0
0.0056458,-0.02594,-0.005226,0.0085449,2.5009,4.9774,-0.00030518
0.0035095,-0.035553,-0.0047509,0.0054932,2.5015,4.9786,-0.00030518
-0.0010681,-0.029907,-0.0047509,0.0036621,2.5009,4.9792,0
-0.00045776,-0.024567,-0.0047509,-0.00076294,2.5024,4.9777,-0.00061035
-0.00076294,-0.025177,-0.0047509,-0.0010681,2.5012,4.9786,0.00061035
-0.0097656,-0.023041,-0.0033257,0.002594,2.5009,4.9789,0
-0.0086975,-0.011597,-0.0038007,-0.00076294,2.5015,4.9792,0.00030518
-0.0061035,-0.0038147,-0.0042758,-0.007782,2.5012,4.9789,0.00030518
-0.0071716,-0.0062561,-0.0042758,-0.0053406,2.5009,4.9789,0.00030518
-0.011902,-0.014648,-0.0042758,0.0039673,2.5003,4.9789,-0.00061035
-0.011597,-0.011444,-0.0042758,0.0083923,2.5015,4.9789,0.00030518
-0.00015259,0.0036621,-0.0038007,0.0094604,2.5024,4.9796,0
0.0045776,0.0088501,-0.0042758,0.0094604,2.5009,4.9792,0.00030518
0.00015259,0.0027466,-0.0042758,0.0024414,2.5018,4.978,-0.00061035
0.00030518,-0.0054932,-0.0047509,-0.0016785,2.5012,4.9777,0.00030518
0.00091553,-0.0080872,-0.0042758,0.0033569,2.5,4.978,0.00030518
0.01358,-0.0057983,-0.0047509,0.012207,2.5006,4.9786,0
0.013275,-0.0038147,-0.0042758,0.017548,2.5015,4.9796,-0.00061035
-0.00015259,-0.0032043,-0.0042758,0.020142,2.5009,4.9789,-0.00030518
-0.0041199,-0.0019836,-0.0042758,0.019531,2.5027,4.9796,0.00030518
0.0015259,0.00015259,-0.0047509,0.01709,2.5015,4.9786,0.00061035
-0.0018311,-0.0024414,-0.0042758,0.013123,2.5012,4.9796,-0.00061035
-0.004425,-0.0061035,-0.0047509,0.011902,2.5015,4.9789,-0.00091553
-0.0071716,-0.0085449,-0.0042758,0.017395,2.5012,4.9792,-0.00030518
-0.013733,-0.0090027,-0.0042758,0.024414,2.5018,4.9786,-0.00061035
-0.020294,-0.004425,-0.0047509,0.022278,2.5015,4.9789,0.00061035
-0.010529,0.007782,-0.0033257,0.01297,2.5027,4.9786,0.00030518
-0.004425,0.018311,-0.0042758,0.0093079,2.5015,4.9799,0.00061035
-0.0042725,0.020447,-0.0047509,0.014954,2.5018,4.9786,0.00061035
0.0012207,0.015869,-0.0038007,0.018005,2.5012,4.9789,0.00030518
0.0090027,0.012512,-0.0042758,0.018616,2.5021,4.9789,0.00061035
0.01236,0.015869,-0.0042758,0.016785,2.5018,4.9796,-0.00061035
0.020599,0.017853,-0.0042758,0.013123,2.5018,4.9789,-0.00030518
0.019989,0.018921,-0.0047509,0.010834,2.5012,4.9796,0.00030518
-0.00091553,0.018921,-0.005701,0.0033569,2.5027,4.9783,0.00030518
-0.004425,0.015106,-0.0042758,-0.0086975,2.5015,4.9774,-0.00030518
0.014038,0.0068665,-0.0042758,-0.016174,2.5021,4.9789,0.00030518
0.017242,0,-0.0042758,-0.0064087,2.5006,4.9783,0
0.0067139,-0.0036621,-0.0042758,0.0050354,2.5024,4.9792,-0.00030518
0.0032043,-0.0054932,-0.0042758,0.0050354,2.5015,4.9789,-0.00030518
0.0032043,-0.013428,-0.0047509,-0.0033569,2.5003,4.9789,0
-0.00091553,-0.02655,-0.0047509,-0.0094604,2.5009,4.9786,0.00061035
0.0047302,-0.02533,-0.0042758,-0.013885,2.5015,4.9792,0
0.011902,-0.0071716,-0.0047509,-0.018005,2.5006,4.9792,0
-0.00030518,0.010223,-0.0042758,-0.016174,2.5009,4.9786,0
-0.01358,0.014954,-0.0038007,-0.014648,2.5018,4.9799,0
-0.0024414,0.013123,-0.005226,-0.014648,2.5012,4.9771,-0.00030518
0.0027466,0.011902,-0.0028506,-0.014648,2.5006,4.9771,0.00030518
0.00076294,0.0050354,-0.0038007,-0.012054,2.5009,4.9786,0.00061035
0.002594,-0.0032043,-0.0038007,-0.0039673,2.5018,4.9783,-0.00030518
-0.0019836,-0.0082397,-0.0038007,0.004425,2.5018,4.9792,0.00030518
-0.012817,-0.0047302,-0.005226,0.011749,2.5018,4.9786,0.00030518
-0.018921,0.0016785,-0.0042758,0.014954,2.5021,4.978,0
-0.016785,0.0059509,-0.0042758,0.014954,2.5015,4.9768,-0.00030518
-0.016632,0.0065613,-0.005226,0.015259,2.5006,4.9783,0
-0.01358,0.0091553,-0.0047509,0.0177,2.5018,4.978,-0.00030518
0.0016785,0.0068665,-0.0047509,0.018158,2.5009,4.9789,0.00030518
0.0048828,0.0073242,-0.0047509,0.015717,2.5015,4.9786,0
-0.0062561,0.0086975,-0.0047509,0.014343,2.5015,4.978,-0.00030518
-0.01236,0.011749,-0.0042758,0.012665,2.5,4.9796,0
-0.012665,0.01236,-0.0038007,0.01236,2.5015,4.9789,-0.00061035
-0.010986,0.0091553,-0.005226,0.015411,2.5009,4.9799,0.00061035
-0.013885,0.0057983,-0.0047509,0.020142,2.5018,4.9792,-0.00030518
-0.013733,0.00045776,-0.0038007,0.020599,2.5018,4.9796,-0.00061035
-0.0042725,-0.0064087,-0.0038007,0.011444,2.5012,4.9799,0
-0.0062561,-0.012054,-0.0042758,0.0018311,2.5018,4.9805,0.00061035
-0.007019,-0.012207,-0.0047509,-0.0042725,2.5015,4.9789,0.00030518
-0.0057983,-0.010681,-0.005226,-0.0030518,2.5006,4.9777,0.00030518
0.0018311,-0.010376,-0.005701,-0.00045776,2.5006,4.9783,0
0.0065613,-0.0090027,-0.0042758,0.00015259,2.5015,4.9783,0.00061035
-0.017395,-0.0028992,-0.0038007,0.0027466,2.5012,4.9774,-0.00030518
-0.030975,0.0035095,-0.0047509,0.0021362,2.5006,4.9774,0
-0.018921,0.0071716,-0.0047509,-0.0065613,2.5015,4.978,0.00030518
-0.0042725,0.010376,-0.005226,-0.014648,2.5006,4.978,-0.00061035
-0.0041199,0.012817,-0.0042758,-0.016632,2.5009,4.9774,0.00061035
-0.015259,0.015259,-0.0047509,-0.014496,2.5006,4.9768,0
-0.010529,0.019836,-0.0047509,-0.0080872,2.5018,4.9777,0.00091553
-0.0054932,0.033264,-0.005226,-0.010681,2.5018,4.9774,0
-0.0085449,0.044708,-0.0042758,-0.019073,2.5009,4.9777,-0.00061035
-0.0050354,0.049438,-0.005226,-0.020294,2.5012,4.9777,0
0.0042725,0.047607,-0.0042758,-0.015869,2.5015,4.9774,0.00030518
0.0027466,0.038452,-0.0038007,-0.0099182,2.5009,4.978,0.00061035
0.0019836,0.015717,-0.0042758,-0.011597,2.5015,4.9786,-0.00030518
0.00015259,-0.014191,-0.0028506,-0.01358,2.5018,4.9783,0
-0.0036621,-0.034027,-0.0042758,-0.011139,2.5006,4.9796,0
-0.011139,-0.033264,-0.0042758,-0.0080872,2.5009,4.9792,0
-0.012665,-0.017242,-0.0042758,-0.0033569,2.5015,4.9783,0
-0.010223,-0.0041199,-0.0047509,-0.00091553,2.5018,4.9796,0.00030518
0.0028992,0.0086975,-0.0033257,0.0010681,2.5015,4.978,-0.00030518
0.026398,0.021667,-0.0042758,0.0022888,2.5009,4.9789,-0.00030518
0.026245,0.027466,-0.0042758,0.0059509,2.5006,4.9789,0.00030518
0.010529,0.021057,-0.005226,0.010071,2.5003,4.9792,0.00030518
0.010834,0.01709,-0.0042758,0.011292,2.5012,4.9783,0
0.015869,0.017548,-0.0042758,0.010834,2.5018,4.9792,0.00030518
0.018311,0.0091553,-0.0047509,0.0085449,2.5009,4.9792,0.00030518
0.0093079,-0.014343,-0.0033257,0.0076294,2.5015,4.978,-0.00061035
0.0083923,-0.024872,-0.005226,0.0091553,2.5024,4.9783,0
0.007019,-0.021362,-0.005226,0.0061035,2.5021,4.9789,0
0.0041199,-0.0177,-0.0042758,0.0059509,2.5012,4.978,0.00030518
0.0019836,-0.014343,-0.0042758,0.011444,2.5015,4.9786,-0.00061035
0.00045776,-0.0080872,-0.0047509,0.014648,2.5009,4.9789,-0.00030518
0.0050354,0.0027466,-0.0047509,0.013428,2.5018,4.9792,0
0.0080872,0.0067139,-0.0047509,0.013428,2.5021,4.9789,-0.00061035
0.0054932,0.0094604,-0.0047509,0.013885,2.5009,4.9783,-0.00061035
0.0057983,0.012512,-0.0047509,0.013733,2.5015,4.9799,0
0.0050354,0.0088501,-0.0042758,0.019531,2.5006,4.9796,0
0.007782,0.0010681,-0.0033257,0.025177,2.5015,4.9789,0
0.0097656,0.00045776,-0.0047509,0.023193,2.5021,4.9774,0.00061035
0.016785,0.002594,-0.0038007,0.01358,2.5021,4.9792,0.00030518
0.011597,0.0076294,-0.0042758,0.0080872,2.5012,4.9796,0.00030518
-0.0035095,0.004425,-0.005701,0.011902,2.5015,4.9796,-0.00030518
-0.0027466,-0.0071716,-0.0042758,0.016022,2.5003,4.9789,0
0.016479,-0.016174,-0.0042758,0.020599,2.5009,4.9789,0
0.015411,-0.023651,-0.0042758,0.025787,2.5006,4.9786,0.00030518
0.00091553,-0.029297,-0.0042758,0.025177,2.5018,4.9792,0
-0.0047302,-0.032959,-0.0033257,0.01709,2.5015,4.9777,0
0.0082397,-0.028076,-0.0047509,0.0079346,2.5015,4.9786,0.00030518
0.002594,-0.018616,-0.005226,0.005188,2.5003,4.9789,-0.00030518
-0.010681,-0.0074768,-0.0038007,0.014038,2.5018,4.9792,0.00030518
-0.014038,0.0035095,-0.0047509,0.025177,2.5012,4.9789,-0.00030518
-0.014191,0.0067139,-0.0042758,0.025635,2.5015,4.9789,0.00061035
-0.013123,0.0033569,-0.0047509,0.019073,2.5015,4.9786,0.00030518
-0.014954,0.0015259,-0.0047509,0.01297,2.5009,4.9792,0
-0.020447,0.0056458,-0.0042758,0.01236,2.5012,4.9792,0.00030518
-0.020599,0.0073242,-0.0047509,0.0080872,2.5009,4.9789,0
-0.017548,0.0030518,-0.0047509,0.0018311,2.5012,4.9783,-0.00030518
-0.0067139,-0.0022888,-0.005226,-0.0013733,2.5009,4.9792,0.00061035
0.0018311,-0.0010681,-0.0047509,-0.00076294,2.5018,4.9786,0
0.0083923,0.0036621,-0.0047509,0.00015259,2.5012,4.9796,0
0.0047302,0.0074768,-0.0042758,-0.0013733,2.5012,4.9789,-0.00030518
-0.00045776,0.0050354,-0.0042758,0,2.5012,4.9786,0
-0.010681,0.0012207,-0.0042758,0.0061035,2.5015,4.9786,0
-0.015411,-0.00045776,-0.0042758,0.0090027,2.5003,4.9783,0
-0.007782,-0.0080872,-0.0042758,0.0041199,2.5024,4.9792,0.00030518
-0.0016785,-0.018921,-0.0042758,-0.00015259,2.5021,4.9777,-0.00061035
-0.0041199,-0.018768,-0.0047509,0.0036621,2.5003,4.9777,-0.00061035
0.0041199,-0.016327,-0.0038007,0.0085449,2.5015,4.9786,0.00030518
0.0022888,-0.019226,-0.005226,0.0090027,2.5015,4.978,-0.00030518
-0.0073242,-0.023499,-0.005226,0.0065613,2.5018,4.9786,0.00030518
-0.011292,-0.020905,-0.0047509,0.0028992,2.5024,4.9792,0.00030518
-0.010529,-0.0093079,-0.005701,0.0065613,2.5012,4.9799,-0.00030518
-0.0091553,0.0022888,-0.0047509,0.015717,2.5012,4.9792,-0.00030518
-0.0061035,0.0094604,-0.0038007,0.02243,2.5021,4.9786,0
-0.0056458,0.011597,-0.0042758,0.022736,2.5012,4.9792,0.00030518
-0.017395,0.0076294,-0.005226,0.023804,2.5015,4.9783,0.00030518
-0.026093,0.0024414,-0.0047509,0.027313,2.5021,4.9783,-0.00030518
-0.016479,-0.0015259,-0.005701,0.030365,2.5012,4.9796,0.00030518
-0.013428,-0.0054932,-0.005226,0.031586,2.5009,4.9777,0.00030518
-0.016785,-0.010071,-0.0042758,0.033417,2.5003,4.9783,0
-0.016174,-0.0097656,-0.0042758,0.032501,2.5012,4.9783,0
-0.011597,-0.0057983,-0.0047509,0.025635,2.5006,4.978,0.00030518
-0.009613,-0.00091553,-0.0042758,0.016479,2.5009,4.9786,-0.00061035
-0.0076294,0.0064087,-0.0047509,0.012817,2.5015,4.978,0.00030518
-0.0065613,0.014191,-0.0047509,0.015106,2.5021,4.9783,0
-0.0047302,0.016632,-0.005226,0.015564,2.5006,4.978,0.00030518
-0.0076294,0.014343,-0.0042758,0.012207,2.5009,4.9774,0.00030518
-0.0099182,0.01236,-0.005226,0.012817,2.5012,4.9774,-0.00030518
-0.010376,0.01297,-0.0047509,0.010071,2.5021,4.9765,0.00030518
-0.00091553,0.012512,-0.0047509,-0.00030518,2.5012,4.9774,0.00030518
-0.00030518,0.011597,-0.0042758,-0.0062561,2.5021,4.9774,0
-0.0065613,0.010376,-0.005226,-0.0097656,2.5003,4.9774,0
-0.0086975,0.0082397,-0.005701,-0.011749,2.5015,4.978,0.00030518
-0.0073242,0.0041199,-0.005226,-0.0033569,2.5009,4.978,-0.00030518
-0.0047302,0.0010681,-0.0042758,0.0073242,2.5018,4.9789,0
-0.0019836,-0.0030518,-0.0042758,0.013428,2.5021,4.9796,-0.00030518
-0.0041199,-0.005188,-0.0042758,0.011139,2.5015,4.9789,-0.00030518
-0.00061035,-0.0028992,-0.0042758,0.0028992,2.5015,4.9792,0.00030518
-0.0030518,-0.00015259,-0.005226,-0.005188,2.5009,4.9789,-0.00061035
-0.0041199,0.0013733,-0.0042758,-0.0090027,2.5006,4.9792,0.00030518
-0.0076294,0.0056458,-0.0047509,-0.0076294,2.5012,4.9783,0
-0.011749,0.013733,-0.0047509,-0.0032043,2.5012,4.9789,-0.00061035
-0.011292,0.019379,-0.0038007,-0.0013733,2.5015,4.9792,0.00061035
-0.0048828,0.014648,-0.0047509,-0.0018311,2.5024,4.9786,-0.00061035
-0.0013733,0.005188,-0.005226,-0.0022888,2.5006,4.9792,-0.00061035
0.0019836,-0.0019836,-0.0038007,-0.0074768,2.5021,4.9796,0.00061035
0.0027466,-0.0062561,-0.0042758,-0.011444,2.5015,4.9774,0.00061035
0.01297,-0.0050354,-0.005226,-0.011749,2.5018,4.9777,-0.00030518
0.01236,0.0016785,-0.0038007,-0.0090027,2.5015,4.9792,0
0.0061035,0.0054932,-0.0042758,-0.0067139,2.5015,4.9799,0.00030518
0.0027466,0.0064087,-0.005226,-0.0047302,2.5006,4.9792,0.00061035
0.00076294,0.0041199,-0.0047509,0.00091553,2.5009,4.9792,0.00061035
-0.00061035,-0.004425,-0.0033257,0.0082397,2.5009,4.9792,-0.00030518
0.0032043,-0.014343,-0.0047509,0.011139,2.5015,4.9792,-0.00030518
0.0036621,-0.011292,-0.0047509,0.0048828,2.5009,4.9789,0.00030518
-0.0010681,0.0022888,-0.0047509,-0.002594,2.5012,4.9799,-0.00061035
-0.0050354,0.0094604,-0.0038007,-0.0073242,2.5006,4.9783,-0.00061035
0.0080872,0.011597,-0.0038007,-0.011139,2.5018,4.9783,0
0.0093079,0.015717,-0.0042758,-0.0022888,2.5012,4.9792,0.00061035
0.0028992,0.014191,-0.005226,0.010986,2.5012,4.9789,-0.00030518
-0.0016785,0.0016785,-0.0042758,0.011292,2.5018,4.9796,0
0.0015259,-0.012665,-0.0033257,0.0061035,2.5015,4.9783,-0.00061035
0.0065613,-0.017548,-0.0042758,0.0073242,2.5012,4.9796,-0.00030518
0.0033569,-0.015717,-0.0047509,0.013428,2.5,4.9796,0.00030518
0.0027466,-0.009613,-0.0047509,0.014801,2.5009,4.9799,0.00030518
0.0032043,0.00015259,-0.005701,0.009613,2.5021,4.9792,0.00030518
-0.00015259,0.0091553,-0.005226,0.0062561,2.5012,4.978,-0.00030518
0.0045776,0.014191,-0.0047509,0.0062561,2.5015,4.9786,0.00061035
0.0050354,0.01358,-0.005226,0.0059509,2.5021,4.9792,0.00030518
0.0047302,0.0094604,-0.005226,0.0033569,2.5009,4.9786,0
0.0082397,0.0071716,-0.0047509,0.0019836,2.5012,4.9786,-0.00030518
0.0073242,0.0053406,-0.0047509,0.0019836,2.5009,4.9792,0.00030518
-0.0035095,-0.0021362,-0.0047509,0.0083923,2.5015,4.9792,-0.00030518
-0.0038147,-0.009613,-0.0047509,0.014038,2.5015,4.9789,0.00030518
0.011292,-0.0097656,-0.005226,0.015259,2.5009,4.978,-0.00030518
0.020752,-0.0047302,-0.0042758,0.017395,2.5018,4.9786,-0.00030518
0.013123,0.0048828,-0.005226,0.016632,2.5006,4.9789,-0.00030518
0.0071716,0.015564,-0.005226,0.013275,2.5006,4.9792,-0.00030518
-0.0018311,0.018158,-0.0042758,0.012512,2.5021,4.9777,-0.00030518
-0.0093079,0.010529,-0.0047509,0.014343,2.5012,4.9792,0.00091553
-0.0045776,-0.0018311,-0.0047509,0.012512,2.5009,4.9786,0.00030518
0.0035095,-0.01297,-0.0028506,0.010529,2.5015,4.9792,0.00030518
0.0028992,-0.020599,-0.005226,0.010834,2.5015,4.9786,-0.00030518
-0.0022888,-0.024567,-0.0042758,0.010834,2.5009,4.9796,-0.00061035
-0.0033569,-0.02121,-0.0047509,0.0068665,2.5018,4.9786,0
0.0038147,-0.011902,-0.0042758,-0.00030518,2.5012,4.9796,-0.00061035
0.014954,-0.0057983,-0.005226,-0.0068665,2.5021,4.978,0
0.023499,-0.0038147,-0.005226,-0.012665,2.5003,4.9789,0
0.018463,-0.0056458,-0.005226,-0.015106,2.5009,4.9789,-0.00030518
0.013733,-0.0088501,-0.0042758,-0.010223,2.5006,4.9789,0.00061035
0.0097656,-0.0062561,-0.0047509,-0.0039673,2.5003,4.9796,0.00030518
0.0021362,0.0039673,-0.0047509,-0.0018311,2.5006,4.9792,0
-0.0035095,0.010223,-0.0047509,0,2.5021,4.9786,0.00030518
-0.0012207,0.01297,-0.005226,-0.00030518,2.5,4.9789,0.00030518
0.0010681,0.016327,-0.0042758,-0.0021362,2.5018,4.9792,0
0.0061035,0.014801,-0.0042758,-0.0035095,2.5018,4.9786,0.00061035
0.0056458,0.0042725,-0.0047509,-0.0059509,2.5009,4.9792,0.00030518
0.009613,-0.0013733,-0.005226,-0.004425,2.5015,4.9783,0
0.012665,0.00061035,-0.005701,0.0013733,2.5009,4.9774,0.00030518
0.015259,0.0030518,-0.0047509,0.005188,2.5024,4.9777,-0.00061035
0.011292,-0.0012207,-0.005226,0.0041199,2.5015,4.9783,0.00030518
0.0068665,0.00045776,-0.0047509,-0.0015259,2.5003,4.9783,0.00030518
0.0054932,0.013733,-0.0047509,-0.0073242,2.5018,4.978,0.00030518
0.0061035,0.028229,-0.0042758,-0.0064087,2.5018,4.9777,0.00091553
0.0085449,0.036011,-0.0047509,0.00076294,2.5009,4.9789,0
0.0088501,0.033569,-0.0042758,0.0053406,2.5012,4.9783,-0.00091553
0.004425,0.021973,-0.0047509,0.00091553,2.5006,4.9777,0.00061035
0.004425,0.0053406,-0.005226,-0.0053406,2.5015,4.9774,0
0.0016785,-0.007019,-0.0042758,-0.0091553,2.5015,4.9771,0.00061035
0.005188,-0.0093079,-0.005226,-0.010376,2.5015,4.9777,0.00030518
0.0059509,-0.0016785,-0.0028506,-0.012207,2.5009,4.978,-0.00030518
0.0030518,0.0012207,-0.0042758,-0.011902,2.5012,4.9774,0.00030518
0.0027466,-0.0018311,-0.0042758,-0.0068665,2.5024,4.9786,0.00030518
-0.0019836,-0.0033569,-0.0047509,-0.00045776,2.5021,4.9783,-0.00061035
-0.0036621,-0.0083923,-0.0038007,0.0042725,2.5024,4.9786,-0.00030518
-0.0013733,-0.015869,-0.0047509,0.005188,2.5009,4.9783,0.00030518
0.0021362,-0.020599,-0.0042758,-0.00045776,2.5012,4.9789,-0.00030518
0.019531,-0.014496,-0.0042758,-0.0030518,2.5018,4.9789,0.00030518
0.026245,-0.00061035,-0.005226,0,2.5009,4.9796,0.00030518
0.019531,0.010834,-0.0047509,0.0041199,2.5018,4.9789,0.00030518
0.011444,0.013123,-0.0042758,0.0042725,2.5009,4.9796,0.00030518
0.007782,0.013428,-0.0042758,0.0021362,2.5009,4.9786,0
0.0061035,0.015411,-0.0047509,-0.0032043,2.5012,4.9789,0
0.0073242,0.0056458,-0.0042758,-0.0073242,2.5006,4.9789,-0.00061035
0.0086975,-0.011749,-0.0042758,-0.0090027,2.5018,4.9786,-0.00030518
0.0021362,-0.016785,-0.005226,-0.0016785,2.5009,4.9792,-0.00030518
-0.0079346,-0.012054,-0.0047509,0.0041199,2.5009,4.9777,0
-0.0012207,-0.0090027,-0.0047509,0.0067139,2.5009,4.978,-0.00030518
-0.0016785,-0.012207,-0.005226,0.0094604,2.5015,4.9792,0
-0.012512,-0.014191,-0.0047509,0.014954,2.5009,4.9789,0.00030518
-0.013123,-0.0097656,-0.0047509,0.011749,2.5015,4.9796,-0.0012207
-0.0090027,0,-0.005226,0.0016785,2.5024,4.9789,0
-0.0010681,0.0067139,-0.0047509,-0.0047302,2.5009,4.9796,0
0.00076294,0.0048828,-0.0042758,-0.011749,2.5018,4.9786,-0.00030518
0.002594,-0.0012207,-0.0047509,-0.013733,2.5009,4.9786,-0.00030518
0.02243,-0.004425,-0.0047509,-0.016937,2.5015,4.9796,-0.00061035
0.010376,-0.012054,-0.005226,-0.020752,2.5018,4.9789,-0.00030518
-0.0018311,-0.016937,-0.0042758,-0.02121,2.5015,4.9792,0.00061035
-0.0038147,-0.015259,-0.0042758,-0.013275,2.5012,4.9786,0
-0.005188,-0.0057983,-0.0047509,0.002594,2.5015,4.9799,-0.00061035
-0.0032043,0.0039673,-0.005226,0.01297,2.5012,4.9792,0.00030518
-0.00076294,0.0068665,-0.0047509,0.018768,2.5009,4.9805,0
-0.00045776,0.0083923,-0.005226,0.024261,2.5015,4.9786,0.00061035
-0.0039673,0.010223,-0.005226,0.027008,2.5015,4.9792,0.00061035
-0.010529,0.0086975,-0.0038007,0.026093,2.5015,4.9792,0.00030518
-0.01709,0.010071,-0.0047509,0.027313,2.5012,4.9799,0
-0.020142,0.013885,-0.0042758,0.033417,2.5009,4.9789,0.00030518
-0.011444,0.016174,-0.0042758,0.036469,2.5021,4.9783,-0.00030518
-0.0053406,0.012512,-0.0042758,0.03952,2.5006,4.9792,0
-0.0068665,0.0073242,-0.0047509,0.040894,2.5009,4.9786,0.00030518
-0.013428,-0.0056458,-0.005226,0.042267,2.5018,4.9786,0
-0.02121,-0.015564,-0.0047509,0.03952,2.5009,4.9799,-0.00030518
-0.02243,-0.024567,-0.0047509,0.035858,2.5021,4.9789,-0.00030518
-0.014801,-0.027771,-0.0047509,0.034332,2.5009,4.9789,0.00061035
-0.007019,-0.019836,-0.0047509,0.031433,2.5021,4.9796,0.00030518
-0.0050354,-0.010681,-0.0042758,0.019073,2.5006,4.978,0.00061035
-0.0013733,-0.0038147,-0.0033257,0.0083923,2.5009,4.9786,-0.00030518
0.0099182,-0.0012207,-0.0042758,0.00061035,2.5018,4.9802,0.00030518
0.0048828,-0.0021362,-0.0038007,-0.0067139,2.5021,4.978,-0.00030518
0.00045776,-0.00045776,-0.0047509,-0.0086975,2.5,4.9796,0
0.0022888,0.0065613,-0.0038007,-0.0047302,2.5018,4.9789,-0.00030518
-0.0012207,0.012054,-0.0047509,-0.00061035,2.5012,4.9792,0.00030518
-0.0061035,0.016174,-0.0042758,-0.00030518,2.5024,4.9789,0.00030518
-0.004425,0.015717,-0.0047509,-0.00015259,2.5012,4.9786,-0.00030518
0.0010681,0.010681,-0.005226,0.0010681,2.5012,4.9789,0.00061035
-0.0021362,0.0030518,-0.0042758,-0.00015259,2.5006,4.9792,0.00030518
-0.0097656,0.0015259,-0.0047509,0.00030518,2.5018,4.978,0.00061035
-0.002594,-0.0010681,-0.005701,0.0067139,2.5009,4.9786,0.00030518
0.00091553,-0.0090027,-0.0042758,0.011444,2.5018,4.9789,0
-0.0019836,-0.015717,-0.0042758,0.011444,2.5018,4.9786,0
-0.0022888,-0.015106,-0.0047509,0.0085449,2.5012,4.9789,-0.0012207
-0.0013733,-0.01236,-0.0042758,0.0085449,2.5018,4.9792,0.00030518
-0.0042725,-0.0057983,-0.0042758,0.013275,2.5021,4.9789,-0.00061035
-0.0090027,0.0019836,-0.0047509,0.012817,2.5015,4.9796,0.00030518
-0.0079346,0.0054932,-0.0047509,0.0074768,2.5021,4.9786,-0.00061035
-0.0057983,0.0012207,-0.0042758,0.0061035,2.5018,4.9805,-0.00030518
-0.0047302,-0.0061035,-0.0047509,0.0091553,2.5009,4.9796,-0.00030518
0.0027466,-0.007019,-0.0038007,0.010986,2.5021,4.9796,0.00030518
0.0010681,-0.0059509,-0.0047509,0.0082397,2.5009,4.9786,0
-0.0024414,-0.0068665,-0.005226,0.0010681,2.5015,4.9783,-0.00091553
-0.0036621,-0.0048828,-0.0047509,-0.0019836,2.5006,4.9774,0
-0.009613,0.0045776,-0.0047509,-0.00091553,2.5009,4.9771,-0.00030518
-0.012665,0.028381,-0.0038007,-0.00015259,2.5018,4.9783,0.00030518
-0.010681,0.061646,-0.0047509,0.0045776,2.5009,4.9786,0.00061035
-0.0090027,0.07782,-0.0042758,0.016174,2.4994,4.9783,-0.00030518
-0.012512,0.068817,-0.0047509,0.02533,2.5012,4.9783,0
-0.018616,0.038605,-0.0042758,0.032043,2.5012,4.9768,-0.00061035
-0.0067139,-0.0022888,-0.0042758,0.033875,2.5018,4.9774,0
-0.007019,-0.037994,-0.0038007,0.032806,2.5015,4.9777,0
-0.015717,-0.058746,-0.0042758,0.034027,2.5009,4.9777,0
-0.020294,-0.048523,-0.0047509,0.035706,2.5009,4.9774,0
-0.018616,-0.016174,-0.0038007,0.030518,2.5015,4.9771,0.00030518
-0.017853,0.013733,-0.0038007,0.023041,2.5012,4.9786,0.00030518
-0.014343,0.019684,-0.0038007,0.014496,2.5024,4.9786,0.00030518
-0.014496,0.0057983,-0.0047509,0.0082397,2.5009,4.9786,0.00030518
-0.018768,-0.0065613,-0.0033257,0.0039673,2.5006,4.9792,-0.00061035
-0.02243,-0.010529,-0.0042758,0.0030518,2.5006,4.9786,0.00061035
-0.0097656,-0.0093079,-0.0042758,-0.0028992,2.5018,4.9789,0.00030518
-0.0035095,0.0086975,-0.0038007,-0.014954,2.5009,4.9786,-0.00061035
-0.0033569,0.033875,-0.0042758,-0.02121,2.5021,4.9796,-0.00030518
0.0068665,0.045471,-0.0042758,-0.016632,2.5012,4.9792,0.00061035
0.010071,0.043945,-0.0038007,-0.0079346,2.5009,4.9786,0.00061035
0.0035095,0.040588,-0.0042758,-0.0018311,2.5009,4.9789,0
-0.0027466,0.019226,-0.0047509,-0.0019836,2.5009,4.9792,0
-0.0064087,-0.021362,-0.0038007,-0.0012207,2.5021,4.9786,0
-0.0085449,-0.048828,-0.0038007,0.0038147,2.5018,4.9789,0.00061035
-0.01297,-0.046234,-0.0047509,0.0073242,2.5027,4.9771,-0.00030518
-0.0033569,-0.024261,-0.0047509,0.0068665,2.5015,4.9789,0.00030518
0.0010681,-0.0048828,-0.0038007,0.0039673,2.4997,4.9792,-0.00061035
0.0099182,-0.0010681,-0.005226,-0.00061035,2.5003,4.9789,0.00091553
0.013885,0.00015259,-0.0042758,-0.0016785,2.5012,4.9792,0.00030518
0.0093079,0.0027466,-0.0042758,0.0028992,2.5012,4.9783,-0.00030518
0.010681,0.0015259,-0.0047509,0.0074768,2.5018,4.9783,-0.00061035
0.011444,-0.0027466,-0.0042758,0.011749,2.5018,4.9792,0
0.014038,-0.0021362,-0.0042758,0.018005,2.5018,4.9792,0
0.014801,-0.0033569,-0.0047509,0.018768,2.5018,4.9796,0.00030518
0.0073242,-0.0093079,-0.0042758,0.015564,2.5012,4.9792,0.00030518
0.0045776,-0.010681,-0.005226,0.011749,2.5021,4.9796,-0.00091553
0.00076294,-0.0080872,-0.0042758,0.0056458,2.5027,4.9792,0
0.0054932,-0.0088501,-0.0042758,-0.0016785,2.5012,4.9792,-0.00061035
0.0177,-0.0082397,-0.0047509,-0.0042725,2.5015,4.9792,0
0.024414,-0.00030518,-0.0042758,-0.0019836,2.5006,4.9792,-0.00061035
0.023346,0.007782,-0.0042758,0,2.5003,4.9789,0.00030518
0.023499,0.0028992,-0.0047509,-0.0022888,2.5021,4.9786,-0.00030518
0.034485,-0.0082397,-0.005226,-0.0068665,2.5012,4.9792,0.00030518
0.045013,-0.016327,-0.0038007,-0.013885,2.5015,4.9796,-0.00030518
0.027008,-0.024872,-0.0047509,-0.018616,2.5009,4.9777,-0.00030518
0.011902,-0.034485,-0.0042758,-0.013428,2.5,4.9789,-0.00030518
-0.00091553,-0.038605,-0.005226,-0.0042725,2.5012,4.9786,0.00061035
0.00061035,-0.03418,-0.0047509,-0.0057983,2.5009,4.9789,-0.00030518
0.010834,-0.02594,-0.0042758,-0.013275,2.5012,4.9786,0
0.018616,-0.017395,-0.0047509,-0.012817,2.5009,4.9792,0.00030518
0.0177,-0.0086975,-0.0042758,-0.0088501,2.5021,4.978,0
0.020905,-0.00045776,-0.0047509,-0.012817,2.5009,4.9786,0.00030518
0.022125,0.0033569,-0.0042758,-0.020752,2.5021,4.9799,0.00091553
0.012512,0.0067139,-0.005226,-0.020599,2.5,4.9789,-0.00030518
-0.0073242,0.010223,-0.0042758,-0.0086975,2.5018,4.9786,0
-0.017395,0.0086975,-0.0042758,0.0042725,2.5009,4.9796,0
-0.02655,0.0068665,-0.0042758,0.0061035,2.5009,4.9789,0.00030518
-0.026093,0.0067139,-0.0028506,0.0036621,2.5006,4.9792,0
-0.017242,0.007782,-0.0047509,0.002594,2.5009,4.9796,0.00061035
-0.0033569,0.0027466,-0.0042758,0.0042725,2.5012,4.9792,-0.00030518
-0.01297,-0.004425,-0.0042758,0.0079346,2.5018,4.9789,0.00061035
-0.026855,-0.0059509,-0.0042758,0.010986,2.5021,4.9789,-0.00030518
-0.025177,-0.0054932,-0.0042758,0.0057983,2.5018,4.9789,0
-0.019836,-0.007019,-0.0042758,-0.0015259,2.5012,4.9786,0.00061035
-0.023041,-0.014191,-0.0038007,-0.0030518,2.5012,4.9771,0.00030518
-0.014496,-0.023041,-0.0038007,-0.0024414,2.5012,4.9783,0.00030518
-0.010071,-0.030823,-0.0042758,-0.00091553,2.5018,4.9789,-0.00030518
-0.007019,-0.023651,-0.0047509,0.0019836,2.5024,4.9789,-0.00061035
-0.0019836,-0.007019,-0.0038007,0.0093079,2.5015,4.9789,0
-0.00076294,0.00061035,-0.0047509,0.016479,2.5018,4.9792,0.00091553
-0.0048828,0.0033569,-0.0047509,0.020447,2.5009,4.9789,-0.00061035
-0.0082397,0.010376,-0.005226,0.020294,2.5012,4.9792,0.00061035
-0.0073242,0.020447,-0.005701,0.015869,2.5006,4.9792,-0.00061035
-0.0047302,0.025177,-0.0042758,0.010071,2.5018,4.9789,-0.00030518
0.0018311,0.023956,-0.0042758,0.0056458,2.5012,4.9799,0.00061035
0.016632,0.018005,-0.0047509,0.0094604,2.5009,4.9792,0
0.014496,0.010071,-0.0042758,0.012207,2.5015,4.978,0.00030518
-0.0062561,0,-0.0038007,0.010529,2.5021,4.9789,0.00061035
-0.022736,-0.0016785,-0.0047509,0.010223,2.5009,4.9777,-0.00030518
-0.022278,0.002594,-0.0047509,0.0054932,2.5012,4.9786,0
-0.01358,0.0059509,-0.0042758,-0.0019836,2.5006,4.9771,0.00061035
-0.0033569,0.010681,-0.0042758,-0.0041199,2.5024,4.9777,0.00030518
0.0022888,0.015717,-0.0042758,-0.0018311,2.5012,4.9783,0
0.0021362,0.023499,-0.0038007,0.0012207,2.5009,4.9783,0.00061035
-0.0073242,0.029907,-0.005226,0.0067139,2.5009,4.9762,0.00030518
-0.0071716,0.025177,-0.0047509,0.016785,2.5006,4.9774,0.00061035
-0.010071,0.010071,-0.0047509,0.020752,2.5009,4.9774,-0.00030518
-0.017548,-0.0050354,-0.0042758,0.016174,2.5015,4.978,0.00030518
-0.016327,-0.010376,-0.0042758,0.010223,2.5012,4.978,0.00030518
-0.0071716,-0.0067139,-0.0038007,0.011292,2.5012,4.9771,0.00030518
-0.00076294,-0.0053406,-0.0033257,0.01358,2.5009,4.9786,0
-0.010071,-0.0068665,-0.005226,0.015259,2.5012,4.9786,-0.00030518
-0.019073,-0.0061035,-0.005701,0.014343,2.5009,4.9796,0.00030518
-0.016479,-0.0033569,-0.0047509,0.011292,2.5012,4.9792,-0.00030518
-0.015106,0,-0.0033257,0.011444,2.5024,4.9786,-0.00061035
-0.0038147,0.0038147,-0.0038007,0.012817,2.5015,4.9789,0
-0.00045776,0.0050354,-0.0047509,0.010223,2.5024,4.9789,-0.00030518
-0.0015259,0.009613,-0.0042758,0.0059509,2.5009,4.9799,-0.00030518
-0.0016785,0.018311,-0.0042758,0.0033569,2.5015,4.9786,0
-0.00030518,0.024109,-0.0038007,0.0068665,2.5003,4.9786,0.00091553
0.00030518,0.024719,-0.0038007,0.012207,2.5012,4.9789,-0.00030518
0.00061035,0.02182,-0.0061761,0.010071,2.5012,4.9792,0
-0.0042725,0.018158,-0.0042758,0.0038147,2.5009,4.9799,0
-0.0041199,0.011292,-0.0042758,-0.00061035,2.5003,4.9792,0
0.0038147,0.0062561,-0.005701,-0.0015259,2.5018,4.978,0
0.021667,0.0042725,-0.0047509,-0.0024414,2.5012,4.9786,0
0.019836,0.0067139,-0.0047509,-0.0033569,2.5009,4.9789,0.00061035
0.014191,0.012512,-0.0047509,0.0027466,2.5021,4.9789,0.00061035
0.0090027,0.01709,-0.0042758,0.011597,2.5006,4.9786,0.00091553
0.0057983,0.013428,-0.005226,0.011597,2.5018,4.9789,-0.00030518
0.0053406,0.0050354,-0.0038007,0.010071,2.5012,4.9796,0.00030518
0.0056458,-0.0019836,-0.0042758,0.014801,2.5015,4.9796,0.00091553
0.007782,-0.0035095,-0.0038007,0.019989,2.5003,4.9792,-0.00030518
0.0028992,-0.0022888,-0.0042758,0.024567,2.5018,4.9796,0.00030518
-0.0047302,-0.0047302,-0.0042758,0.026093,2.5015,4.9805,0
0.0030518,-0.0097656,-0.0047509,0.026093,2.5006,4.9796,0.00030518
0.0097656,-0.0082397,-0.0047509,0.022888,2.5015,4.9786,0
0.0085449,-0.0033569,-0.0042758,0.022583,2.5006,4.9789,-0.00091553
-0.0018311,-0.005188,-0.0047509,0.025787,2.5012,4.9789,0
-0.014648,-0.0073242,-0.0038007,0.028229,2.5015,4.9786,0.00030518
-0.018616,-0.0064087,-0.0047509,0.023041,2.5018,4.9792,-0.00030518
-0.010376,-0.0032043,-0.0042758,0.016022,2.5006,4.9792,-0.00061035
-0.0012207,-0.0053406,-0.0038007,0.016327,2.5012,4.9783,-0.00030518
0.00091553,-0.019226,-0.0042758,0.019684,2.5021,4.9805,0.00061035
-0.0036621,-0.028839,-0.0047509,0.021973,2.5018,4.9774,0.00030518
0.0012207,-0.026855,-0.0042758,0.023499,2.5012,4.9789,-0.00030518
0.0030518,-0.011749,-0.0038007,0.014801,2.5018,4.9799,0.00030518
0.004425,0.0045776,-0.005226,-0.0032043,2.5015,4.9789,-0.00091553
0.005188,0.016327,-0.005226,-0.016632,2.5009,4.9792,0
0.0067139,0.023041,-0.005226,-0.019684,2.5009,4.9789,0.00030518
0.013123,0.021515,-0.005226,-0.017395,2.5009,4.9805,0.00030518
0.010681,0.015869,-0.0038007,-0.009613,2.5018,4.9789,0
-0.0030518,0.0086975,-0.0042758,0.00076294,2.5021,4.9789,0
-0.019073,0.002594,-0.0047509,0.0093079,2.5009,4.9796,0
-0.026093,-0.00015259,-0.0042758,0.010071,2.5015,4.9786,0.00061035
-0.012054,-0.00076294,-0.005226,0.0073242,2.5006,4.9783,0
-0.0090027,-0.0074768,-0.0042758,0.0039673,2.5018,4.9789,-0.00030518
-0.0090027,-0.010223,-0.0047509,-0.0022888,2.5031,4.9783,0.00030518
-0.0071716,-0.0039673,-0.0047509,-0.0045776,2.5018,4.9792,-0.00061035
-0.0024414,0.0067139,-0.005226,-0.0061035,2.5021,4.9789,0.00030518
0.0048828,0.019226,-0.0033257,-0.0090027,2.5015,4.9786,0.00061035
0.0073242,0.023346,-0.0042758,-0.018463,2.5012,4.9783,-0.00030518
0.0090027,0.020142,-0.0038007,-0.023804,2.5018,4.9777,0
0.0061035,0.018768,-0.0042758,-0.020905,2.5015,4.9792,0.00030518
-0.0019836,0.02655,-0.0047509,-0.019836,2.5015,4.9783,-0.00030518
0.0030518,0.026703,-0.0042758,-0.020752,2.5015,4.9783,0.00061035
-0.0015259,0.0064087,-0.005226,-0.022125,2.5003,4.9792,0.00030518
-0.0050354,-0.011749,-0.005226,-0.0177,2.5006,4.9789,-0.00061035
-0.0059509,-0.0097656,-0.0047509,-0.011597,2.5009,4.9792,-0.00030518
-0.0080872,-0.0076294,-0.0042758,-0.0048828,2.5006,4.9786,0
-0.005188,-0.015564,-0.0047509,0.0013733,2.5009,4.9796,0.00061035
-0.0024414,-0.016174,-0.005226,0.0022888,2.5012,4.9789,-0.00030518
-0.0054932,0.00045776,-0.0038007,0.0045776,2.5012,4.9796,0
-0.010986,0.01236,-0.005226,0.0088501,2.5021,4.978,0.00030518
-0.013733,0.007019,-0.0047509,0.0067139,2.5003,4.9786,-0.00030518
-0.0019836,-0.0082397,-0.0038007,0.0013733,2.5009,4.9796,0.00061035
0.0015259,-0.019684,-0.0042758,0.0038147,2.5015,4.9789,0
-0.002594,-0.018768,-0.0038007,0.0090027,2.5009,4.978,0.00030518
-0.0048828,-0.010223,-0.0042758,0.0076294,2.5024,4.9783,0.00030518
0.00061035,-0.00076294,-0.0038007,0.0048828,2.5018,4.9783,0.00030518
0.0032043,0.0035095,-0.0042758,0.0086975,2.5009,4.9777,0
0.00076294,0.00015259,-0.0042758,0.014801,2.5012,4.978,-0.00061035
-0.0050354,-0.0035095,-0.0047509,0.013123,2.5006,4.9774,0
-0.0094604,-0.0024414,-0.0047509,0.010071,2.5015,4.978,0.00030518
-0.013275,0.0027466,-0.0038007,0.0074768,2.5006,4.9777,0
-0.0027466,0.0083923,-0.005226,0.0061035,2.5018,4.9777,0
-0.004425,0.0032043,-0.0047509,0.007782,2.5021,4.9786,0.00030518
-0.012817,-0.0080872,-0.0042758,0.011749,2.5018,4.9777,0.00030518
-0.016022,-0.020294,-0.005226,0.018158,2.5015,4.9777,0
-0.016479,-0.023804,-0.0047509,0.019379,2.5018,4.978,0
-0.015564,-0.019379,-0.0047509,0.019836,2.5018,4.9786,0.00030518
-0.014954,-0.0083923,-0.0047509,0.021515,2.5006,4.9786,0
-0.0062561,0.0054932,-0.0042758,0.017548,2.5012,4.9792,0.00030518
0.0036621,0.010986,-0.0038007,0.010681,2.5006,4.9789,0.00061035
0.0022888,0.0079346,-0.005226,0.0068665,2.5012,4.9783,-0.00030518
0.0067139,-0.0054932,-0.0038007,0.0018311,2.5009,4.978,0
0.0065613,-0.014648,-0.0047509,0.0012207,2.5018,4.9789,-0.00061035
0.0013733,-0.013733,-0.005226,0.0065613,2.5018,4.9796,0
-0.0053406,-0.0086975,-0.0047509,0.010071,2.5012,4.9792,-0.00091553
-0.0065613,-0.010071,-0.0042758,0.011597,2.5009,4.9783,0.00061035
-0.010223,-0.0091553,-0.0047509,0.013733,2.5015,4.9792,0
-0.010681,0.0019836,-0.0042758,0.016174,2.5021,4.9783,0.00030518
-0.005188,0.017242,-0.005701,0.015869,2.5012,4.9796,-0.00091553
0.0042725,0.025787,-0.0047509,0.01297,2.5012,4.9789,0.00061035
0.0059509,0.021973,-0.0038007,0.0090027,2.5012,4.9777,0.00030518
0.0093079,0.013733,-0.0042758,0.0083923,2.5012,4.9786,0
0.00030518,-0.00030518,-0.005226,0.012512,2.5015,4.9789,0.00061035
-0.0036621,-0.016327,-0.0047509,0.007782,2.5009,4.9783,0
0.0053406,-0.020752,-0.0042758,-0.0021362,2.5018,4.9792,0.00030518
0.021057,-0.016174,-0.0033257,-0.0094604,2.5015,4.9792,0.00030518
0.0073242,-0.0088501,-0.0047509,-0.009613,2.5003,4.9783,-0.00061035
-0.00061035,-0.0073242,-0.0047509,-0.0053406,2.5003,4.9789,0
0.002594,-0.0076294,-0.0042758,-0.0042725,2.5009,4.9783,-0.00030518
0.0048828,-0.0094604,-0.0042758,-0.0057983,2.5015,4.9792,0.00030518
0.00061035,-0.0076294,-0.0047509,-0.0022888,2.5018,4.9796,-0.00030518
0.0056458,-0.0061035,-0.0042758,0.00045776,2.5021,4.9792,0
0.005188,-0.007019,-0.0061761,-0.00076294,2.5021,4.9792,0.00030518
0.0030518,-0.0090027,-0.0028506,-0.0039673,2.5021,4.9792,0.00061035
0.007019,-0.0013733,-0.0038007,-0.0054932,2.5012,4.9792,0.00030518
0.015717,0.015411,-0.0033257,-0.0091553,2.5015,4.9802,-0.00030518
0.022736,0.023041,-0.005226,-0.011139,2.5015,4.9796,0.00030518
0.018005,0.014801,-0.0042758,-0.011139,2.5009,4.9799,0
0.0071716,0.0035095,-0.0038007,-0.010986,2.5018,4.9786,-0.00061035
0.0012207,-0.00030518,-0.0038007,-0.012207,2.5012,4.9792,0.00030518
0.0012207,-0.005188,-0.0042758,-0.013123,2.5006,4.9783,0.00030518
0.011444,-0.017853,-0.0042758,-0.01358,2.5009,4.978,0.00030518
0.014038,-0.029297,-0.0042758,-0.0064087,2.5012,4.9786,-0.00030518
0.012817,-0.029907,-0.0042758,0.0062561,2.5012,4.9786,0.00030518
0.0082397,-0.012817,-0.005226,0.012817,2.5018,4.9786,0.00030518
0.0028992,0.0054932,-0.0047509,0.010986,2.5021,4.9792,0.00061035
0.0010681,0.0071716,-0.0028506,0.0079346,2.5012,4.9792,0
0.0021362,0,-0.0047509,0.0068665,2.5018,4.9789,0.00030518
0.0021362,-0.0016785,-0.0033257,0.0099182,2.5021,4.9789,0.00030518
-0.00076294,0.0041199,-0.0033257,0.017853,2.5015,4.9777,0
-0.0074768,0.010681,-0.0038007,0.02182,2.5015,4.9786,0
0.00015259,0.014648,-0.005226,0.021667,2.5006,4.9786,0
0.0050354,0.017395,-0.0042758,0.019073,2.5009,4.9789,0.00030518
0.0024414,0.021362,-0.0042758,0.020142,2.5003,4.9792,0.00030518
0.0024414,0.027313,-0.0042758,0.020447,2.5012,4.978,-0.00091553
0.0028992,0.027771,-0.0038007,0.016479,2.5021,4.9786,0.00030518
-0.0057983,0.016174,-0.0038007,0.016632,2.5015,4.9786,0.00030518
-0.018768,-0.00015259,-0.0042758,0.024872,2.5015,4.9789,0.00030518
-0.024261,-0.013733,-0.0047509,0.029297,2.5,4.9792,0.00030518
-0.021667,-0.021667,-0.0042758,0.021362,2.5015,4.9789,0
-0.01709,-0.0090027,-0.0042758,0.010681,2.5021,4.9777,0.0012207
-0.0041199,0.0047302,-0.0042758,0.0099182,2.5009,4.9783,-0.00030518
-0.00076294,0.013275,-0.0033257,0.015869,2.5012,4.9789,0.00061035
-0.0030518,0.014954,-0.0042758,0.019531,2.5018,4.9783,0.00030518
-0.0028992,0.0090027,-0.0042758,0.017853,2.5,4.9789,0.00061035
0.0016785,0.0065613,-0.0047509,0.010071,2.5012,4.9796,0.00030518
0.0022888,0.010529,-0.005226,0.0010681,2.5009,4.9789,0.00030518
-0.0018311,0.011749,-0.0042758,-0.0018311,2.5009,4.9783,0.00061035
-0.007019,0.0064087,-0.0047509,-0.0010681,2.5018,4.9796,-0.00030518
-0.0076294,-0.0038147,-0.0042758,-0.0067139,2.5015,4.9802,0
-0.0067139,-0.02182,-0.0028506,-0.0083923,2.5015,4.9786,-0.00061035
0.00061035,-0.032349,-0.0038007,-0.0027466,2.5012,4.9792,-0.00030518
-0.0035095,-0.026855,-0.0047509,0.0033569,2.5009,4.9783,0.00030518
-0.0057983,-0.011139,-0.0047509,0.0042725,2.5015,4.978,0.00030518
-0.0038147,0.00091553,-0.0038007,0.0030518,2.5018,4.9783,-0.00030518
-0.0036621,0.0057983,-0.0033257,0.0024414,2.5021,4.9789,0
-0.0010681,0.0091553,-0.0042758,0.0039673,2.5009,4.9783,0.00030518
-0.0016785,0.012512,-0.0038007,0.0064087,2.5009,4.9777,0.00061035
-0.0086975,0.016479,-0.0038007,0.009613,2.5,4.9783,0.00030518
-0.016632,0.020905,-0.0033257,0.018616,2.5015,4.9777,0
-0.023193,0.019379,-0.0042758,0.026245,2.5015,4.9765,-0.00030518
-0.014954,0.020294,-0.005701,0.023193,2.5006,4.9768,0.00030518
-0.0090027,0.018463,-0.0047509,0.018158,2.5012,4.978,0
-0.009613,0.015869,-0.0038007,0.012817,2.5012,4.9774,0.00030518
-0.004425,0.014191,-0.0042758,0.0067139,2.5018,4.9774,-0.00030518
0.0047302,0.0088501,-0.0047509,0.0024414,2.5012,4.9777,-0.00030518
0.007782,0.0027466,-0.005226,-0.00045776,2.5012,4.9783,-0.00030518
0.0083923,-0.0027466,-0.0042758,0.00015259,2.5021,4.9783,-0.00030518
0.010681,-0.0047302,-0.0042758,-0.00091553,2.5012,4.9786,0
0.0065613,-0.012207,-0.0047509,-0.0042725,2.5009,4.9783,0.0015259
-0.0036621,-0.017853,-0.0038007,-0.0013733,2.5018,4.9789,-0.00030518
0.0036621,-0.010681,-0.0047509,0.002594,2.5003,4.9783,0.00030518
0.011292,-0.00076294,-0.005226,-0.0022888,2.5009,4.9783,0
0.011749,0.0036621,-0.0042758,-0.012054,2.5009,4.9783,0.00030518
0.0048828,0.00030518,-0.005226,-0.015717,2.5012,4.9786,0
-0.0083923,-0.0022888,-0.0038007,-0.00091553,2.5009,4.9786,0
-0.01236,0.00091553,-0.005226,0.0097656,2.5009,4.9789,-0.00091553
-0.0068665,0.0073242,-0.0047509,0.0042725,2.5012,4.9783,-0.00091553
0.00015259,0.013275,-0.0038007,-0.0033569,2.5015,4.9792,-0.00030518
0.00045776,0.014648,-0.0042758,-0.0027466,2.5021,4.9789,-0.00061035
-0.0076294,0.011749,-0.0038007,0.0015259,2.5015,4.9777,0.00030518
-0.0033569,0.0097656,-0.0042758,0.004425,2.5015,4.9783,-0.00061035
-0.0027466,0.0091553,-0.0042758,0.0093079,2.5009,4.9786,0
-0.0053406,0.0053406,-0.0042758,0.010834,2.5009,4.9786,0.00030518
-0.004425,0.0010681,-0.0042758,0.010223,2.5021,4.9786,0.00030518
-0.007782,-0.00061035,-0.0038007,0.011139,2.5015,4.9786,0
-0.011139,0.0016785,-0.005701,0.011444,2.5018,4.9789,0
-0.011597,0.0053406,-0.0047509,0.0088501,2.5018,4.9789,0.00030518
-0.010529,0.0019836,-0.0038007,0.0042725,2.5015,4.9796,-0.00030518
-0.011139,-0.00015259,-0.0047509,0.0018311,2.5015,4.9796,0
-0.014038,0.00061035,-0.0047509,-0.0012207,2.5003,4.9796,0
0.00076294,0.0027466,-0.0042758,-0.0097656,2.5012,4.9786,0
0.0041199,0.0027466,-0.0038007,-0.016174,2.5012,4.9786,-0.00061035
0.00015259,0.0033569,-0.0042758,-0.013428,2.5015,4.9792,0.00030518
-0.0050354,0.0041199,-0.0047509,-0.0057983,2.5009,4.9789,0.00061035
-0.021667,0.0067139,-0.0047509,0.0010681,2.5021,4.9796,0.00030518
-0.028229,0.0085449,-0.005701,0.0038147,2.5003,4.9792,0.00030518
-0.021667,0.0036621,-0.0047509,0.0047302,2.5021,4.9789,0.00030518
-0.012512,-0.0024414,-0.0042758,0.00030518,2.5009,4.9796,0.00061035
-0.0079346,-0.0062561,-0.0038007,-0.0068665,2.5018,4.9799,0
-0.010834,-0.0090027,-0.005226,-0.0091553,2.5018,4.978,-0.00030518
-0.0028992,-0.010376,-0.0047509,-0.007782,2.5015,4.978,-0.00061035
-0.00076294,-0.0091553,-0.005226,-0.0022888,2.5006,4.9783,0
0.004425,-0.009613,-0.0042758,0.0013733,2.5031,4.9792,-0.00030518
0.010681,-0.0091553,-0.0042758,-0.00091553,2.5012,4.9789,0
0.0071716,-0.0057983,-0.0042758,-0.0073242,2.5015,4.9789,0
0.0035095,-0.0036621,-0.005226,-0.009613,2.5012,4.9789,0
-0.00015259,-0.004425,-0.0047509,-0.0022888,2.5012,4.9783,-0.00030518
-0.0013733,-0.0024414,-0.0047509,0.00061035,2.5012,4.9783,-0.00030518
-0.0048828,0.00045776,-0.005226,-0.0015259,2.5003,4.9783,0.00061035
-0.0056458,0.0027466,-0.0042758,-0.0086975,2.5009,4.9792,0.00030518
0.00030518,0.005188,-0.0042758,-0.011292,2.5027,4.9792,0.00061035
-0.00045776,0.0076294,-0.0038007,-0.0086975,2.5009,4.9789,0
0.0074768,0.0057983,-0.005226,-0.0033569,2.5015,4.9789,0
0.015411,0.0073242,-0.0033257,0.0068665,2.5021,4.9789,0.00061035
0.007019,0.0088501,-0.0047509,0.011902,2.5006,4.9783,0.00061035
-0.00091553,0.007782,-0.0042758,0.011749,2.5021,4.9789,-0.00030518
0.00061035,0.011902,-0.0042758,0.010071,2.5015,4.9799,-0.00030518
0.0079346,0.016479,-0.0042758,0.0097656,2.5021,4.9786,0.00030518
0.01236,0.014343,-0.0047509,0.011749,2.5021,4.9792,-0.00091553
0.0050354,0.0033569,-0.0047509,0.017242,2.5015,4.9774,0.00030518
0.0068665,-0.0050354,-0.0042758,0.023193,2.5006,4.9786,-0.00030518
0.00091553,-0.0048828,-0.0042758,0.030823,2.5024,4.9789,0.00030518
-0.0054932,-0.0050354,-0.0047509,0.036926,2.5012,4.9792,0.00030518
-0.0080872,-0.0094604,-0.0042758,0.037842,2.5021,4.9789,0
-0.0047302,-0.013428,-0.0047509,0.028381,2.5024,4.9783,0
0.0027466,-0.019073,-0.0042758,0.015869,2.5012,4.9796,0
0.0074768,-0.026855,-0.0047509,0.018921,2.5009,4.9789,-0.00061035
0.0038147,-0.028992,-0.0047509,0.028534,2.5006,4.9796,0
-0.002594,-0.026703,-0.0038007,0.024719,2.5018,4.9792,-0.00030518
-0.0038147,-0.021515,-0.0047509,0.012817,2.5027,4.9792,-0.00061035
0.0048828,-0.010834,-0.0042758,0.0080872,2.5003,4.9786,0.00061035
-0.0036621,0.00076294,-0.0047509,0.016327,2.5006,4.9792,-0.00030518
-0.023193,0.0056458,-0.0047509,0.028381,2.5009,4.9786,0.00030518
-0.031586,0.0064087,-0.0033257,0.034943,2.5006,4.9777,0
-0.03067,0.0053406,-0.005226,0.032501,2.5009,4.9777,-0.00061035
-0.028229,0.0047302,-0.0038007,0.028229,2.5009,4.9783,-0.00061035
-0.026855,0.0067139,-0.0047509,0.023804,2.5006,4.9786,0
-0.018463,0.0057983,-0.0042758,0.017242,2.5006,4.9777,0.00030518
-0.016632,0.0019836,-0.005226,0.014343,2.5003,4.9774,0
-0.020905,-0.00030518,-0.005226,0.018158,2.5009,4.9768,-0.00030518
-0.014954,-0.0018311,-0.0042758,0.026398,2.5009,4.978,0.00030518
-0.016632,-0.00030518,-0.0042758,0.032654,2.5012,4.978,0
-0.022583,-0.0015259,-0.005226,0.031891,2.5015,4.9777,-0.00061035
-0.022125,-0.0039673,-0.0047509,0.029144,2.5018,4.9774,0.00030518
-0.018005,-0.0013733,-0.0047509,0.025177,2.5006,4.9777,0
-0.014648,0.00015259,-0.0047509,0.027924,2.5018,4.978,0.00061035
-0.0091553,-0.0015259,-0.0042758,0.032196,2.5012,4.9792,0
-0.0068665,-0.0013733,-0.0047509,0.0354,2.5018,4.9792,0.00030518
-0.01297,0.0018311,-0.0047509,0.034332,2.5009,4.9789,0.00030518
-0.016174,0.0047302,-0.0038007,0.026703,2.5012,4.9792,0.00061035
0.0018311,0.0074768,-0.0042758,0.016479,2.5006,4.9796,0
0.010223,0.010223,-0.0028506,0.012817,2.5006,4.9789,0.00030518
0.0091553,0.0083923,-0.005226,0.011749,2.5003,4.9792,0
0.0086975,0.0057983,-0.0042758,0.011444,2.5012,4.9796,-0.00061035
0.010681,0.007019,-0.0042758,0.010834,2.5018,4.9783,0
0.0082397,0.0099182,-0.0047509,0.013885,2.5009,4.9796,0
0.0032043,0.0086975,-0.0042758,0.018311,2.5024,4.978,-0.00091553
-0.0016785,0.0030518,-0.0042758,0.018616,2.5018,4.9774,-0.00061035
0.00045776,-0.0022888,-0.0047509,0.015717,2.5021,4.978,0.00030518
0.010681,-0.0062561,-0.005226,0.013123,2.5024,4.978,-0.00030518
0.028839,-0.0048828,-0.0038007,0.013733,2.5003,4.9789,0
0.028229,-0.0038147,-0.0042758,0.016937,2.5009,4.9786,0.00030518
0.02182,-0.004425,-0.005226,0.023041,2.5018,4.9789,-0.00061035
0.025177,-0.0080872,-0.0042758,0.022888,2.5015,4.9792,0.00061035
0.035858,-0.0097656,-0.0047509,0.016785,2.5003,4.9786,0.00030518
0.044556,-0.0091553,-0.0042758,0.012207,2.5003,4.9792,-0.00030518
0.042114,-0.007019,-0.0047509,0.013428,2.5009,4.9789,0
0.035553,-0.0057983,-0.0038007,0.013733,2.5015,4.9789,0
0.033875,-0.0056458,-0.0042758,0.0064087,2.5018,4.9783,0.00030518
0.034332,-0.0015259,-0.0038007,-0.0019836,2.5012,4.9799,-0.00030518
0.036774,0.0021362,-0.005226,-0.00091553,2.5021,4.9792,0.00030518
0.024567,0.0024414,-0.0042758,0.0068665,2.5003,4.9789,0.00030518
0.0036621,0.004425,-0.0033257,0.015717,2.5015,4.9789,0
-0.0056458,0.0074768,-0.0033257,0.019684,2.5018,4.9796,0.00030518
-0.0018311,0.0048828,-0.0042758,0.019836,2.5012,4.9796,0.00061035
0.0035095,0.0024414,-0.0042758,0.015411,2.5006,4.9796,-0.00091553
0.0086975,0.0016785,-0.0042758,0.0047302,2.5015,4.9786,0
0.01297,0.0028992,-0.0038007,-0.00045776,2.5003,4.9786,0
0.010681,0.0065613,-0.0038007,0.00091553,2.5015,4.9792,0.00030518
0.00091553,0.0073242,-0.0042758,0.0093079,2.5009,4.9789,0.00030518
0.0039673,0.0057983,-0.0047509,0.014954,2.5018,4.9789,0.00061035
0.0076294,0.0032043,-0.0047509,0.016022,2.5009,4.9786,0.00030518
0.014648,0.0033569,-0.0047509,0.015259,2.5003,4.9786,-0.00061035
0.02655,0.0039673,-0.0042758,0.0083923,2.5021,4.9799,0.00030518
0.036774,0.0028992,-0.0047509,-0.0012207,2.5027,4.9783,-0.00030518
0.029755,0.0015259,-0.0038007,-0.0059509,2.5006,4.9789,0
0.01358,0.00030518,-0.0042758,0.0010681,2.5018,4.9786,-0.00091553
0.011597,-0.0028992,-0.0038007,0.0085449,2.5018,4.9789,0.00030518
0.018616,-0.0038147,-0.0042758,0.0042725,2.5003,4.9783,-0.00030518
0.017548,-0.0048828,-0.0042758,-0.0076294,2.5021,4.9786,0.00030518
0.025024,-0.0027466,-0.0038007,-0.018616,2.5009,4.9799,-0.00030518
0.027008,-0.0048828,-0.0038007,-0.022888,2.5021,4.9789,0
0.026093,-0.0086975,-0.0038007,-0.019073,2.5012,4.9789,0
0.026245,-0.010376,-0.0038007,-0.014038,2.5015,4.9786,0.00030518
0.025024,-0.0093079,-0.0038007,-0.0086975,2.5006,4.9789,0.00030518
0.022888,-0.0080872,-0.0042758,-0.0099182,2.5015,4.9786,-0.00030518
0.021973,-0.0093079,-0.0042758,-0.010681,2.5009,4.9792,0
0.027008,-0.0090027,-0.0042758,-0.0080872,2.5009,4.9783,0
0.031128,-0.0039673,-0.0047509,-0.0073242,2.5015,4.9783,0.00030518
0.027313,-0.002594,-0.0042758,-0.007019,2.5018,4.9774,0
0.030823,-0.0015259,-0.0042758,-0.0086975,2.5012,4.9786,0.00030518
0.028687,0.00015259,-0.005226,-0.0086975,2.5018,4.9786,-0.00091553
0.019226,0.0028992,-0.005226,-0.0099182,2.5012,4.9792,-0.00030518
0.013123,0.002594,-0.0047509,-0.010986,2.5015,4.9796,0
0.0090027,0.0021362,-0.0038007,-0.0064087,2.5009,4.9792,0
0.0090027,0.0015259,-0.0033257,0.00030518,2.5024,4.9792,0.00061035
0.0045776,0.0018311,-0.005226,0.0013733,2.5012,4.9783,-0.00061035
-0.0024414,0.00045776,-0.0047509,-0.00061035,2.5006,4.9777,0.00030518
0,0.0010681,-0.0042758,-0.0010681,2.5009,4.9792,0.00091553
0.0088501,0.0016785,-0.0033257,-0.002594,2.5009,4.9796,0.00030518
0.012665,0.0016785,-0.0042758,-0.004425,2.5003,4.9774,0.00030518
0.0068665,0.0013733,-0.0047509,-0.0047302,2.5012,4.9786,0
0.00015259,0.0030518,-0.005226,-0.0033569,2.5012,4.9777,0.00030518
-0.002594,0.0028992,-0.0047509,-0.002594,2.5006,4.9777,-0.00030518
0.00015259,0.00076294,-0.0033257,-0.0056458,2.5021,4.9777,-0.00030518
-0.00015259,0.00091553,-0.0038007,-0.0062561,2.5012,4.9786,0.00030518
-0.0042725,0.0013733,-0.0047509,-0.0021362,2.5012,4.978,0
-0.012512,0.0030518,-0.0042758,0.0015259,2.5015,4.9774,0
-0.021362,0.0038147,-0.0038007,0.00045776,2.5012,4.9789,0.00030518
-0.023804,0.0042725,-0.0047509,-0.00091553,2.5018,4.9762,0
-0.018463,0.0042725,-0.0038007,0.0022888,2.5003,4.9774,0
-0.02121,0.0016785,-0.0042758,0.0018311,2.5018,4.9771,-0.00061035
-0.014343,0.0010681,-0.0038007,-0.00015259,2.5012,4.9774,-0.00091553
-0.0079346,0.0027466,-0.0038007,-0.0036621,2.5015,4.978,0
-0.015564,0.0041199,-0.0042758,-0.011292,2.5018,4.9774,-0.00030518
-0.02243,0.0027466,-0.0047509,-0.014343,2.5018,4.9783,0.00030518
-0.018311,-0.0019836,-0.0047509,-0.0074768,2.5012,4.9783,0.00030518
-0.0099182,-0.0048828,-0.0042758,-0.0079346,2.5018,4.9799,0
-0.005188,-0.0042725,-0.0042758,-0.01709,2.5018,4.9783,0.00061035
-0.0071716,0.00091553,-0.0042758,-0.022583,2.5009,4.9786,0
-0.0016785,0.0022888,-0.0047509,-0.021973,2.5021,4.9789,-0.00030518
-0.002594,-0.00076294,-0.0038007,-0.025024,2.5009,4.9789,0.00030518
-0.005188,-0.0027466,-0.005226,-0.031433,2.5021,4.9796,-0.00030518
0.00030518,-0.0057983,-0.0047509,-0.034943,2.5012,4.9792,-0.00030518
0.007782,-0.010071,-0.0042758,-0.037994,2.5012,4.9792,0.00030518
0.010376,-0.011292,-0.005226,-0.039063,2.5021,4.9789,-0.00030518
0.005188,-0.0093079,-0.0033257,-0.037994,2.5018,4.9792,0
-0.007019,-0.0080872,-0.0042758,-0.035095,2.5015,4.9796,-0.00061035
-0.017395,-0.009613,-0.0047509,-0.028381,2.5015,4.9786,-0.00030518
-0.021667,-0.0074768,-0.0033257,-0.021362,2.5015,4.9774,-0.00030518
-0.011292,-0.0061035,-0.0042758,-0.018158,2.5006,4.9783,-0.00030518
-0.010223,-0.0041199,-0.005701,-0.016174,2.5015,4.9789,-0.00030518
-0.01709,-0.0015259,-0.0038007,-0.016174,2.5021,4.9789,0.00030518
-0.025482,-0.0035095,-0.0042758,-0.011139,2.5021,4.9792,-0.00030518
-0.033875,-0.0050354,-0.0047509,-0.0018311,2.5009,4.9786,0.00061035
-0.033875,-0.004425,-0.0047509,0.0039673,2.5015,4.9783,0.00030518
-0.021057,-0.00061035,-0.0047509,0.0033569,2.5015,4.9796,0
-0.0093079,0.0027466,-0.0033257,-0.0039673,2.5018,4.9789,0
-0.017853,0.0053406,-0.005226,-0.01358,2.5009,4.9786,-0.00061035
-0.032501,0.0074768,-0.0042758,-0.017395,2.5018,4.9789,-0.00061035
-0.032806,0.0074768,-0.0047509,-0.011749,2.5018,4.9786,0
-0.035095,0.0073242,-0.0042758,-0.0028992,2.5012,4.9792,0
-0.032959,0.0093079,-0.0047509,0.00061035,2.5012,4.9786,0.00061035
-0.023956,0.0097656,-0.005226,0.00061035,2.5012,4.9792,-0.00061035
-0.013123,0.0093079,-0.0042758,-0.0067139,2.5018,4.9789,0.00030518
-0.007782,0.0080872,-0.0042758,-0.018463,2.5015,4.9789,0
-0.0024414,0.0085449,-0.0038007,-0.02121,2.5018,4.9783,0.00030518
0.0036621,0.0076294,-0.0047509,-0.014954,2.5006,4.9786,-0.00061035
0.0085449,0.0054932,-0.005226,-0.0082397,2.5018,4.9796,0.00030518
0.0041199,0.004425,-0.0047509,-0.0042725,2.5009,4.9777,0.00030518
0.0027466,0.0027466,-0.0042758,-0.0036621,2.5012,4.978,-0.00061035
-0.0045776,0.0018311,-0.0038007,-0.005188,2.5006,4.9789,0.00061035
-0.010834,0.0018311,-0.0047509,-0.0076294,2.5021,4.9789,0.00030518
-0.0059509,0.0042725,-0.005226,-0.012054,2.5021,4.9786,-0.0012207
0.0036621,0.0036621,-0.0042758,-0.017242,2.5009,4.9789,-0.00030518
0.0054932,-0.0015259,-0.0042758,-0.01709,2.5009,4.9786,-0.00030518
-0.0035095,-0.0033569,-0.0038007,-0.012665,2.5018,4.9786,-0.00030518
-0.010223,-0.0018311,-0.0042758,-0.011444,2.5012,4.978,0.00030518
-0.0065613,-0.0010681,-0.0042758,-0.013733,2.5015,4.9792,0.00061035
-0.0064087,-0.0019836,-0.0042758,-0.015411,2.5021,4.9789,0.00061035
-0.00061035,-0.0027466,-0.0042758,-0.0177,2.5018,4.9786,0.00030518
0.0012207,-0.0016785,-0.0047509,-0.018463,2.5018,4.9789,-0.00030518
-0.0016785,-0.00091553,-0.0042758,-0.016327,2.5021,4.9786,-0.00030518
0.00076294,0.00061035,-0.0047509,-0.014191,2.5012,4.9783,-0.00030518
0.0028992,0.0015259,-0.0042758,-0.01358,2.5018,4.9796,0.00030518
-0.00091553,0.00061035,-0.005226,-0.010223,2.5018,4.9783,-0.00030518
-0.0041199,-0.00061035,-0.0042758,-0.011292,2.5009,4.9786,0.00030518
0.0018311,-0.00061035,-0.0047509,-0.014038,2.5018,4.9792,0.00030518
0.0053406,-0.0018311,-0.0047509,-0.0099182,2.5006,4.9789,0.00030518
0.0027466,-0.0013733,-0.005226,-0.0053406,2.5021,4.9774,0.00061035
0.010529,0.0016785,-0.0038007,-0.0030518,2.5021,4.9789,0.00030518
0.013123,0.0018311,-0.0047509,0.00045776,2.5015,4.9792,0.00030518
0.0094604,0.0018311,-0.0042758,0.0028992,2.5015,4.9799,0
0.0056458,0.00030518,-0.0047509,0.0022888,2.5015,4.9786,-0.00061035
0.0012207,0.00091553,-0.0038007,0.0013733,2.5015,4.9789,0.00061035
-0.0030518,0.0022888,-0.0042758,-0.00015259,2.5015,4.9792,-0.00091553
-0.004425,0,-0.0042758,-0.0022888,2.5009,4.9783,-0.00061035
-0.0067139,-0.0036621,-0.005226,-0.0039673,2.5012,4.9786,0.00061035
-0.0097656,-0.0041199,-0.0042758,-0.0032043,2.5021,4.9799,0
-0.01358,-0.0021362,-0.0047509,0.0015259,2.5012,4.9789,-0.00061035
-0.0053406,-0.0024414,-0.0047509,0.0083923,2.5006,4.9792,0
-0.0083923,-0.0042725,-0.0047509,0.01358,2.5015,4.9783,0.00030518
-0.0080872,-0.0038147,-0.0042758,0.012207,2.5021,4.9783,0.00030518
-0.0015259,-0.0021362,-0.0042758,0.0086975,2.5021,4.978,-0.00061035
-0.002594,-0.00061035,-0.0033257,0.0080872,2.5015,4.9777,0
-0.0086975,0.00076294,-0.005226,0.012665,2.5009,4.9771,0.00061035
-0.0086975,-0.00091553,-0.0042758,0.017242,2.5018,4.9783,0
-0.004425,-0.0038147,-0.005226,0.020905,2.5006,4.9774,-0.00030518
-0.0033569,-0.0024414,-0.005226,0.023193,2.5003,4.9783,0.00030518
-0.010986,-0.0012207,-0.0038007,0.023499,2.5015,4.9768,0
-0.0032043,-0.00076294,-0.0047509,0.016479,2.5015,4.9771,0.00030518
-0.0013733,-0.0016785,-0.005226,0.015106,2.5015,4.9774,0
-0.0065613,-0.00015259,-0.005226,0.025482,2.5006,4.9774,-0.00030518
-0.0093079,0.0010681,-0.0042758,0.030365,2.5018,4.9777,-0.00091553
-0.0099182,0.00045776,-0.0047509,0.028992,2.5012,4.9771,0
-0.01358,-0.0016785,-0.0042758,0.029602,2.5024,4.9777,-0.00030518
-0.018158,-0.0013733,-0.0047509,0.033417,2.5009,4.9786,0
-0.021057,0.00015259,-0.005226,0.0354,2.5021,4.9789,0
-0.023041,0.0013733,-0.0042758,0.033569,2.5,4.9777,-0.00030518
-0.023193,0.00015259,-0.0038007,0.029297,2.5009,4.9789,0.00030518
-0.007782,-0.00061035,-0.0042758,0.020447,2.5015,4.9786,0
0.00076294,-0.0035095,-0.0042758,0.015411,2.5015,4.9792,0
0.0021362,-0.0035095,-0.0038007,0.017395,2.5024,4.9783,0.00061035
-0.002594,-0.0033569,-0.0047509,0.018158,2.5009,4.978,0.00030518
-0.0059509,-0.0016785,-0.0042758,0.020142,2.5012,4.9786,0.00030518
-0.0099182,0.00045776,-0.0042758,0.027313,2.5009,4.9789,0.00030518
-0.015564,0.0039673,-0.0047509,0.036316,2.5,4.9786,0
-0.019989,0.0036621,-0.0047509,0.037994,2.5018,4.9783,-0.00030518
-0.019989,0.0021362,-0.0042758,0.035553,2.5018,4.9786,-0.00030518
-0.019073,0.0016785,-0.005226,0.035858,2.5006,4.978,0.00030518
-0.010223,0.00015259,-0.0047509,0.037079,2.5009,4.9783,0.00030518
-0.0097656,0.00076294,-0.0028506,0.040894,2.5006,4.9786,0
-0.013733,0.0016785,-0.0047509,0.042114,2.5009,4.9792,0
-0.0039673,0.0041199,-0.0042758,0.037079,2.5018,4.9783,-0.00061035
0.0035095,0.0050354,-0.0047509,0.028076,2.5015,4.9792,0
-0.00030518,0.0047302,-0.0047509,0.02243,2.5024,4.9789,0
-0.005188,0.0039673,-0.0047509,0.022278,2.5009,4.9789,0.00030518
-0.0057983,0.0039673,-0.0028506,0.019684,2.5006,4.9796,0.00061035
-0.0013733,0.002594,-0.005226,0.014191,2.5009,4.9786,0.00061035
0.0047302,0.00045776,-0.0033257,0.012207,2.5012,4.9783,0.00061035
0.015259,-0.0016785,-0.0042758,0.01236,2.5015,4.9786,-0.00030518
0.0177,-0.0028992,-0.005701,0.014954,2.5,4.9792,0.00030518
0.007782,-0.0056458,-0.0047509,0.016174,2.5018,4.9792,0
-0.0067139,-0.0088501,-0.0038007,0.017242,2.5015,4.9789,-0.00030518
-0.021057,-0.0048828,-0.0038007,0.020447,2.5003,4.9789,-0.00091553
-0.023499,-0.0028992,-0.0038007,0.019989,2.5009,4.9789,0.00061035
-0.010071,-0.0027466,-0.0038007,0.016174,2.5018,4.9789,0.00030518
0.00061035,-0.0019836,-0.0047509,0.011902,2.5009,4.9786,0.00030518
0.00015259,-0.0012207,-0.0038007,0.011902,2.5018,4.9796,0.00061035
-0.0033569,-0.00091553,-0.0047509,0.0085449,2.5015,4.978,0.00061035
0.0071716,0.00061035,-0.0042758,0.007019,2.5021,4.9783,0
0.0083923,0.0018311,-0.0042758,0.01236,2.5009,4.9789,-0.00030518
0.0067139,0.0019836,-0.0042758,0.018463,2.5015,4.9786,0.00061035
0.0085449,0.0056458,-0.0038007,0.020294,2.5015,4.9786,0
0.0079346,0.0083923,-0.005226,0.020294,2.5018,4.9789,0
0.0050354,0.007782,-0.0038007,0.023956,2.5018,4.9792,-0.00030518
-0.00076294,0.0056458,-0.0047509,0.031128,2.5003,4.9789,0.00030518
0.00045776,0.007019,-0.0047509,0.035095,2.4997,4.9792,-0.00030518
-0.00061035,0.0059509,-0.0033257,0.031281,2.5012,4.9786,0.00091553
-0.0030518,0.0019836,-0.0038007,0.026855,2.5009,4.9796,0.00091553
0.0018311,0,-0.0047509,0.026093,2.5015,4.9789,-0.0012207
0.004425,-0.00061035,-0.005226,0.017395,2.5024,4.9786,-0.00061035
0.0056458,0.00076294,-0.0042758,0.010071,2.5012,4.9789,0.00030518
0.0065613,0.0013733,-0.0042758,0.0054932,2.5015,4.9789,0.00030518
0.0064087,0.0032043,-0.0047509,0.0050354,2.5003,4.9792,0.00030518
0.0085449,0.0039673,-0.005226,0.0093079,2.5012,4.9789,0.00030518
0.0073242,0.0015259,-0.0042758,0.011292,2.5012,4.9783,0
0.0041199,0.0010681,-0.0042758,0.010529,2.5009,4.9783,0
0.0019836,0.0015259,-0.0047509,0.0054932,2.5012,4.9796,0.00030518
0,0.0016785,-0.005226,0.0047302,2.5018,4.9771,0.00091553
0.0090027,-0.00091553,-0.0042758,0.0073242,2.5003,4.9792,-0.00061035
0.010529,-0.0039673,-0.0033257,0.0064087,2.5009,4.9786,0.00061035
0.0083923,-0.0050354,-0.0038007,0.0028992,2.5012,4.9783,0
0.0054932,-0.0042725,-0.0042758,0.00015259,2.5018,4.9783,0
0.0030518,-0.0045776,-0.0042758,0.0045776,2.5009,4.9783,0.00030518
0.0021362,-0.002594,-0.0042758,0.0091553,2.5015,4.9789,0
0.0067139,0.00015259,-0.0038007,0.0085449,2.5009,4.9792,0
0.0062561,0.0038147,-0.0042758,0.0032043,2.5018,4.9792,-0.00061035
-0.0016785,0.007782,-0.0038007,-0.0035095,2.5009,4.9799,-0.00030518
-0.0073242,0.0048828,-0.0038007,-0.0083923,2.5021,4.9786,0.00061035
0.0062561,0.0048828,-0.0033257,-0.0073242,2.5015,4.9792,0.00030518
0.011597,0.0074768,-0.0033257,0.0045776,2.5009,4.9786,0.00030518
0.0097656,0.0048828,-0.0042758,0.013733,2.5009,4.9789,-0.00030518
0.0035095,0.0036621,-0.0042758,0.011444,2.5,4.9777,0.00030518
0.0033569,0.0053406,-0.0038007,0.0035095,2.5015,4.9774,0.00030518
0.015259,0.0064087,-0.0042758,-0.00061035,2.5009,4.9777,0.00030518
0.017853,0.0080872,-0.0042758,0.0027466,2.5015,4.9786,-0.00030518
0.011902,0.0062561,-0.0047509,0.0048828,2.5018,4.9777,-0.00030518
0.010986,0.0061035,-0.0042758,0.0033569,2.5009,4.9783,-0.00030518
0.010529,0.0041199,-0.0042758,0.0041199,2.5012,4.9768,-0.00030518
0.022736,0.0035095,-0.0038007,0.0064087,2.5021,4.9771,0
0.019531,0.0027466,-0.0038007,0.0080872,2.5012,4.9774,-0.00030518
0.0048828,-0.0018311,-0.0042758,0.009613,2.5012,4.9783,-0.00030518
-0.0012207,-0.0048828,-0.0038007,0.011749,2.5027,4.9774,0
-0.0048828,-0.0079346,-0.0047509,0.016632,2.5006,4.9777,0
-0.018463,-0.010834,-0.0047509,0.020294,2.5003,4.978,0
-0.023346,-0.012512,-0.005226,0.019836,2.5006,4.9786,0
-0.014496,-0.01297,-0.0047509,0.015717,2.5009,4.9783,-0.00030518
-0.0035095,-0.011597,-0.0042758,0.0093079,2.5003,4.9792,0
-0.010071,-0.0080872,-0.0042758,0.0061035,2.5018,4.9786,0
-0.0090027,-0.0073242,-0.0042758,0.0059509,2.5009,4.978,0
-0.0088501,-0.0053406,-0.0042758,0.0071716,2.5006,4.9783,0
-0.0068665,-0.0021362,-0.0042758,0.010223,2.5015,4.9789,-0.00061035
-0.010681,-0.0010681,-0.0042758,0.01358,2.5009,4.9796,0.00030518
-0.011902,-0.0032043,-0.0042758,0.016174,2.5018,4.9789,0.00030518
0.0067139,-0.0038147,-0.0042758,0.018463,2.5015,4.9792,0.00030518
0.0024414,-0.00076294,-0.0042758,0.02121,2.5012,4.9789,-0.00061035
-0.015411,-0.0013733,-0.0047509,0.015717,2.5015,4.9786,0.00030518
-0.014038,-0.0038147,-0.0047509,0.0065613,2.5012,4.9789,0.00030518
-0.0057983,-0.0024414,-0.0042758,0.0050354,2.5009,4.9777,0.00030518
-0.0030518,0.0013733,-0.0042758,0.0057983,2.5018,4.978,0
-0.0047302,0.0050354,-0.0042758,0.0074768,2.5015,4.9783,0
-0.01236,0.0064087,-0.0042758,0.012512,2.5015,4.9789,-0.00030518
-0.017548,0.005188,-0.0038007,0.016327,2.5003,4.9786,-0.00030518
-0.011902,0.0033569,-0.005226,0.014801,2.5015,4.9789,0.00030518
-0.0082397,0.0022888,-0.0042758,0.0094604,2.5015,4.9792,0
-0.012817,-0.0010681,-0.0042758,0.00091553,2.5009,4.9799,-0.00030518
-0.011749,-0.002594,-0.0042758,-0.0038147,2.5003,4.9799,-0.00030518
-0.0064087,-0.00076294,-0.0047509,-0.0021362,2.5021,4.9786,0.00030518
-0.0061035,0.0013733,-0.005226,0.0057983,2.5009,4.9786,-0.00091553
0.0053406,0.00045776,-0.0038007,0.012665,2.5015,4.9799,-0.00061035
0.0076294,-0.00061035,-0.0047509,0.009613,2.5003,4.9786,-0.00061035
0.0054932,-0.00061035,-0.0038007,0.0030518,2.5009,4.9792,-0.00030518
0.0085449,-0.0016785,-0.005226,0.00061035,2.5018,4.9792,-0.00030518
0.010529,-0.0028992,-0.005226,0.00076294,2.5015,4.9789,0.00061035
0.0073242,-0.0016785,-0.0038007,-0.0012207,2.5018,4.9786,0.00030518
0.0053406,-0.00091553,-0.0038007,-0.0059509,2.5018,4.9792,0
0.0047302,0.00076294,-0.0033257,-0.0018311,2.5006,4.9799,0
0.0010681,0,-0.0033257,0.0050354,2.5012,4.9799,0.00030518
-0.011139,-0.00061035,-0.005226,0.01297,2.5018,4.978,-0.00030518
-0.017548,0.0019836,-0.0038007,0.01709,2.5009,4.9786,0
-0.02594,0.00091553,-0.005701,0.014038,2.5003,4.9792,-0.00030518
-0.029755,-0.00015259,-0.0042758,0.0056458,2.5015,4.9786,0.00091553
-0.02594,-0.00030518,-0.0042758,0.010681,2.5015,4.9786,0.00030518
-0.019836,0.00061035,-0.0047509,0.027313,2.5024,4.9789,0.00030518
-0.014801,0.0027466,-0.0042758,0.032196,2.5009,4.9789,0.00030518
-0.017242,0.0027466,-0.0042758,0.022125,2.5018,4.9786,0
-0.024109,0.0010681,-0.0047509,0.0097656,2.5015,4.9789,0
-0.03006,-0.00015259,-0.0042758,0.0013733,2.5015,4.9789,0.00030518
-0.028076,0.0019836,-0.0033257,-0.0064087,2.5003,4.9792,0
-0.0010681,0.0036621,-0.0042758,-0.016479,2.5006,4.9789,0.00030518
0.020905,0.004425,-0.0047509,-0.020294,2.5006,4.9789,0
0.0018311,0.0042725,-0.0042758,-0.018616,2.5012,4.9786,-0.00091553
-0.012817,0.0027466,-0.0047509,-0.015717,2.5018,4.9789,-0.00061035
-0.011444,0.0019836,-0.005226,-0.01297,2.5012,4.9786,0.00061035
-0.0076294,0.00061035,-0.0047509,-0.016632,2.5015,4.9789,0.00030518
-0.0099182,0.00091553,-0.0047509,-0.020447,2.5009,4.9786,-0.00030518
-0.010223,0.00030518,-0.0033257,-0.019379,2.5024,4.9789,0
-0.012817,-0.00030518,-0.0042758,-0.015106,2.5012,4.9792,-0.00030518
-0.016632,-0.00061035,-0.0047509,-0.012817,2.5021,4.9774,-0.00030518
-0.009613,-0.00061035,-0.0047509,-0.016785,2.5012,4.9786,0.00030518
-0.0090027,-0.00076294,-0.0047509,-0.015259,2.5006,4.9789,0.00061035
-0.0093079,0.00045776,-0.0042758,-0.012207,2.5015,4.9789,-0.00061035
-0.0091553,0,-0.0042758,-0.010376,2.5018,4.9789,0.00091553
-0.0085449,0.0019836,-0.0042758,-0.0086975,2.5009,4.9799,0.00030518
-0.0024414,0.0035095,-0.0047509,-0.007782,2.5009,4.9796,0.00030518
0.0024414,0.0013733,-0.0042758,-0.010071,2.5012,4.9786,0
0.0083923,0.0022888,-0.005226,-0.019684,2.5015,4.9796,0.00030518
0.0094604,0.0015259,-0.0047509,-0.02243,2.4951,4.9783,0
-0.0045776,-0.0013733,-0.0038007,-0.014648,2.5021,4.9792,-0.00030518
-0.0054932,-0.0015259,-0.0038007,-0.0033569,2.5021,4.9783,0
0.004425,-0.00091553,-0.0042758,0.0024414,2.5021,4.9777,-0.00030518
0.0082397,-0.0018311,-0.0033257,0.0039673,2.5012,4.9783,0
0.0033569,-0.0018311,-0.0047509,0.0041199,2.5012,4.978,0
0.0013733,0.00045776,-0.0038007,0.0018311,2.5012,4.978,-0.00030518
0.0015259,0.0015259,-0.0042758,-0.00045776,2.5003,4.9771,0.00030518
0,0.00030518,-0.005226,0.0036621,2.5,4.9783,0.00030518
-0.0048828,-0.00030518,-0.0042758,0.010986,2.5015,4.978,0
-0.0093079,-0.00030518,-0.0038007,0.014648,2.5015,4.9783,0.00061035
-0.018463,-0.00061035,-0.0047509,0.01236,2.5018,4.9765,0
-0.01358,-0.0030518,-0.0042758,0.010681,2.5012,4.9783,0.00030518
-0.018311,-0.0050354,-0.0042758,0.012054,2.5015,4.9777,-0.00030518
-0.027313,-0.0032043,-0.005226,0.017242,2.5009,4.978,-0.00030518
-0.031128,-0.0013733,-0.0042758,0.020294,2.5015,4.9774,0.00030518
-0.03006,-0.0019836,-0.0047509,0.020752,2.5012,4.9777,0
-0.023193,-0.0030518,-0.0042758,0.027771,2.5021,4.9783,0.00030518
-0.021057,-0.0030518,-0.0038007,0.037079,2.5009,4.9774,0.00030518
-0.026855,-0.0028992,-0.005226,0.042572,2.5012,4.9786,0.00061035
-0.033264,-0.0028992,-0.0042758,0.041656,2.5015,4.9786,-0.00030518
-0.036469,-0.0032043,-0.0042758,0.038605,2.5009,4.9792,0.00030518
-0.027618,0.00091553,-0.0033257,0.040436,2.5027,4.9783,0.00030518
-0.032959,0.00061035,-0.0042758,0.050354,2.5018,4.9792,0
-0.045013,-0.0013733,-0.0038007,0.057526,2.5021,4.9789,0.00030518
-0.046387,-0.00015259,-0.0042758,0.05722,2.4997,4.9792,0.00061035
-0.034637,0.0013733,-0.0042758,0.052795,2.5021,4.9789,-0.00030518
-0.021362,0.0041199,-0.005226,0.055847,2.5015,4.9789,-0.00030518
-0.03067,0.0061035,-0.0042758,0.066833,2.5021,4.9786,-0.00030518
-0.044098,0.0054932,-0.0042758,0.077515,2.5018,4.9792,-0.00030518
-0.045013,0.0018311,-0.0047509,0.082397,2.5009,4.9792,-0.00030518
-0.038452,-0.00015259,-0.0038007,0.088348,2.5015,4.9774,0
-0.026093,-0.00061035,-0.0047509,0.091705,2.5012,4.9789,-0.00030518
-0.02121,-0.0019836,-0.005226,0.095978,2.5024,4.9783,0.00061035
-0.018158,-0.002594,-0.0047509,0.09964,2.5012,4.9792,0.00030518
-0.018768,-0.0018311,-0.0042758,0.10788,2.5009,4.9792,0.00061035
-0.028381,-0.00076294,-0.0047509,0.12619,2.5018,4.9792,-0.00030518
-0.040894,-0.00045776,-0.0047509,0.14893,2.5009,4.9802,0.00030518
-0.058441,0.00045776,-0.0042758,0.16647,2.5012,4.9789,-0.00030518
-0.0737,0.0013733,-0.0047509,0.17685,2.5012,4.9792,0
-0.081329,0.0013733,-0.0038007,0.18768,2.5015,4.9786,0
-0.089111,0.0030518,-0.0047509,0.19669,2.5009,4.9792,0
-0.082855,0.0027466,-0.0047509,0.20309,2.5027,4.9786,0.00030518
-0.08316,0.0033569,-0.0038007,0.21271,2.5006,4.9792,0.00030518
-0.10498,0.0050354,-0.0047509,0.224,2.5012,4.9799,-0.00030518
-0.12665,0.0062561,-0.0038007,0.23376,2.5009,4.9786,0.00061035
-0.14221,0.0041199,-0.0042758,0.24185,2.5021,4.9792,0
-0.14877,0.0021362,-0.0042758,0.25284,2.5015,4.9799,-0.00030518
-0.14603,0.0032043,-0.0033257,0.26245,2.5009,4.9796,0.00061035
-0.14984,0.0038147,-0.0047509,0.27328,2.5006,4.9799,0.00030518
-0.16083,0.0028992,-0.0047509,0.28259,2.5012,4.9792,-0.00030518
-0.17593,0.0047302,-0.0047509,0.29037,2.5006,4.978,0.00061035
-0.17136,0.0079346,-0.0042758,0.30121,2.5006,4.9789,-0.00030518
-0.16739,0.010223,-0.0042758,0.31662,2.5006,4.9783,0
-0.16266,0.010223,-0.0038007,0.33386,2.5009,4.9799,0.00030518
-0.15015,0.0067139,-0.0047509,0.35324,2.5009,4.9786,0.00030518
-0.14282,0.0059509,-0.005226,0.36972,2.5021,4.9792,-0.00030518
-0.13535,0.0050354,-0.0047509,0.38391,2.5012,4.9789,0.00030518
-0.12604,0.0057983,-0.0042758,0.39886,2.5024,4.9786,0.00030518
-0.12299,0.0038147,-0.0042758,0.41061,2.5006,4.9796,0.00030518
-0.11993,0.00061035,-0.0042758,0.41153,2.5015,4.9786,0
-0.10208,-0.00045776,-0.0047509,0.40161,2.5012,4.9786,0
-0.066986,0.00061035,-0.0042758,0.39658,2.5006,4.9792,0
-0.05127,0.0013733,-0.0033257,0.39566,2.5015,4.9792,0
-0.043945,0.00061035,-0.005226,0.3923,2.5009,4.9789,0.00061035
-0.025177,-0.00030518,-0.0038007,0.37766,2.5012,4.9786,0
0.0027466,-0.00061035,-0.0038007,0.35538,2.5009,4.9786,0.00061035
0.034943,0.00076294,-0.0047509,0.32974,2.5009,4.9783,0
0.057678,0.0015259,-0.0038007,0.29816,2.5018,4.9783,0.00030518
0.077209,0.00045776,-0.0042758,0.26138,2.5021,4.9789,0
0.084686,-0.00061035,-0.0047509,0.22049,2.5006,4.9796,0.00030518
0.079803,-0.0019836,-0.0042758,0.18387,2.5015,4.9786,-0.00030518
0.10788,-0.00045776,-0.0042758,0.15106,2.5015,4.9786,-0.00030518
0.13794,0.0013733,-0.0038007,0.11627,2.5027,4.9786,0
0.15808,0.0018311,-0.0047509,0.076447,2.5018,4.9786,-0.00030518
0.18204,0.0033569,-0.0042758,0.030212,2.5003,4.9792,0
0.21164,0.0027466,-0.0042758,-0.014191,2.5012,4.9789,0.00030518
0.23941,0.00045776,-0.0033257,-0.050507,2.5021,4.9792,0.00030518
0.25543,-0.00015259,-0.0042758,-0.07843,2.5012,4.9792,0.00030518
0.27069,0.00061035,-0.0047509,-0.10895,2.5012,4.9783,0
0.29099,0,-0.0038007,-0.14526,2.5012,4.9796,0
0.31021,-0.002594,-0.0047509,-0.18082,2.5015,4.9789,0.00061035
0.33157,-0.0073242,-0.0033257,-0.21042,2.5009,4.9786,0.00030518
0.33813,-0.010223,-0.0047509,-0.23575,2.5024,4.9783,0
0.34332,-0.011597,-0.005701,-0.26413,2.5009,4.9777,-0.00091553
0.36987,-0.011444,-0.0042758,-0.29755,2.5021,4.978,-0.00030518
0.41168,-0.0093079,-0.0042758,-0.32944,2.5015,4.9777,0.00030518
0.42908,-0.0094604,-0.0047509,-0.35751,2.5009,4.978,-0.00061035
0.42877,-0.0076294,-0.0042758,-0.3891,2.5021,4.9783,0.00030518
0.43427,-0.0061035,-0.0042758,-0.42511,2.5015,4.9771,0.00061035
0.44678,-0.004425,-0.0038007,-0.45471,2.5021,4.9777,0
0.45822,-0.0033569,-0.0047509,-0.47546,2.5015,4.9771,-0.00030518
0.46036,-0.0016785,-0.0042758,-0.49133,2.5015,4.9774,0.00030518
0.44174,0.00061035,-0.0042758,-0.51071,2.5009,4.978,0
0.42984,0.0012207,-0.0038007,-0.53421,2.5012,4.978,0
0.43274,0.0016785,-0.005226,-0.55847,2.5006,4.978,0
0.43991,0.00045776,-0.0042758,-0.58212,2.5015,4.9777,-0.00030518
0.43884,-0.00045776,-0.0038007,-0.60013,2.5009,4.9783,0.00030518
0.43045,-0.0019836,-0.0042758,-0.61356,2.5021,4.9786,-0.00030518
0.41367,-0.0039673,-0.0047509,-0.62576,2.5009,4.978,0
0.38788,-0.0013733,-0.0042758,-0.63156,2.5012,4.9789,0
0.36514,0.0022888,-0.005226,-0.63446,2.5015,4.9792,0.00061035
0.34943,0.0021362,-0.0042758,-0.64224,2.5021,4.9796,0.00030518
0.31387,0.00045776,-0.0047509,-0.65567,2.5015,4.9792,0.00030518
0.27679,-0.00015259,-0.005226,-0.6665,2.5024,4.9792,-0.00091553
0.2475,0.0033569,-0.0042758,-0.67307,2.5018,4.978,0.00061035
0.22461,0.0085449,-0.0038007,-0.67474,2.5009,4.9786,0.00030518
0.19241,0.0094604,-0.0047509,-0.66864,2.5,4.9783,0.00030518
0.15625,0.0093079,-0.0042758,-0.66315,2.5021,4.9792,0.00030518
0.13458,0.0067139,-0.0042758,-0.65567,2.5009,4.9789,0.00030518
0.12665,0.0056458,-0.0033257,-0.65063,2.5015,4.9789,0.00061035
0.112,0.0038147,-0.0042758,-0.64835,2.5018,4.978,0
0.11032,0.0021362,-0.0042758,-0.64545,2.5006,4.9783,0.00030518
0.098267,0.0028992,-0.0042758,-0.63843,2.5018,4.9792,0.00030518
0.078583,0.0027466,-0.0047509,-0.62393,2.5006,4.9792,-0.00061035
0.058746,0.0021362,-0.0028506,-0.60333,2.5009,4.9789,0
0.041809,0.0047302,-0.0047509,-0.58334,2.5018,4.9796,-0.00061035
0.023956,0.0022888,-0.0047509,-0.56534,2.5012,4.9792,0
0.007019,-0.00030518,-0.005226,-0.54016,2.5018,4.9792,-0.00030518
-0.0056458,0.00076294,-0.0042758,-0.50781,2.5006,4.9792,0
-0.023041,0.0024414,-0.0047509,-0.47226,2.5021,4.9786,-0.00030518
-0.046844,0.0036621,-0.0047509,-0.43808,2.5018,4.9792,0.00030518
-0.052185,0.0079346,-0.0047509,-0.40314,2.5009,4.9792,0
-0.063019,0.012054,-0.0038007,-0.37125,2.5018,4.9799,-0.00030518
-0.083771,0.01236,-0.0042758,-0.34592,2.5018,4.9799,0.00030518
-0.10941,0.010681,-0.0047509,-0.32288,2.5012,4.9796,0
-0.12573,0.0091553,-0.0038007,-0.29907,2.5021,4.9792,0
-0.13641,0.007782,-0.0038007,-0.26886,2.5015,4.9792,-0.00030518
-0.15015,0.0045776,-0.0047509,-0.23468,2.5009,4.9792,0
-0.16663,-0.00045776,-0.0042758,-0.20203,2.5024,4.9789,-0.00030518
-0.18066,-0.0053406,-0.0042758,-0.16724,2.5012,4.9796,-0.00030518
-0.18707,-0.0047302,-0.0047509,-0.13428,2.5021,4.9786,-0.00061035
-0.17487,-0.0019836,-0.0042758,-0.10803,2.5012,4.9789,0
-0.177,-0.0012207,-0.005226,-0.084229,2.5012,4.9796,0.00061035
-0.1889,-0.004425,-0.0047509,-0.052643,2.5006,4.9789,0
-0.19608,-0.0056458,-0.0042758,-0.02533,2.5012,4.9789,0.00030518
-0.18982,-0.0071716,-0.0042758,-0.0068665,2.5009,4.9796,-0.00030518
-0.18448,-0.0068665,-0.0047509,0.010681,2.5015,4.9789,-0.00030518
-0.18753,-0.0061035,-0.005226,0.034027,2.5003,4.9774,0.00061035
-0.19363,-0.0053406,-0.0042758,0.062408,2.5006,4.9792,0
-0.1973,-0.004425,-0.0042758,0.083313,2.5009,4.9792,0.00030518
-0.20172,-0.00091553,-0.0042758,0.098419,2.5006,4.9789,0.00030518
-0.19287,-0.0024414,-0.0047509,0.11124,2.5018,4.9796,-0.00061035
-0.19241,-0.0035095,-0.0042758,0.1236,2.5018,4.9789,0.00030518
-0.20096,-0.0035095,-0.0047509,0.13519,2.5018,4.9799,-0.00030518
-0.20294,-0.00076294,-0.0047509,0.14221,2.5018,4.9786,0.0012207
-0.19272,0.0035095,-0.0047509,0.14465,2.5006,4.9789,-0.00030518
-0.18555,0.0074768,-0.0038007,0.15549,2.5012,4.9783,-0.00061035
-0.19775,0.010223,-0.0042758,0.177,2.5012,4.9799,0
-0.20767,0.0099182,-0.0042758,0.1918,2.5015,4.9786,0.00030518
-0.20462,0.0080872,-0.0038007,0.19592,2.4997,4.9789,-0.00030518
-0.19318,0.007019,-0.0042758,0.20142,2.5015,4.9783,0
-0.17334,0.0065613,-0.0042758,0.20844,2.5006,4.9789,-0.00030518
-0.17822,0.0067139,-0.0047509,0.21942,2.5003,4.9786,0.00061035
-0.19547,0.0079346,-0.005226,0.23727,2.5009,4.9792,0.00061035
-0.20111,0.0047302,-0.0038007,0.24872,2.5015,4.9783,0.00030518
-0.19501,0.0012207,-0.0042758,0.24872,2.5021,4.9786,0
-0.18799,-0.0030518,-0.0042758,0.24902,2.5012,4.9792,0
-0.18997,-0.005188,-0.0038007,0.25711,2.5006,4.9786,0.00030518
-0.19608,-0.0068665,-0.0042758,0.26855,2.5024,4.978,-0.00030518
-0.2095,-0.0065613,-0.0038007,0.27924,2.5009,4.9789,0
-0.21759,-0.0085449,-0.0047509,0.28397,2.5021,4.9802,-0.00030518
-0.20325,-0.010071,-0.005226,0.2861,2.5009,4.9796,0
-0.19531,-0.0088501,-0.0042758,0.28427,2.5006,4.9783,-0.00030518
-0.20981,-0.0035095,-0.0047509,0.28351,2.5006,4.9783,0.00061035
-0.22476,0.0010681,-0.0038007,0.28107,2.5015,4.9799,0.00030518
-0.22598,0.0015259,-0.0042758,0.27527,2.5003,4.9789,0.00030518
-0.21545,0.0018311,-0.0047509,0.27008,2.5012,4.978,-0.00030518
-0.20859,0.0015259,-0.0042758,0.27023,2.5015,4.9774,-0.00030518
-0.20752,0.0057983,-0.0042758,0.26993,2.5006,4.9789,0.00030518
-0.20935,0.0071716,-0.0038007,0.27344,2.5018,4.978,0.00030518
-0.21271,0.0067139,-0.0038007,0.27939,2.5012,4.9771,0
-0.19882,0.0082397,-0.0042758,0.28473,2.5021,4.9768,0.00030518
-0.19821,0.011597,-0.0047509,0.28946,2.5015,4.9777,0.00030518
-0.20462,0.014954,-0.0042758,0.29404,2.5018,4.9771,0
-0.20737,0.01358,-0.005226,0.29648,2.5012,4.9774,-0.00091553
-0.20676,0.012207,-0.0028506,0.30029,2.5015,4.9777,-0.00030518
-0.2063,0.007782,-0.0038007,0.30518,2.5012,4.978,0.00030518
-0.20721,0.005188,-0.0047509,0.30289,2.5018,4.9789,0.00030518
-0.20645,0.0039673,-0.0047509,0.29449,2.5012,4.9786,0.00030518
-0.20615,0.0039673,-0.0047509,0.28854,2.5018,4.9786,-0.00030518
-0.20554,0.0016785,-0.0047509,0.2916,2.5009,4.9796,0.00030518
-0.19806,-0.00015259,-0.0047509,0.29648,2.5012,4.9789,0.00061035
-0.19821,-0.00061035,-0.0042758,0.29968,2.5006,4.9783,0
-0.20447,-0.00061035,-0.0047509,0.30167,2.5012,4.9792,0
-0.21683,-0.00076294,-0.0047509,0.30457,2.5015,4.9783,0
-0.21393,-0.0022888,-0.005226,0.30701,2.5012,4.9786,0
-0.21317,-0.0018311,-0.0038007,0.30624,2.5006,4.9786,0
-0.21896,-0.0018311,-0.0042758,0.3035,2.5012,4.9786,-0.00061035
-0.21973,-0.0027466,-0.0042758,0.2919,2.5,4.9796,0
-0.21378,-0.0059509,-0.0047509,0.27512,2.5,4.9786,0.00061035
-0.19806,-0.0088501,-0.0042758,0.26154,2.5009,4.9777,0
-0.17471,-0.0088501,-0.0033257,0.25558,2.5015,4.9789,0
-0.17273,-0.0080872,-0.0042758,0.25848,2.5012,4.9789,0.00061035
-0.17868,-0.0064087,-0.005226,0.2652,2.5015,4.9783,-0.00030518
-0.17319,-0.0042725,-0.005226,0.2652,2.5009,4.9792,0.00091553
-0.16541,-0.0047302,-0.0047509,0.26047,2.5009,4.9789,0
-0.16495,-0.005188,-0.0047509,0.25238,2.5015,4.9789,0.00030518
-0.1622,-0.0042725,-0.0042758,0.24399,2.5006,4.9799,-0.00030518
-0.14832,-0.0032043,-0.0042758,0.23499,2.5024,4.9792,-0.00030518
-0.1358,-0.0015259,-0.0042758,0.22568,2.5012,4.9789,0
-0.13428,-0.00091553,-0.0038007,0.22095,2.5015,4.9789,0
-0.12054,0.00076294,-0.005226,0.2153,2.5009,4.9792,0
-0.10818,0.0010681,-0.0042758,0.20615,2.5015,4.9789,0.00030518
-0.097351,0.0028992,-0.0042758,0.1944,2.5015,4.9796,-0.00061035
-0.087585,0.0012207,-0.0042758,0.17761,2.5006,4.9786,0
-0.077667,0.0019836,-0.0042758,0.16891,2.5018,4.9792,0
-0.076141,0.0065613,-0.0042758,0.17334,2.5009,4.9786,-0.00030518
-0.068817,0.0071716,-0.0047509,0.17517,2.5018,4.9789,0
-0.055084,0.0053406,-0.0047509,0.16037,2.5012,4.9802,0.00030518
-0.051117,0.004425,-0.0033257,0.14206,2.5024,4.9792,-0.00061035
-0.054626,0.0041199,-0.0047509,0.1387,2.5027,4.9777,0.00030518
-0.037384,0.0042725,-0.005226,0.13992,2.5015,4.9783,0.00030518
-0.03067,0.0039673,-0.0038007,0.1355,2.5015,4.9783,0.00091553
-0.029144,0.0039673,-0.0047509,0.12497,2.5024,4.9792,-0.00091553
-0.022125,0.0028992,-0.0047509,0.11871,2.5006,4.9786,0.00030518
-0.014191,0.0032043,-0.0042758,0.11444,2.5018,4.9789,0
-0.0015259,0.0054932,-0.0047509,0.10849,2.5018,4.9799,0
0.0097656,0.0079346,-0.0038007,0.099182,2.5015,4.9786,-0.00030518
0.023041,0.011444,-0.0042758,0.085449,2.5015,4.9789,0
0.032959,0.013428,-0.0047509,0.068512,2.5009,4.9786,0.00061035
0.037079,0.013733,-0.0047509,0.060272,2.5012,4.9786,0.00061035
0.05249,0.014191,-0.0042758,0.056305,2.5003,4.9789,0.00030518
0.05661,0.010223,-0.0042758,0.044556,2.5015,4.9792,0.00061035
0.059357,0.0035095,-0.0028506,0.031738,2.5018,4.9786,0.00091553
0.070343,-0.0024414,-0.0042758,0.023651,2.5009,4.9783,-0.00030518
0.08194,-0.0091553,-0.0047509,0.021057,2.5003,4.9783,0.00030518
0.080109,-0.011902,-0.0042758,0.025177,2.5015,4.9786,0
0.075073,-0.012665,-0.0042758,0.031738,2.5006,4.9786,-0.00030518
0.079041,-0.010376,-0.0047509,0.035248,2.5021,4.9789,0.00061035
0.083618,-0.0074768,-0.0042758,0.030823,2.5009,4.9783,-0.00030518
0.080109,-0.0059509,-0.0042758,0.02533,2.5015,4.9783,-0.00061035
0.088348,-0.007019,-0.0042758,0.025787,2.5003,4.9786,-0.00030518
0.092773,-0.0064087,-0.0047509,0.026093,2.5021,4.9796,0.00030518
0.096588,-0.0061035,-0.0042758,0.017548,2.5003,4.9792,-0.00030518
0.098419,-0.0056458,-0.0033257,0.0061035,2.5012,4.9786,0
0.10269,-0.0027466,-0.0047509,-0.0018311,2.5015,4.9789,-0.00061035
0.10986,0.00015259,-0.0061761,-0.010071,2.5012,4.9792,0
0.11307,0.0027466,-0.005226,-0.016174,2.5006,4.9805,-0.00030518
0.11642,0.0036621,-0.0047509,-0.021057,2.5009,4.9796,0.00030518
0.11688,0.007019,-0.0042758,-0.023804,2.5009,4.9792,0.00091553
0.10773,0.0059509,-0.005701,-0.020752,2.5012,4.9799,0
0.10925,0.0047302,-0.0047509,-0.016022,2.5012,4.9789,0
0.10956,0.0041199,-0.0047509,-0.015564,2.5009,4.9786,0
0.10559,0.00015259,-0.0047509,-0.02121,2.5021,4.9783,0
0.10712,-0.0038147,-0.005226,-0.03479,2.5009,4.978,0.00061035
0.11841,-0.0065613,-0.0038007,-0.044708,2.5018,4.9774,0.00030518
0.12833,-0.010376,-0.0047509,-0.04715,2.5009,4.9783,0.00061035
0.13535,-0.012054,-0.0047509,-0.048065,2.5018,4.9786,0
0.13214,-0.014343,-0.005701,-0.050049,2.5012,4.978,0
0.11658,-0.012665,-0.0042758,-0.050201,2.5015,4.9783,0
0.10315,-0.011292,-0.0033257,-0.049896,2.5015,4.9774,0.00030518
0.11414,-0.0048828,-0.0042758,-0.047913,2.5006,4.978,0.00030518
0.11673,-0.00015259,-0.0042758,-0.039673,2.5003,4.9774,-0.00030518
0.11337,0.0028992,-0.0047509,-0.029144,2.5009,4.9771,0
0.11124,0.005188,-0.0047509,-0.028992,2.5009,4.9777,-0.00091553
0.11475,0.0050354,-0.005226,-0.037689,2.5015,4.9777,-0.00030518
0.12085,0.0045776,-0.0047509,-0.05188,2.5009,4.9786,0.00030518
0.12604,0.0042725,-0.0033257,-0.062866,2.5003,4.9792,0.00030518
0.12848,0.0054932,-0.0047509,-0.066986,2.5,4.9789,-0.00061035
0.12436,0.0038147,-0.0042758,-0.065002,2.5021,4.9783,0
0.11612,0.00091553,-0.0042758,-0.061493,2.5009,4.9783,0.00030518
0.12207,0.0024414,-0.0047509,-0.060272,2.5021,4.9786,0.00030518
0.12131,0.0059509,-0.0047509,-0.056305,2.5009,4.9789,-0.00030518
0.11246,0.0073242,-0.0038007,-0.054169,2.5012,4.9792,-0.00061035
0.11154,0.0082397,-0.0042758,-0.056305,2.5009,4.9796,0.00030518
0.11627,0.0088501,-0.0042758,-0.06134,2.5024,4.9786,0.00061035
0.12161,0.0094604,-0.0038007,-0.062408,2.5012,4.9792,-0.00061035
0.1181,0.007782,-0.0042758,-0.056152,2.5015,4.9789,0.00061035
0.10895,0.004425,-0.0038007,-0.050049,2.5018,4.9792,0.00061035
0.10315,-0.00030518,-0.0047509,-0.04715,2.5012,4.9783,0
0.098114,-0.005188,-0.0038007,-0.043335,2.5015,4.9777,0.00061035
0.10315,-0.0059509,-0.0042758,-0.040131,2.5012,4.9783,-0.00061035
0.10391,-0.0033569,-0.0038007,-0.04425,2.5012,4.9796,-0.00030518
0.10406,-0.002594,-0.0047509,-0.051422,2.5015,4.9796,-0.00030518
0.10132,-0.0027466,-0.0047509,-0.055389,2.5009,4.9789,0.00030518
0.096588,-0.00061035,-0.0042758,-0.056763,2.5012,4.9789,-0.00061035
0.091858,0.00076294,-0.0038007,-0.056915,2.5012,4.9799,0.00030518
0.088043,-0.0036621,-0.0042758,-0.054016,2.5009,4.9783,0
0.080566,-0.0082397,-0.005226,-0.048676,2.5015,4.9789,-0.00030518
0.072479,-0.0088501,-0.0042758,-0.050659,2.5015,4.9789,0
0.066071,-0.0085449,-0.005226,-0.058136,2.5015,4.9789,-0.00030518
0.068665,-0.0053406,-0.0042758,-0.055542,2.5021,4.9786,0.00030518
0.06134,-0.0010681,-0.0047509,-0.042419,2.5009,4.9789,0.00030518
0.053101,0.0024414,-0.0042758,-0.03067,2.5012,4.9796,-0.00061035
0.052643,0,-0.0047509,-0.028992,2.5015,4.9777,-0.00061035
0.054016,0.00045776,-0.0033257,-0.033569,2.5018,4.9786,0
0.056915,0.0039673,-0.0047509,-0.034943,2.5024,4.9792,0.00030518
0.062561,0.0061035,-0.0042758,-0.033875,2.5006,4.9792,0.00030518
0.060577,0.002594,-0.0047509,-0.036621,2.5006,4.9789,0.00030518
0.056152,0.0015259,-0.005701,-0.040436,2.5015,4.9796,0.00030518
0.05249,0.00045776,-0.0047509,-0.04425,2.5015,4.978,0
0.061035,-0.00030518,-0.0047509,-0.049744,2.5009,4.9789,0
0.057983,-0.0032043,-0.0042758,-0.05127,2.5015,4.9783,0.00030518
0.050049,-0.0035095,-0.0047509,-0.052032,2.5018,4.9789,-0.00030518
0.048523,-0.00091553,-0.0042758,-0.052185,2.5012,4.9789,-0.00061035
0.048065,0.00030518,-0.0033257,-0.051422,2.5012,4.9783,0.00030518
0.052032,-0.0030518,-0.0042758,-0.050507,2.5009,4.9792,0.00030518
0.05249,-0.0048828,-0.0047509,-0.050507,2.5009,4.9786,0.00030518
0.048828,-0.0039673,-0.0047509,-0.052948,2.5021,4.9789,-0.00030518
0.046539,-0.0018311,-0.0042758,-0.051575,2.5012,4.9792,0.00030518
0.044556,-0.0022888,-0.0042758,-0.046387,2.5009,4.9789,0.00030518
0.049438,-0.0039673,-0.005226,-0.041199,2.5012,4.9789,0.00061035
0.044556,-0.0064087,-0.0038007,-0.036163,2.5012,4.9792,0.00030518
0.039978,-0.0035095,-0.0042758,-0.032349,2.5009,4.9789,-0.00061035
0.043945,0.0038147,-0.0042758,-0.033569,2.5009,4.9799,-0.00030518
0.044403,0.0053406,-0.0042758,-0.032806,2.5012,4.9783,0
0.039063,0.0021362,-0.0047509,-0.031586,2.5015,4.9786,0
0.032043,-0.0013733,-0.0028506,-0.026245,2.5012,4.9777,0.00030518
0.027618,-0.0013733,-0.0047509,-0.018768,2.5015,4.9774,0
0.030365,0.00045776,-0.005226,-0.014648,2.5003,4.9777,0.00061035
0.02655,0.0042725,-0.0038007,-0.014191,2.5015,4.9789,-0.00061035
0.031281,0.0076294,-0.0038007,-0.018311,2.5015,4.9786,0
0.031738,0.0059509,-0.0047509,-0.022888,2.5015,4.9789,-0.00030518
0.027618,0.0033569,-0.0038007,-0.02243,2.5009,4.9789,0.00061035
0.024719,-0.00061035,-0.0047509,-0.020294,2.5015,4.978,0.00030518
0.027161,-0.005188,-0.0042758,-0.022125,2.5012,4.9789,0.00030518
0.031128,-0.0097656,-0.0042758,-0.02533,2.5009,4.9786,-0.00030518
0.027466,-0.0073242,-0.0038007,-0.023193,2.5027,4.9789,0
0.018158,-0.00045776,-0.0042758,-0.020752,2.5018,4.9789,0.00061035
0.010071,0.0032043,-0.0047509,-0.023651,2.5009,4.9799,0
0.0090027,0.0016785,-0.0042758,-0.028229,2.5015,4.9783,0
0.01297,0.0015259,-0.0042758,-0.030823,2.5009,4.9796,-0.00030518
0.0082397,0.0053406,-0.0042758,-0.030975,2.5015,4.9792,-0.00091553
0.0082397,0.0054932,-0.0042758,-0.034027,2.5012,4.9774,0.00030518
0.018158,0.004425,-0.0038007,-0.037384,2.5009,4.9796,0.00061035
0.016327,0.0094604,-0.0042758,-0.036163,2.5021,4.9786,0.00030518
0.0035095,0.015564,-0.0047509,-0.032806,2.5003,4.9777,0.00030518
-0.0041199,0.023651,-0.0038007,-0.027618,2.5018,4.978,0
-0.0050354,0.023804,-0.0042758,-0.016327,2.5006,4.9777,-0.00061035
-0.014801,0.010376,-0.0042758,-0.0056458,2.5018,4.9786,-0.00030518
-0.022736,-0.0045776,-0.0042758,-0.0019836,2.5012,4.9777,-0.00061035
-0.0086975,-0.0047302,-0.0047509,-0.005188,2.5018,4.9777,0.00030518
-0.0030518,0.0074768,-0.0042758,-0.014191,2.5009,4.9777,0
-0.00030518,0.010376,-0.0042758,-0.020142,2.5021,4.978,-0.00030518
0.007782,0.0059509,-0.0038007,-0.022125,2.5009,4.9774,0
0.017242,-0.0013733,-0.0042758,-0.02182,2.5015,4.9783,-0.00061035
0.015564,-0.0035095,-0.0038007,-0.017395,2.5009,4.9783,0.00030518
0.0079346,-0.0032043,-0.0042758,-0.014191,2.5018,4.9789,-0.00030518
0.0035095,-0.0054932,-0.0047509,-0.012054,2.5015,4.9789,0.00030518
-0.0010681,-0.010071,-0.0038007,-0.007019,2.5012,4.9799,0
-0.010376,-0.012207,-0.0038007,-0.0022888,2.5009,4.9789,0
-0.0080872,-0.010071,-0.0047509,0.00030518,2.5021,4.9796,-0.00030518
-0.007782,-0.0032043,-0.0038007,0.00045776,2.5009,4.9792,0.00030518
-0.0030518,0.0099182,-0.0042758,0.0016785,2.5012,4.9799,0
0.0012207,0.018311,-0.0042758,0.005188,2.5006,4.9789,0
0.0027466,0.020905,-0.0033257,0.0068665,2.5009,4.9792,0.00061035
0.0042725,0.019989,-0.0033257,0.0080872,2.5021,4.9789,0
0.0027466,0.017853,-0.0047509,0.0082397,2.5021,4.9786,0.00061035
-0.0032043,0.010223,-0.0042758,0.0027466,2.5018,4.9789,0
-0.0097656,-0.0015259,-0.0047509,-0.0030518,2.5009,4.9789,0
-0.015259,-0.012207,-0.0042758,-0.0024414,2.5018,4.9783,0
-0.0090027,-0.023193,-0.0047509,-0.0024414,2.5,4.9786,0.00061035
-0.0071716,-0.026245,-0.0042758,-0.0091553,2.5003,4.9789,-0.00030518
-0.0083923,-0.020142,-0.0042758,-0.010681,2.5021,4.9789,0.00030518
-0.0086975,-0.015411,-0.0042758,-0.0053406,2.5012,4.9789,-0.00061035
-0.011902,-0.010834,-0.0038007,-0.00091553,2.5,4.9792,0.00030518
-0.0086975,-0.0059509,-0.0038007,-0.0022888,2.5021,4.9792,0
-0.0035095,-0.005188,-0.0047509,-0.0057983,2.5021,4.978,0.00030518
-0.00061035,-0.0054932,-0.005226,-0.005188,2.5024,4.9786,-0.00030518
-0.00061035,-0.0054932,-0.0042758,-0.00045776,2.5009,4.9796,-0.00061035
-0.010529,-0.0082397,-0.0047509,0.0074768,2.5034,4.9792,0.00091553
-0.012512,-0.0083923,-0.0047509,0.012512,2.5006,4.9792,0.00061035
-0.011902,-0.0042725,-0.0047509,0.0083923,2.5027,4.9789,0.00061035
-0.011292,0,-0.0038007,0.0012207,2.5012,4.9802,0.00030518
-0.016327,0.0010681,-0.0042758,-0.0010681,2.5006,4.9802,-0.00030518
-0.025024,0.00045776,-0.005226,-0.0012207,2.5006,4.9799,0.00030518
-0.025482,0.00091553,-0.005226,0.0038147,2.5024,4.9792,0
-0.019226,0.00015259,-0.005226,0.011292,2.5003,4.9786,0.00030518
-0.011292,0.0010681,-0.0042758,0.0090027,2.5018,4.9792,-0.00030518
-0.0088501,0.010834,-0.0042758,0.0018311,2.5021,4.9796,-0.00061035
-0.018158,0.022125,-0.0033257,0.0024414,2.5018,4.9777,0.00030518
-0.020142,0.026245,-0.0038007,0.0065613,2.5009,4.9789,-0.00091553
-0.02182,0.02121,-0.0047509,0.0056458,2.5009,4.9786,0
-0.024109,0.010986,-0.005701,0.00015259,2.5015,4.9792,0.00030518
-0.028992,-0.0024414,-0.0042758,0,2.5018,4.9789,0.00091553
-0.035553,-0.023346,-0.0042758,0.0097656,2.5021,4.9789,0.00030518
-0.036926,-0.036774,-0.0047509,0.016327,2.5015,4.9783,0
-0.03479,-0.028534,-0.005226,0.010834,2.5021,4.9786,0.00030518
-0.033112,-0.0057983,-0.0038007,0.00030518,2.5009,4.9792,-0.00061035
-0.027466,0.010986,-0.0033257,-0.0093079,2.5018,4.9786,-0.00030518
-0.023804,0.015106,-0.0042758,-0.01236,2.5009,4.9796,0
-0.01297,0.014343,-0.0042758,-0.0074768,2.5021,4.9789,-0.00061035
-0.011597,0.018158,-0.005226,-0.00030518,2.5015,4.978,-0.00061035
-0.019226,0.025787,-0.0042758,0.0080872,2.5003,4.9792,-0.00030518
-0.02121,0.03006,-0.0047509,0.015717,2.5009,4.9792,-0.00061035
-0.010071,0.023193,-0.0047509,0.0093079,2.5015,4.9789,0
0.0042725,0.015564,-0.0033257,-0.0048828,2.5012,4.9789,0
-0.00091553,0.016327,-0.0047509,-0.0090027,2.5018,4.9789,0
-0.020905,0.020905,-0.0042758,0.00015259,2.5012,4.9786,0
-0.022888,0.020599,-0.0042758,0.0099182,2.5012,4.9792,0
-0.014496,0.014038,-0.0042758,0.013733,2.5015,4.978,0.00061035
-0.015869,0.0010681,-0.0042758,0.010223,2.5009,4.9789,0.00030518
-0.032959,-0.016937,-0.0038007,0.011444,2.5012,4.9799,0
-0.039825,-0.029449,-0.0047509,0.014801,2.5009,4.9796,0.00061035
-0.030365,-0.033875,-0.0033257,0.016022,2.5009,4.9796,0.00030518
-0.018921,-0.028687,-0.0042758,0.016479,2.5012,4.9789,0.00030518
-0.014648,-0.015717,-0.0038007,0.016022,2.5012,4.9805,0.00030518
-0.014496,-0.009613,-0.005226,0.01358,2.5015,4.9799,0
-0.01358,-0.0082397,-0.0033257,0.014038,2.5012,4.9783,-0.00030518
-0.0097656,-0.0053406,-0.005226,0.017242,2.5018,4.9796,0.00061035
-0.0050354,-0.00091553,-0.0042758,0.017395,2.5015,4.9783,0.00030518
-0.0064087,0.005188,-0.0042758,0.022278,2.5012,4.9792,-0.00061035
-0.0177,0.010834,-0.0047509,0.030975,2.5006,4.9789,0.00030518
-0.024109,0.014801,-0.0047509,0.033569,2.5021,4.9777,0.00030518
-0.025177,0.014801,-0.0042758,0.032349,2.5012,4.9789,-0.00061035
-0.026245,0.014343,-0.0028506,0.032349,2.5018,4.9777,-0.00030518
-0.025024,0.019379,-0.0047509,0.028076,2.5012,4.9789,0.00030518
-0.017548,0.025482,-0.005226,0.023956,2.5021,4.9777,0
-0.0088501,0.023041,-0.0038007,0.017242,2.5006,4.9786,-0.00030518
-0.0039673,0.0015259,-0.0038007,0.011902,2.5021,4.9783,-0.00030518
-0.0071716,-0.01297,-0.0047509,0.010071,2.5012,4.9768,0
0.002594,-0.0080872,-0.0047509,0.0042725,2.5012,4.9777,0.00030518
0.0012207,-0.002594,-0.0042758,0.00015259,2.5018,4.9774,0.00030518
-0.0028992,-0.0021362,-0.0047509,0.0018311,2.5018,4.978,-0.00061035
-0.0056458,0,-0.0042758,0.0019836,2.5006,4.9774,0
-0.0041199,0,-0.0047509,0.0036621,2.5015,4.9777,-0.00030518
-0.004425,-0.0068665,-0.005226,0.010223,2.5006,4.9783,-0.00030518
0.00091553,-0.011597,-0.0042758,0.012512,2.5027,4.9789,0.00030518
0.0068665,-0.0090027,-0.0042758,0.0019836,2.5012,4.9789,0
0.0050354,-0.011597,-0.0047509,-0.004425,2.5015,4.9789,0.00061035
-0.0018311,-0.015717,-0.0047509,-0.0027466,2.5009,4.9796,0
0.00076294,-0.018616,-0.0038007,-0.0022888,2.5006,4.978,-0.00030518
-0.0030518,-0.019836,-0.0047509,-0.0013733,2.5009,4.9792,-0.00091553
-0.0090027,-0.01236,-0.0038007,-0.0018311,2.5009,4.9783,-0.00091553
-0.010529,0.0030518,-0.005226,0.0019836,2.5009,4.9792,0.00030518
-0.013428,0.013428,-0.0042758,0.0093079,2.5012,4.9786,0.00030518
-0.016937,0.0079346,-0.0047509,0.010834,2.5018,4.9789,-0.00030518
-0.020905,-0.012512,-0.0038007,0.0079346,2.5015,4.9786,-0.00061035
-0.016785,-0.032043,-0.005226,0.0050354,2.5015,4.9799,0
-0.016022,-0.031281,-0.0038007,0.0024414,2.5015,4.9786,0
-0.019531,-0.01236,-0.0047509,-0.0022888,2.5021,4.978,0.00061035
-0.013275,0.0065613,-0.0042758,-0.010376,2.5018,4.9786,0.00061035
-0.0090027,0.013275,-0.0033257,-0.017242,2.5018,4.9786,-0.00061035
-0.010681,0.019379,-0.0042758,-0.020752,2.5012,4.9796,-0.00061035
-0.012054,0.032043,-0.0047509,-0.018921,2.5006,4.9792,0
-0.013428,0.037384,-0.0042758,-0.0099182,2.5006,4.9786,0.00030518
-0.011902,0.031128,-0.005226,-0.0056458,2.5012,4.9792,0
-0.0086975,0.016632,-0.0033257,-0.0056458,2.5012,4.9796,0.00030518
-0.010071,-0.0018311,-0.005226,-0.0016785,2.5012,4.9789,0.00030518
-0.016937,-0.0094604,-0.0047509,0.0030518,2.5012,4.9789,0
-0.027924,0.0024414,-0.0038007,0.0091553,2.5015,4.9792,0.00030518
-0.022583,0.016327,-0.0042758,0.011597,2.5012,4.9789,-0.00030518
-0.019836,0.013275,-0.0038007,0.012665,2.5021,4.9786,0
-0.019989,0.0033569,-0.0042758,0.0086975,2.5018,4.9789,0.00030518
-0.015106,-0.00030518,-0.0047509,0.00076294,2.5012,4.9802,0.00030518
-0.0053406,0.0056458,-0.005226,-0.0022888,2.5015,4.9792,0.00061035
-0.0057983,0.016937,-0.0042758,0.0015259,2.5018,4.9789,0
-0.007782,0.018463,-0.0038007,0.0053406,2.5018,4.9786,0
-0.0048828,0.014343,-0.0047509,0.0059509,2.5009,4.9792,0
-0.0015259,0.016479,-0.005226,0.0050354,2.5006,4.9805,0
-0.004425,0.017242,-0.0033257,0.0039673,2.5015,4.978,-0.00030518
0.0012207,0.010376,-0.0047509,0.0027466,2.5006,4.9783,0.00030518
0.0030518,0,-0.0042758,0.0041199,2.5015,4.9789,0.00030518
-0.0030518,0.0010681,-0.0042758,0.0035095,2.5006,4.9786,0.00030518
-0.0024414,0.011139,-0.0042758,0,2.5006,4.9789,-0.00061035
-0.0013733,0.010529,-0.0047509,-0.0022888,2.5006,4.9789,-0.00061035
-0.0038147,0.0035095,-0.005226,0.0030518,2.5003,4.9792,0.00030518
-0.0083923,-0.0021362,-0.0038007,0.011749,2.5021,4.9789,-0.00030518
-0.010223,-0.013123,-0.0038007,0.01236,2.5015,4.9786,0.00030518
-0.0036621,-0.031891,-0.0042758,0.0056458,2.5009,4.9792,0.00030518
0.0076294,-0.043335,-0.0038007,0.0013733,2.5015,4.9796,0.00091553
0.013885,-0.037079,-0.0042758,0.0021362,2.5021,4.9792,-0.00061035
-0.0045776,-0.021515,-0.0038007,0.015411,2.5009,4.9789,0
-0.021057,-0.015411,-0.0038007,0.029755,2.5015,4.9792,-0.00061035
-0.019073,-0.013733,-0.0042758,0.027466,2.5006,4.9796,0
-0.016785,-0.0012207,-0.0047509,0.021515,2.5009,4.9792,0
-0.028687,0.012054,-0.0033257,0.023041,2.5012,4.9792,-0.00030518
-0.036621,0.016785,-0.0038007,0.026703,2.5015,4.9805,0.00061035
-0.03006,0.01297,-0.0042758,0.02594,2.5009,4.9789,0.00030518
-0.014496,0.0062561,-0.0033257,0.020447,2.5024,4.9789,0.00030518
-0.0093079,0.0053406,-0.0042758,0.013275,2.5018,4.978,0.00030518
-0.0013733,0.015106,-0.0042758,0.011749,2.5018,4.9783,0.00030518
0.015564,0.022125,-0.0042758,0.011902,2.5006,4.9792,0
0.0018311,0.021362,-0.0038007,0.012817,2.5009,4.978,0.00030518
-0.011749,0.0088501,-0.0047509,0.010986,2.5018,4.9792,0.00030518
-0.0079346,-0.0024414,-0.0038007,0.011902,2.5009,4.9786,0.00061035
-0.0048828,0.0045776,-0.0038007,0.014496,2.5012,4.9789,0
-0.007782,0.013123,-0.0038007,0.012207,2.5009,4.9786,0.00091553
-0.010986,0.0041199,-0.0047509,0.0074768,2.5012,4.9792,-0.00061035
-0.012512,-0.004425,-0.0038007,0.0090027,2.5003,4.9802,0.00061035
-0.013428,0.00030518,-0.0047509,0.014648,2.5009,4.9792,0
-0.0062561,0.0074768,-0.0033257,0.018158,2.5015,4.9783,0.00030518
-0.0090027,0.0030518,-0.0038007,0.020142,2.5012,4.978,-0.00030518
-0.010071,-0.0082397,-0.0042758,0.018311,2.5015,4.978,0
-0.0065613,-0.0086975,-0.0047509,0.012665,2.5012,4.9783,0.00030518
-0.005188,-0.005188,-0.0038007,0.0080872,2.5015,4.9792,-0.00030518
-0.005188,-0.010071,-0.0047509,0.0071716,2.5012,4.9777,-0.00030518
-0.0041199,-0.019531,-0.0042758,0.0097656,2.5018,4.9789,-0.00061035
-0.0056458,-0.026703,-0.0038007,0.013885,2.5024,4.9789,0
-0.0076294,-0.033722,-0.0042758,0.013733,2.5015,4.978,-0.00030518
-0.0079346,-0.037689,-0.0042758,0.010071,2.5018,4.9759,0.00061035
0.0013733,-0.025024,-0.0042758,0.0033569,2.5012,4.9771,0
0.0030518,-0.0036621,-0.0047509,-0.004425,2.5009,4.9789,-0.00030518
0,0.0065613,-0.0042758,-0.007782,2.5006,4.9777,-0.00030518
-0.00061035,0.0012207,-0.0042758,-0.0038147,2.5021,4.9771,0
-0.0012207,0,-0.0047509,0.0019836,2.5024,4.9774,-0.00061035
0,0.0082397,-0.0038007,-0.0013733,2.5015,4.9786,0
0.0033569,0.0073242,-0.0042758,-0.0057983,2.5012,4.9777,0
0.0012207,-0.0012207,-0.0038007,-0.0065613,2.5009,4.9786,-0.00061035
-0.0032043,-0.010681,-0.0047509,-0.002594,2.5015,4.9789,0
-0.010376,-0.018463,-0.0047509,-0.00030518,2.5021,4.9786,0
-0.0053406,-0.014954,-0.0038007,-0.0027466,2.5015,4.9786,-0.00061035
-0.0071716,-0.0074768,-0.0047509,-0.0030518,2.5015,4.9786,-0.00091553
-0.0065613,-0.0053406,-0.0038007,0.0012207,2.5009,4.9789,0
-0.0028992,-0.010681,-0.0038007,0.0057983,2.5012,4.9783,0.00030518
0.0053406,-0.014191,-0.0033257,0.0068665,2.5009,4.9786,0.00061035
0.0099182,-0.0076294,-0.0028506,0.0068665,2.5009,4.9796,-0.00030518
0.0085449,0.0042725,-0.0038007,0.0059509,2.5003,4.9789,-0.00061035
0.0057983,0.012665,-0.0042758,0.0035095,2.5015,4.9786,-0.00091553
0.0016785,0.010834,-0.0038007,0.0042725,2.5006,4.9789,0.00030518
-0.0042725,0.0053406,-0.0042758,0.0065613,2.5024,4.9774,0.00030518
0.0050354,0.0097656,-0.0047509,0.0099182,2.5006,4.9786,-0.00030518
0.0056458,0.022888,-0.0042758,0.014038,2.5021,4.9789,-0.00030518
0.0059509,0.034637,-0.0038007,0.019379,2.5018,4.9792,0
0.014343,0.0383,-0.0028506,0.020599,2.5015,4.9792,-0.00030518
0.012512,0.029755,-0.0038007,0.012512,2.5009,4.9789,0.00030518
0.0064087,0.01236,-0.0042758,0.0054932,2.5018,4.9799,-0.00061035
0.007782,-0.0012207,-0.0047509,0.0041199,2.5009,4.9799,0.00030518
0.020752,-0.013428,-0.0047509,0.0038147,2.5009,4.9796,-0.00030518
0.014954,-0.029449,-0.0038007,0.0039673,2.5012,4.9805,-0.00030518
0.0012207,-0.044098,-0.0047509,0.0033569,2.5015,4.9789,0
0.005188,-0.048065,-0.0042758,0.0013733,2.5018,4.9789,0.00030518
0.0062561,-0.032196,-0.0042758,0.002594,2.5009,4.9799,0
0.0013733,-0.012054,-0.005226,0.0054932,2.5012,4.9796,0.00030518
-0.0068665,0.002594,-0.005226,0.0036621,2.5006,4.9789,-0.0015259
-0.013885,0.012207,-0.0042758,0.0032043,2.5021,4.9796,0.00061035
-0.020752,0.020905,-0.0038007,0.007782,2.5018,4.9789,-0.00061035
-0.017242,0.028076,-0.0042758,0.011597,2.5024,4.9805,0
-0.00091553,0.032959,-0.005226,0.0088501,2.5006,4.9805,0.00030518
0.011139,0.027466,-0.0047509,-0.00076294,2.5021,4.9792,0
0.010071,0.013733,-0.0042758,-0.013275,2.5009,4.9792,-0.00061035
0.014648,0.0019836,-0.0047509,-0.020294,2.5012,4.9786,-0.00030518
0.010071,0.0057983,-0.0038007,-0.012512,2.5018,4.9786,0
0.0053406,0.012817,-0.0047509,0.0038147,2.5015,4.9792,0
0.0064087,0.014648,-0.0047509,0.011902,2.5003,4.9789,-0.00061035
0.0068665,0.015564,-0.0047509,0.010223,2.5015,4.9792,0.00061035
0.0033569,0.018768,-0.0042758,0.010986,2.5003,4.9789,0
-0.0012207,0.025787,-0.0042758,0.010986,2.5012,4.9789,0.00061035
-0.0056458,0.032501,-0.0042758,0.0086975,2.5024,4.9789,0.00030518
-0.0067139,0.027771,-0.0042758,0.0053406,2.5009,4.9799,0
-0.0032043,0.004425,-0.0042758,-0.00061035,2.5006,4.9792,-0.00061035
0.0064087,-0.023651,-0.0042758,-0.0015259,2.5024,4.9786,-0.00030518
0.0041199,-0.036316,-0.0047509,0.00091553,2.5009,4.9786,0.00030518
0.0054932,-0.040894,-0.0047509,0.0027466,2.5015,4.9789,-0.00030518
0.027008,-0.050964,-0.0042758,0.0016785,2.5009,4.9786,-0.00030518
0.024719,-0.056305,-0.0047509,-0.0015259,2.5021,4.9783,0.00061035
0.0080872,-0.046539,-0.0047509,-0.0030518,2.5009,4.9789,0.00030518
0,-0.036774,-0.0047509,0.00091553,2.5012,4.9792,0.00030518
-0.00076294,-0.029449,-0.0047509,0.0088501,2.5006,4.9789,-0.00030518
-0.00061035,-0.020599,-0.0047509,0.01709,2.5012,4.9789,0.00030518
-0.0015259,-0.015106,-0.0042758,0.023346,2.5015,4.9783,0.00061035
0.0018311,-0.010529,-0.0042758,0.023193,2.5012,4.9783,0.00030518
-0.00030518,-0.0071716,-0.0042758,0.018768,2.5009,4.9792,0
-0.007782,-0.0033569,-0.0038007,0.015869,2.5009,4.9792,0
-0.011292,0,-0.005226,0.016479,2.5012,4.9789,0
-0.012054,0.0094604,-0.0042758,0.020447,2.5012,4.9796,0
-0.011597,0.019073,-0.0042758,0.022583,2.5009,4.9792,-0.00061035
-0.010223,0.017853,-0.0042758,0.021667,2.5012,4.9789,-0.00030518
-0.011139,0.0099182,-0.0047509,0.018616,2.5012,4.9796,0
-0.01709,0.0082397,-0.0047509,0.018616,2.5018,4.9786,0
-0.025787,0.016785,-0.0047509,0.019073,2.5021,4.9786,-0.0012207
-0.0091553,0.024872,-0.005226,0.02121,2.5015,4.9789,0
-0.0013733,0.028076,-0.0023755,0.019531,2.5015,4.9786,0
-0.0054932,0.031738,-0.0042758,0.010834,2.5009,4.978,-0.00030518
-0.005188,0.033112,-0.0042758,0.0050354,2.5024,4.9777,-0.00061035
-0.0053406,0.036163,-0.0042758,0.0056458,2.5015,4.9774,0
-0.0085449,0.036621,-0.0042758,0.0076294,2.5018,4.9774,-0.00061035
-0.010529,0.025482,-0.0042758,0.0036621,2.5009,4.9771,0
-0.010071,0.017242,-0.0038007,0.00091553,2.5015,4.978,0.00061035
-0.011139,0.0093079,-0.0042758,0.0012207,2.5015,4.978,-0.00030518
-0.014191,-0.0042725,-0.0047509,0.00091553,2.5024,4.9771,0.00030518
0.0022888,-0.020599,-0.0047509,-0.0013733,2.5012,4.9768,-0.00030518
0.010986,-0.023804,-0.0038007,-0.00030518,2.5009,4.978,-0.00061035
-0.0010681,-0.018005,-0.0042758,0.0018311,2.5018,4.9771,0.00061035
-0.010376,-0.015564,-0.0047509,0.00045776,2.5003,4.978,0
-0.014343,-0.013733,-0.0042758,-0.00091553,2.5015,4.9777,0.00030518
-0.011902,-0.0065613,-0.0042758,0.0042725,2.5024,4.9777,0.00030518
-0.0088501,-0.0032043,-0.0042758,0.0083923,2.5018,4.9789,0.00061035
-0.0015259,0.0010681,-0.0047509,0.0061035,2.5003,4.9786,0.00030518
0.004425,0.0088501,-0.0047509,0.0036621,2.5006,4.9792,-0.00030518
-0.0018311,0.010376,-0.005226,0.0061035,2.5003,4.9789,0.00030518
-0.0045776,0.0067139,-0.0042758,0.0091553,2.5015,4.9789,0.00030518
-0.012512,0.0035095,-0.0038007,0.0080872,2.5021,4.9786,0.00061035
-0.011902,0.0033569,-0.0042758,0.0080872,2.5012,4.9792,0
0.0015259,0.0048828,-0.0047509,0.0054932,2.5015,4.978,0
0.011749,0.0090027,-0.0047509,0.0061035,2.5003,4.9777,0.00061035
0.020905,0.01358,-0.0042758,0.01236,2.5018,4.9789,0
0.014191,0.021057,-0.0042758,0.021362,2.5021,4.9783,0.00061035
0.00061035,0.03067,-0.0047509,0.02182,2.5009,4.9789,-0.00030518
-0.0065613,0.036316,-0.0042758,0.020294,2.5012,4.9783,0.00061035
-0.012665,0.035553,-0.0047509,0.020142,2.5009,4.9777,0
-0.0090027,0.032959,-0.0042758,0.024414,2.5012,4.978,0
-0.0061035,0.024567,-0.005226,0.027161,2.5018,4.978,0
-0.0067139,0.0080872,-0.0042758,0.026093,2.5012,4.9789,-0.00030518
-0.0068665,-0.010376,-0.0042758,0.022278,2.5009,4.9792,-0.00030518
-0.0048828,-0.024719,-0.0042758,0.016022,2.5006,4.9796,0.00030518
-0.0024414,-0.029907,-0.0042758,0.010376,2.5012,4.9789,0.00030518
-0.0083923,-0.031586,-0.0047509,0.011444,2.5015,4.9802,0.00061035
-0.016785,-0.032806,-0.0061761,0.01358,2.5012,4.9789,0.00030518
-0.015411,-0.036774,-0.0038007,0.007782,2.5012,4.9792,0
-0.0061035,-0.040741,-0.0047509,0,2.5012,4.9783,0
0.010071,-0.0354,-0.0042758,0.00015259,2.5015,4.9792,0
0.0083923,-0.026093,-0.0047509,0.0056458,2.5006,4.9796,0
-0.00045776,-0.021515,-0.0047509,0.0054932,2.5021,4.9799,0
-0.0030518,-0.028076,-0.0038007,-0.0010681,2.5012,4.9786,-0.0015259
-0.00061035,-0.030823,-0.0042758,-0.0076294,2.5015,4.9792,0.00030518
0.0022888,-0.018616,-0.0042758,-0.004425,2.5015,4.978,0.00030518
-0.0019836,0.0094604,-0.0042758,0.0013733,2.5006,4.9799,-0.00061035
-0.0041199,0.036926,-0.0042758,0.0032043,2.5012,4.9802,-0.00030518
-0.0061035,0.051727,-0.0047509,0.0028992,2.5015,4.9783,0.00030518
-0.0079346,0.057068,-0.0047509,0.005188,2.5006,4.9783,0.00030518
0.0035095,0.052338,-0.0033257,0.010071,2.5018,4.9786,0
0.0010681,0.031128,-0.0042758,0.0090027,2.5018,4.9792,0
0.00045776,-0.0021362,-0.0038007,0.0042725,2.5018,4.9789,0.00030518
0.0086975,-0.018616,-0.0047509,0.0027466,2.5018,4.9786,0.00030518
0.01297,-0.01709,-0.0042758,0.0039673,2.5018,4.9796,0
0.0047302,-0.018158,-0.0047509,0.0053406,2.5009,4.9783,-0.00030518
-0.0022888,-0.021057,-0.0047509,0.0050354,2.5015,4.9786,0
-0.0027466,-0.020142,-0.0042758,0.0059509,2.5003,4.9786,0
-0.0013733,-0.018005,-0.0047509,0.0057983,2.5015,4.9786,0
-0.0018311,-0.0061035,-0.0042758,0.0018311,2.5018,4.9802,0.00030518
0.0090027,0.011139,-0.0042758,0.0024414,2.5012,4.9789,0.00030518
0.0067139,0.025787,-0.0047509,0.0079346,2.5018,4.9789,-0.00061035
-0.00030518,0.025787,-0.0047509,0.014648,2.5009,4.9792,0
-0.0061035,0.020294,-0.0038007,0.02182,2.5015,4.9792,0.00030518
-0.0093079,0.010529,-0.005226,0.027313,2.5015,4.9792,0.00030518
-0.0056458,-0.00076294,-0.0047509,0.030365,2.5012,4.9789,0.00030518
0.00015259,-0.01358,-0.0042758,0.024109,2.5012,4.9792,0
0.0038147,-0.024261,-0.0042758,0.017242,2.5024,4.978,0
0.011139,-0.027618,-0.0033257,0.013733,2.5012,4.9786,0
0.0061035,-0.021057,-0.0042758,0.016022,2.5012,4.9777,-0.00030518
0.009613,0.0018311,-0.0042758,0.019379,2.5021,4.9786,0.00030518
0.010986,0.026855,-0.0047509,0.019684,2.5027,4.9789,0
0.007782,0.03418,-0.0042758,0.020599,2.5009,4.9796,-0.00030518
0.0086975,0.027466,-0.0042758,0.019684,2.5018,4.9796,0.00061035
0.0083923,0.019989,-0.0042758,0.019531,2.5003,4.9792,0.00030518
0.0059509,0.005188,-0.0047509,0.021973,2.5012,4.9796,0
0.015259,-0.019226,-0.005226,0.026093,2.5015,4.9789,0.00030518
0.011902,-0.034485,-0.0038007,0.023346,2.5012,4.978,0
-0.00045776,-0.029755,-0.0042758,0.016022,2.5009,4.9796,0.00030518
0.00030518,-0.016327,-0.0042758,0.011597,2.5024,4.9792,0
0.011597,0,-0.005226,0.007019,2.5009,4.9792,-0.00030518
0.0085449,0.020294,-0.0042758,0.007019,2.5015,4.9786,-0.00030518
0.00015259,0.036316,-0.0042758,0.0082397,2.5018,4.9777,-0.00030518
-0.00076294,0.030365,-0.005226,0.0093079,2.5012,4.9783,0.00030518
-0.0018311,0.013123,-0.005226,0.01297,2.5003,4.9789,0
-0.0033569,0.010834,-0.005226,0.014191,2.5012,4.9783,-0.00030518
0.00015259,0.0033569,-0.0028506,0.0074768,2.5003,4.9789,0.00030518
0.0059509,-0.019989,-0.0047509,0.0030518,2.5006,4.978,0
0.010834,-0.032501,-0.0038007,-0.00030518,2.5009,4.9786,0.00061035
0.017242,-0.024261,-0.0047509,-0.0045776,2.5009,4.9762,0
0.033569,-0.0071716,-0.0047509,-0.007782,2.5015,4.9777,0.00061035
0.0099182,0.0073242,-0.0047509,-0.0047302,2.5015,4.9774,0
-0.015564,0.014191,-0.0047509,0.0047302,2.5009,4.9777,0.00030518
-0.012054,0.020294,-0.0042758,0.010681,2.5015,4.9774,-0.00030518
-0.0015259,0.024414,-0.0047509,0.010834,2.5009,4.9774,0.00030518
-0.0032043,0.016632,-0.0042758,0.011597,2.5006,4.9789,0.00030518
-0.007019,0.0038147,-0.0038007,0.012054,2.5009,4.9796,0.00061035
0.0015259,-0.0024414,-0.0047509,0.0086975,2.5018,4.9789,-0.00061035
0.0015259,-0.0090027,-0.0047509,0.0053406,2.5015,4.9792,-0.00030518
-0.0053406,-0.016022,-0.005226,0.0021362,2.4997,4.9792,-0.00030518
-0.00061035,-0.016937,-0.0038007,-0.0013733,2.5018,4.9786,0
0.0054932,-0.0065613,-0.0047509,-0.0024414,2.5012,4.9786,0
0.01297,0.0065613,-0.0047509,-0.0022888,2.5012,4.9789,0
0.0088501,0.0177,-0.005226,0.0016785,2.5009,4.9796,0
-0.0047302,0.017548,-0.0047509,0.0079346,2.5015,4.9783,0
-0.0097656,0.011139,-0.0038007,0.0085449,2.5006,4.9792,0.00030518
-0.0036621,0.010071,-0.0047509,0.0035095,2.5006,4.9796,0.00030518
0.0057983,0.0059509,-0.0047509,0.00076294,2.5021,4.9783,-0.00030518
0.0083923,-0.0079346,-0.0042758,-0.00015259,2.5021,4.9792,0.00061035
0.0062561,-0.01709,-0.0047509,-0.0022888,2.5018,4.9777,0
0.017242,-0.014496,-0.0047509,-0.0097656,2.5012,4.9783,0
0.0099182,-0.0099182,-0.0042758,-0.0080872,2.5015,4.9792,0
0.0027466,-0.0080872,-0.0047509,-0.0010681,2.5012,4.978,-0.00061035
0.0012207,-0.0053406,-0.0042758,0.0027466,2.5006,4.9789,0.00061035
0.0041199,-0.0036621,-0.0042758,0.0036621,2.5003,4.9789,0
0.0067139,-0.00045776,-0.0047509,0.0035095,2.5012,4.9786,0
0.0079346,0.0080872,-0.0047509,0.0053406,2.5015,4.9796,0
0.0099182,0.019226,-0.0042758,0.0062561,2.5018,4.9792,0.00030518
0.010834,0.020905,-0.0042758,0.0054932,2.5009,4.9792,0
-0.00030518,0.02243,-0.0042758,0.0064087,2.5009,4.9799,0
-0.0079346,0.028839,-0.0042758,0.0076294,2.5012,4.9792,-0.00061035
-0.005188,0.032806,-0.0038007,0.0036621,2.5012,4.9786,-0.00061035
0.002594,0.025787,-0.0042758,-0.0010681,2.5015,4.9805,0
0.005188,0.016479,-0.0038007,-0.0027466,2.5015,4.9796,0.00030518
0.012207,0.010071,-0.0042758,-0.0027466,2.5018,4.9789,0.00061035
0.015411,0.004425,-0.0047509,0.0018311,2.5009,4.9799,0.00061035
0.012512,0.0050354,-0.0042758,0.0076294,2.5021,4.9796,0
0.011139,0.0074768,-0.0042758,0.0067139,2.5015,4.9796,0
0.0050354,0.004425,-0.0038007,0.0015259,2.5021,4.9799,0
-0.0050354,-0.0067139,-0.005226,-0.00076294,2.5012,4.9783,0.00091553
-0.0022888,-0.024414,-0.0047509,0.0022888,2.5018,4.9786,0
0.0010681,-0.037994,-0.0047509,0.0027466,2.5006,4.978,0.00061035
0.0012207,-0.043488,-0.0038007,-0.00076294,2.5009,4.9783,-0.00030518
0.0045776,-0.042419,-0.0042758,-0.0048828,2.5009,4.9786,0
0.0068665,-0.037842,-0.0042758,-0.0086975,2.5015,4.9789,-0.00030518
0.0036621,-0.037079,-0.0047509,-0.010529,2.5009,4.9789,0.00061035
-0.0021362,-0.038452,-0.0038007,-0.0057983,2.5021,4.9799,0.00030518
-0.0028992,-0.032959,-0.0047509,-0.0019836,2.5012,4.9792,0.00030518
0.00045776,-0.020905,-0.0038007,0.00045776,2.5012,4.9786,-0.00061035
-0.004425,-0.0067139,-0.0042758,0.00045776,2.5003,4.9799,0.00030518
-0.0018311,-0.0021362,-0.005226,0.00061035,2.5021,4.9796,-0.00030518
0.00076294,-0.0039673,-0.0042758,-0.0016785,2.5009,4.9789,0
-0.0019836,-0.0024414,-0.005226,-0.0021362,2.5006,4.9792,-0.00061035
-0.00030518,-0.005188,-0.0042758,0.0018311,2.5012,4.9789,0
0.0048828,-0.012665,-0.0042758,0.0085449,2.5009,4.9783,0.00030518
0.0099182,-0.019379,-0.0042758,0.011139,2.5009,4.9783,0.00030518
-0.0033569,-0.018158,-0.0042758,0.0039673,2.5018,4.9789,0.00030518
-0.0094604,-0.0068665,-0.0047509,-0.005188,2.5024,4.9783,0
-0.0053406,0.0090027,-0.0042758,-0.007782,2.5018,4.9792,0.00030518
-0.0013733,0.022278,-0.0042758,-0.007782,2.5018,4.9777,-0.00030518
0.0028992,0.026398,-0.0047509,-0.010986,2.5012,4.9786,0.00061035
-0.0010681,0.025177,-0.0047509,-0.004425,2.5009,4.9786,-0.00061035
-0.0028992,0.022888,-0.0047509,0.0064087,2.5012,4.9792,-0.00030518
-0.0054932,0.020752,-0.0047509,0.011902,2.5021,4.9789,-0.00061035
-0.0042725,0.016785,-0.005226,0.0091553,2.5012,4.9796,0.00061035
-0.00030518,0.015869,-0.0047509,0.002594,2.5024,4.9786,-0.00091553
-0.0033569,0.021667,-0.0047509,0.00061035,2.5009,4.9792,-0.00030518
-0.0074768,0.025024,-0.0047509,0.0013733,2.5012,4.9796,-0.00030518
-0.0097656,0.019836,-0.0033257,-0.0047302,2.5009,4.9792,0.00030518
-0.010681,0.014191,-0.0047509,-0.016022,2.5018,4.9786,-0.00030518
-0.00061035,0.013428,-0.005226,-0.017395,2.5009,4.9792,-0.00061035
0.004425,0.0068665,-0.005701,-0.0080872,2.5024,4.9792,-0.00061035
0.0054932,-0.0038147,-0.0033257,-0.0035095,2.5012,4.9777,0
-0.0012207,-0.0067139,-0.005226,-0.0067139,2.5009,4.9777,-0.00061035
-0.0028992,-0.0018311,-0.0038007,-0.0099182,2.5009,4.978,0.00030518
0.0028992,0.0033569,-0.0038007,-0.0076294,2.5012,4.9777,-0.00061035
0.0091553,0.0061035,-0.0042758,-0.007782,2.5012,4.9771,0.00061035
0.01358,0.0053406,-0.0042758,-0.0097656,2.5024,4.9786,0.00030518
0.0071716,0.0083923,-0.0042758,-0.014038,2.5012,4.9789,-0.00030518
-0.004425,0.016022,-0.005226,-0.016479,2.5009,4.9771,0.00030518
0.0041199,0.020447,-0.0047509,-0.019226,2.4997,4.9777,0.00061035
0.010376,0.015869,-0.0038007,-0.026703,2.5009,4.9783,0.00030518
0.010834,0.0033569,-0.005226,-0.030365,2.5009,4.978,0.00030518
0.0099182,-0.005188,-0.0047509,-0.023193,2.5015,4.9771,0
0.0050354,-0.010529,-0.0042758,-0.015869,2.5015,4.9777,0.00030518
0.0071716,-0.014648,-0.0033257,-0.022888,2.5006,4.9789,0.00061035
0.015259,-0.013275,-0.0042758,-0.039063,2.5015,4.9783,0
0.022583,-0.0083923,-0.0047509,-0.046692,2.5012,4.9789,0
0.024414,-0.005188,-0.0033257,-0.047913,2.5012,4.9786,0.00061035
0.018005,-0.0022888,-0.0038007,-0.047455,2.5009,4.9796,-0.00061035
0.019226,-0.00091553,-0.0047509,-0.047302,2.5012,4.9805,0
0.016174,0.0033569,-0.0047509,-0.039978,2.5009,4.9783,0.00061035
0.013275,0.0073242,-0.005226,-0.032196,2.5015,4.9792,0.00030518
0.016785,0.0073242,-0.0047509,-0.025024,2.5003,4.9789,0.00030518
0.0088501,0.0042725,-0.0047509,-0.021973,2.5018,4.9786,0
-0.0056458,0.0076294,-0.005226,-0.023804,2.5006,4.9796,0.00030518
-0.012207,0.021057,-0.0047509,-0.025635,2.5009,4.9796,-0.00030518
-0.010071,0.024872,-0.0042758,-0.02182,2.5009,4.9789,0
-0.015411,0.016632,-0.0042758,-0.01709,2.5012,4.9786,0.00061035
-0.024872,0.0067139,-0.0047509,-0.016022,2.5009,4.9777,0
-0.016174,0.0010681,-0.005226,-0.023193,2.5012,4.9783,-0.00061035
-0.01297,0,-0.005226,-0.02594,2.5018,4.9792,0.00091553
-0.012512,-0.0016785,-0.0047509,-0.027008,2.5015,4.9789,0
-0.0059509,-0.0015259,-0.0042758,-0.031738,2.5021,4.9792,0
0.00061035,0.00030518,-0.0042758,-0.032959,2.5009,4.9789,0.00030518
-0.0024414,0.00061035,-0.005226,-0.035248,2.5012,4.9789,0.00030518
-0.0057983,-0.0042725,-0.0038007,-0.038605,2.5012,4.9799,0
-0.0047302,-0.0061035,-0.005226,-0.036163,2.5015,4.9799,0.00030518
-0.0035095,-0.004425,-0.0042758,-0.03006,2.5009,4.9799,0.00030518
-0.0016785,-0.0021362,-0.0047509,-0.026703,2.5021,4.9792,0.00030518
0.014648,0.0015259,-0.0038007,-0.026703,2.5003,4.9792,0.00030518
0.017395,0.0038147,-0.0042758,-0.024719,2.5012,4.9792,-0.00061035
0.012817,0.0010681,-0.005226,-0.017395,2.5,4.9796,0
0.011292,0,-0.0028506,-0.011292,2.5021,4.9796,0.00030518
0.007019,-0.00045776,-0.0042758,-0.011139,2.5012,4.9796,-0.00030518
0.0059509,-0.0032043,-0.0042758,-0.015564,2.5034,4.9802,0.00030518
0.0086975,-0.005188,-0.0042758,-0.019989,2.5024,4.978,-0.00030518
0.018921,-0.0027466,-0.0047509,-0.025787,2.5009,4.9796,-0.00061035
0.017242,-0.0053406,-0.0038007,-0.030518,2.5012,4.9796,-0.00030518
0.0035095,-0.012817,-0.0028506,-0.029755,2.5012,4.9783,0.00030518
0.0059509,-0.016785,-0.0042758,-0.02594,2.5009,4.9789,0.00030518
0.0062561,-0.016632,-0.0042758,-0.019989,2.5009,4.9783,0
0.0019836,-0.018158,-0.0047509,-0.016327,2.5018,4.9792,0.00091553
-0.00061035,-0.020905,-0.005226,-0.013275,2.5003,4.9786,0.00030518
0.00091553,-0.018311,-0.0042758,-0.009613,2.5015,4.9792,0.00030518
-0.00030518,-0.013275,-0.005226,-0.0080872,2.5012,4.9789,0
0.0012207,-0.007019,-0.005226,-0.0076294,2.5012,4.9799,0
0.00015259,-0.0038147,-0.0042758,-0.0054932,2.5031,4.9786,0.00061035
-0.0035095,-0.0057983,-0.005226,-0.0032043,2.5012,4.9786,0.00030518
-0.0039673,-0.012665,-0.0042758,-0.0071716,2.5021,4.9777,0
0.011444,-0.0099182,-0.005226,-0.01358,2.5018,4.9792,0.00030518
0.011292,-0.0018311,-0.005226,-0.01358,2.5012,4.9786,0
0.0041199,0.0082397,-0.0047509,-0.0064087,2.5021,4.9796,0.00030518
0.0057983,0.011444,-0.0047509,-0.0035095,2.5018,4.9786,0.00030518
0.019073,0.010529,-0.0042758,-0.0065613,2.5015,4.9789,0.00061035
0.015717,0.0067139,-0.0033257,-0.010376,2.5015,4.9786,0.00030518
-0.0085449,-0.00045776,-0.0042758,-0.0085449,2.5012,4.978,0
-0.015869,-0.004425,-0.0047509,-0.0053406,2.5018,4.9792,-0.00030518
-0.0064087,-0.0013733,-0.0047509,-0.0039673,2.5015,4.9792,0.00030518
-0.0032043,0.0035095,-0.005226,-0.0013733,2.5012,4.978,0
0.007782,0.0050354,-0.0042758,0.002594,2.5018,4.9792,0.00030518
0.0071716,0.0068665,-0.0047509,0.0057983,2.5018,4.9796,-0.00030518
0.0067139,0.0086975,-0.0047509,0.0061035,2.5015,4.9792,-0.00030518
0.009613,0.010834,-0.0047509,0.0039673,2.5009,4.9792,0.00030518
0.0082397,0.0086975,-0.0028506,-0.00030518,2.5015,4.9789,0.00030518
0.0067139,0.0093079,-0.0047509,0.00030518,2.5021,4.9786,-0.00091553
0.0048828,0.014801,-0.0047509,0.0071716,2.5012,4.9789,0
0.0030518,0.020599,-0.0047509,0.015717,2.5018,4.9792,0
-0.0024414,0.019531,-0.005226,0.02182,2.5006,4.9792,-0.0015259
-0.0090027,0.01358,-0.0047509,0.023346,2.5009,4.9783,0
0.00045776,0.0059509,-0.0047509,0.021057,2.5003,4.9792,0
-0.0036621,0.0038147,-0.0042758,0.014954,2.5012,4.9783,-0.00030518
-0.0064087,0.005188,-0.0047509,0.01236,2.5018,4.978,0.00030518
0.0050354,0.0050354,-0.0042758,0.010681,2.5012,4.978,-0.00061035
0.0080872,0.0030518,-0.0047509,0.012665,2.5006,4.9783,-0.00030518
0.00091553,0.0019836,-0.0038007,0.014191,2.5009,4.978,0.00061035
-0.0061035,0.0018311,-0.0047509,0.015411,2.5021,4.978,0
-0.013428,0.0042725,-0.0047509,0.014648,2.5024,4.9786,0.00030518
-0.018463,0.0048828,-0.0042758,0.014038,2.5015,4.9777,-0.00030518
-0.029297,-0.00045776,-0.005226,0.019531,2.5018,4.9774,0.00030518
-0.016327,-0.0097656,-0.0047509,0.026245,2.5021,4.9777,0
-0.010071,-0.011749,-0.0042758,0.029907,2.5015,4.9774,0.00061035
-0.015411,-0.0083923,-0.0047509,0.028992,2.5009,4.978,0.00061035
-0.016632,-0.0061035,-0.005226,0.026398,2.5009,4.9783,0.00030518
-0.011139,-0.0094604,-0.0033257,0.024109,2.5015,4.9777,0.00030518
-0.0076294,-0.014648,-0.0042758,0.027313,2.5021,4.978,0
-0.010529,-0.016022,-0.0042758,0.031738,2.5018,4.9777,0.00030518
-0.012817,-0.010681,-0.0047509,0.030212,2.5003,4.9786,0.00030518
-0.0048828,-0.0012207,-0.0033257,0.022583,2.5012,4.9796,0
-0.0093079,0.0056458,-0.0047509,0.017395,2.5009,4.9789,-0.00030518
-0.010071,0.007019,-0.0042758,0.019226,2.5021,4.9789,0
-0.015564,-0.0012207,-0.0047509,0.024109,2.5009,4.9786,0.00061035
-0.016327,-0.010376,-0.0042758,0.026398,2.5018,4.9789,0.00061035
-0.012665,-0.013123,-0.0047509,0.022583,2.5015,4.9786,0.00030518
-0.012512,-0.0093079,-0.0042758,0.017242,2.5015,4.9786,0.00030518
-0.0086975,-0.0091553,-0.0042758,0.01709,2.5015,4.9789,-0.00030518
-0.0039673,-0.015411,-0.005226,0.019989,2.5015,4.9796,0.00030518
-0.0024414,-0.016479,-0.0038007,0.021515,2.5009,4.9786,0
-0.0039673,-0.007782,-0.0042758,0.022888,2.5012,4.9792,0
-0.010071,0.0015259,-0.0042758,0.022278,2.5012,4.978,0.00061035
-0.0035095,0.0073242,-0.0047509,0.022125,2.5006,4.978,-0.00091553
-0.0061035,0.013123,-0.0042758,0.023804,2.5012,4.9796,-0.00030518
-0.01236,0.013275,-0.0047509,0.023346,2.5012,4.9789,0.00061035
-0.017242,0.0093079,-0.0042758,0.014496,2.5015,4.9783,-0.00030518
-0.017395,0.0085449,-0.005226,0.011139,2.5027,4.9789,0
-0.015869,0.0036621,-0.0047509,0.015259,2.5012,4.9796,-0.00030518
-0.0088501,-0.0022888,-0.0047509,0.019073,2.5012,4.9789,0
-0.007782,-0.00091553,-0.0047509,0.019531,2.5006,4.9792,0
-0.0093079,0.0038147,-0.0047509,0.018768,2.5009,4.9789,0.00030518
-0.0054932,0.010071,-0.0047509,0.01709,2.5018,4.9789,-0.00061035
0.00061035,0.011902,-0.0047509,0.014801,2.5024,4.9792,0.00061035
-0.0028992,0.010376,-0.0042758,0.014191,2.5024,4.9789,0.00030518
-0.0094604,0.0039673,-0.0047509,0.018463,2.5015,4.9792,-0.00030518
-0.012817,-0.0038147,-0.0061761,0.020142,2.5015,4.9789,0
-0.010223,-0.0056458,-0.0042758,0.018311,2.5009,4.9792,0.00061035
-0.0071716,-0.0028992,-0.0042758,0.018616,2.5018,4.9783,0.00061035
-0.0073242,-0.0010681,-0.0047509,0.018158,2.5015,4.9786,0
-0.0033569,-0.00076294,-0.0047509,0.016479,2.5024,4.9792,0
-0.0080872,0.0050354,-0.0047509,0.018463,2.5021,4.9802,0.00030518
-0.018463,0.0054932,-0.0042758,0.022125,2.5018,4.978,-0.00091553
-0.013885,-0.0045776,-0.005226,0.023804,2.5018,4.9786,-0.00030518
-0.012207,-0.013428,-0.0047509,0.026093,2.5012,4.978,0.00061035
-0.013275,-0.011749,-0.0042758,0.030823,2.5015,4.9792,0.00030518
-0.018463,-0.0086975,-0.0047509,0.036774,2.5018,4.9792,0
-0.018921,-0.0041199,-0.005226,0.036926,2.5018,4.9792,-0.00030518
-0.013885,0.0024414,-0.0047509,0.03479,2.5003,4.9796,-0.00030518
-0.0091553,0.0071716,-0.0042758,0.033264,2.5015,4.9789,0
-0.0016785,0.013123,-0.0038007,0.03006,2.5015,4.9783,-0.00030518
-0.0047302,0.018463,-0.0047509,0.027771,2.5015,4.9789,0
-0.019073,0.019531,-0.0047509,0.027161,2.5009,4.9799,0.00030518
-0.01709,0.016785,-0.0047509,0.023499,2.5015,4.9789,-0.00030518
-0.011444,0.013428,-0.0042758,0.022736,2.5021,4.9789,-0.00030518
-0.0012207,0.014496,-0.0042758,0.026855,2.5009,4.9792,-0.00061035
-0.00091553,0.014496,-0.0033257,0.027771,2.5009,4.9792,0.00030518
-0.0027466,0.0073242,-0.0047509,0.026093,2.5015,4.9789,-0.00091553
0.00015259,-0.0059509,-0.0047509,0.025787,2.5018,4.9777,0
0.0061035,-0.0093079,-0.0042758,0.024872,2.5012,4.978,0.00030518
0.0036621,0.0018311,-0.0042758,0.024261,2.5021,4.9786,0.00030518
-0.0013733,0.012207,-0.0042758,0.02594,2.5003,4.9783,0.00030518
-0.0056458,0.015564,-0.0033257,0.026855,2.5006,4.978,0.00030518
-0.00076294,0.015106,-0.005226,0.029297,2.5006,4.9789,0
0.0010681,0.010529,-0.0047509,0.026855,2.5012,4.9789,-0.00030518
-0.0030518,0.0074768,-0.005226,0.022736,2.5018,4.9789,0
-0.007019,0.0041199,-0.005226,0.027161,2.5012,4.9783,-0.00091553
-0.011749,-0.004425,-0.0042758,0.030365,2.5009,4.9789,-0.00030518
-0.010681,-0.011749,-0.005226,0.027008,2.5015,4.9789,0.00030518
-0.0094604,-0.010834,-0.0042758,0.027466,2.5009,4.9783,0
-0.013733,-0.0033569,-0.005226,0.029297,2.5012,4.9783,0.00061035
-0.015717,0.0016785,-0.005226,0.027924,2.5021,4.9792,0.00030518
-0.016785,0.0015259,-0.0038007,0.021667,2.5015,4.9792,0.00030518
-0.0067139,0.002594,-0.0038007,0.018005,2.5015,4.9789,0.00030518
-0.0061035,0.0076294,-0.0042758,0.017548,2.5021,4.9783,-0.00030518
-0.014801,0.005188,-0.005226,0.020599,2.5009,4.978,-0.00030518
-0.010986,-0.0013733,-0.005226,0.022125,2.5012,4.978,0
-0.0010681,-0.0036621,-0.0038007,0.020294,2.5018,4.9783,0.00030518
0.0039673,-0.0035095,-0.005226,0.019531,2.5015,4.978,0.00061035
0.0076294,-0.00030518,-0.0042758,0.018768,2.5003,4.9783,0.00030518
0.0094604,0,-0.005226,0.017853,2.5003,4.9783,0.00061035
0.0010681,-0.004425,-0.0042758,0.020905,2.5018,4.9786,0
-0.010834,-0.0099182,-0.005226,0.023804,2.5009,4.9762,0.00030518
-0.0062561,-0.009613,-0.0042758,0.022888,2.5012,4.9771,0.00061035
-0.0030518,-0.007019,-0.0038007,0.022278,2.5024,4.9777,0.00061035
-0.0021362,-0.0073242,-0.0061761,0.024109,2.5018,4.9771,-0.00061035
-0.0019836,-0.0065613,-0.0047509,0.023956,2.5003,4.9774,-0.00061035
-0.0033569,-0.0068665,-0.005701,0.027771,2.5015,4.9777,0.00030518
-0.011139,-0.007782,-0.0047509,0.033875,2.5015,4.978,0.00061035
-0.015106,-0.005188,-0.005226,0.036621,2.5012,4.9799,0.00030518
-0.013275,0.00015259,-0.005226,0.033417,2.5006,4.9786,0.00061035
-0.011292,0.0061035,-0.0047509,0.031586,2.5009,4.9796,0.00030518
-0.0065613,0.0042725,-0.0047509,0.031433,2.5003,4.9796,0.00030518
0.019379,0.0039673,-0.0047509,0.030212,2.5015,4.9786,0
0.0082397,0.0013733,-0.0038007,0.030518,2.5006,4.9789,-0.00061035
-0.012054,-0.0057983,-0.0047509,0.027466,2.5021,4.9789,0.00030518
-0.015869,-0.016174,-0.005226,0.025024,2.5018,4.9786,0.00061035
-0.011139,-0.025177,-0.005701,0.025024,2.5018,4.9789,0
-0.010834,-0.027771,-0.0038007,0.026398,2.5006,4.9792,-0.00030518
-0.011139,-0.02243,-0.005226,0.023804,2.5003,4.9777,0.00061035
-0.0080872,-0.020447,-0.0042758,0.021362,2.5012,4.978,0
-0.0074768,-0.018768,-0.0047509,0.018005,2.5009,4.9783,0
-0.014496,-0.011444,-0.0033257,0.016327,2.5009,4.9777,0
-0.0054932,-0.0042725,-0.0047509,0.019226,2.5015,4.9786,0.00061035
0.0064087,0.0041199,-0.0038007,0.018158,2.5006,4.9789,-0.00030518
0.011749,0.014954,-0.0047509,0.010223,2.5012,4.9792,0
0.0057983,0.019836,-0.0042758,0.0050354,2.5003,4.9796,0.00030518
-0.0062561,0.014648,-0.005226,0.0071716,2.5015,4.9792,0.00061035
-0.010529,0.0038147,-0.0038007,0.0073242,2.5021,4.9796,0.00061035
-0.0083923,-0.0056458,-0.0047509,0.002594,2.5012,4.9786,0
-0.005188,-0.016327,-0.0038007,0.00015259,2.5021,4.9789,-0.00030518
-0.0028992,-0.020142,-0.0047509,-0.00061035,2.5006,4.9796,0.00030518
-0.0091553,-0.012665,-0.0042758,0.0018311,2.5009,4.9792,0.00030518
-0.0083923,-0.0097656,-0.0042758,0.0038147,2.5012,4.9789,0
-0.014038,-0.014038,-0.005226,0.0056458,2.5012,4.9792,0.00030518
-0.0177,-0.018463,-0.0047509,0.0074768,2.5015,4.9789,-0.00061035
-0.016327,-0.018768,-0.0047509,0.0059509,2.5024,4.9789,-0.00030518
-0.011597,-0.0074768,-0.0047509,0.0059509,2.5009,4.9789,0
-0.0083923,0.0064087,-0.0042758,0.0047302,2.5015,4.9799,0.00030518
-0.007019,0.0074768,-0.0038007,0.0018311,2.5009,4.9805,-0.00030518
-0.0080872,0.0024414,-0.005701,-0.0027466,2.5021,4.9792,0.00030518
-0.014648,0.0039673,-0.005226,-0.0050354,2.5015,4.9789,0
-0.016174,0.012665,-0.0047509,-0.0065613,2.5015,4.9783,0.00030518
-0.00076294,0.017548,-0.0047509,-0.010223,2.5018,4.9783,0
0.0054932,0.01236,-0.0047509,-0.010223,2.5009,4.9786,0.00030518
0.0033569,0.0065613,-0.005701,-0.0067139,2.5012,4.9786,0
0.0045776,0.011292,-0.0038007,-0.0039673,2.5024,4.9789,0.00030518
-0.0010681,0.020447,-0.0047509,-0.0041199,2.5003,4.9789,0
-0.0091553,0.016937,-0.0047509,0.00030518,2.5009,4.9796,0.00030518
-0.0048828,0.0038147,-0.0042758,0.0041199,2.5015,4.9805,0
0.0048828,-0.0010681,-0.0042758,0.0012207,2.5018,4.9786,-0.00030518
0.0073242,0.0012207,-0.0042758,-0.0065613,2.5006,4.9789,-0.00091553
0.00061035,0.0036621,-0.0033257,-0.0048828,2.5009,4.9783,-0.00061035
0.0091553,0.0065613,-0.0047509,-0.0016785,2.5009,4.9796,0.00061035
0.011749,0.0047302,-0.0042758,-0.00076294,2.5003,4.9786,0
0.010681,0.0016785,-0.005226,0.00015259,2.5009,4.9789,-0.00061035
0.0079346,0.00015259,-0.0047509,0.0035095,2.5012,4.9789,-0.00061035
0.0057983,0.00076294,-0.0042758,0.007782,2.5015,4.9792,-0.00091553
0.0035095,0.0041199,-0.0042758,0.010681,2.5009,4.9789,0
0.002594,0.0090027,-0.0047509,0.012207,2.5018,4.9786,0.00030518
0.0010681,0.010834,-0.0042758,0.013428,2.5018,4.9789,-0.00030518
-0.0013733,0.0065613,-0.005226,0.013123,2.5012,4.9789,0.00030518
0.0018311,0.0013733,-0.0042758,0.0079346,2.5018,4.9768,-0.00030518
0.01358,0.002594,-0.0047509,0.00061035,2.5006,4.978,0
0.016022,0.0076294,-0.0033257,-0.0015259,2.5015,4.9786,0.00030518
0.011444,0.010834,-0.0047509,0.0012207,2.5009,4.9792,-0.00091553
0.01709,0.012665,-0.0047509,0.0067139,2.5018,4.9792,-0.00091553
0.027618,0.014038,-0.0042758,0.012207,2.5018,4.9792,0.00030518
-0.0010681,0.01358,-0.005226,0.01297,2.5021,4.9783,0.00030518
-0.018463,0.01297,-0.0047509,0.0091553,2.5009,4.9789,0.00030518
-0.013275,0.0065613,-0.0038007,0.0093079,2.5015,4.9792,0.00030518
-0.0067139,-0.010529,-0.0042758,0.010529,2.5009,4.9789,-0.00061035
-0.0080872,-0.020142,-0.005226,0.010986,2.5018,4.9789,-0.00030518
-0.0061035,-0.014954,-0.0047509,0.015717,2.5012,4.9789,0.00030518
-0.009613,-0.009613,-0.005226,0.013885,2.5018,4.9786,0
-0.011444,-0.010834,-0.0042758,0.010071,2.5009,4.9789,0
-0.0059509,-0.0097656,-0.0038007,0.011139,2.5012,4.9786,-0.00030518
-0.0067139,-0.0086975,-0.0047509,0.014343,2.5006,4.9786,0.00030518
-0.0085449,-0.014801,-0.0042758,0.014038,2.5015,4.9774,0
-0.0086975,-0.021362,-0.0042758,0.011292,2.5015,4.9786,0.00030518
-0.0057983,-0.018921,-0.005226,0.010376,2.5018,4.9786,0
-0.0065613,-0.009613,-0.0042758,0.013123,2.5021,4.9774,-0.00061035
-0.011749,-0.0019836,-0.0042758,0.014648,2.5009,4.9774,-0.00030518
-0.0018311,0.0053406,-0.0042758,0.010834,2.5012,4.9771,0.00061035
-0.00030518,0.0071716,-0.0047509,0.0074768,2.5012,4.9777,0.00030518
-0.004425,0.0015259,-0.0042758,0.0032043,2.5009,4.978,-0.00061035
-0.0053406,-0.0032043,-0.0047509,0.00061035,2.5015,4.9777,0.00030518
-0.0030518,-0.0041199,-0.0038007,-0.0012207,2.5018,4.9777,0.00030518
0.0053406,0.0019836,-0.0042758,-0.0054932,2.5009,4.9783,-0.00030518
0.005188,0.0094604,-0.0042758,-0.0064087,2.5018,4.9796,-0.00030518
0.0013733,0.016022,-0.0047509,-0.0010681,2.5018,4.978,0.00030518
-0.0030518,0.015717,-0.0047509,0.0041199,2.5009,4.9792,-0.00030518
-0.0013733,0.0091553,-0.0047509,0.0099182,2.5018,4.9792,0.00030518
0.0088501,0.0080872,-0.0047509,0.007019,2.5024,4.9789,0.00030518
0.0036621,0.0083923,-0.0047509,0.00061035,2.5009,4.9789,-0.00030518
-0.0082397,0.0061035,-0.0042758,-0.00045776,2.5012,4.9799,0.00030518
-0.0093079,0.0033569,-0.0042758,0.0027466,2.5009,4.9792,0
-0.0024414,0.0033569,-0.0047509,0.0059509,2.5015,4.9792,0
0.002594,0.0053406,-0.0047509,0.0085449,2.5009,4.9789,-0.00091553
0.00045776,0.0010681,-0.005226,0.009613,2.5021,4.9789,-0.00030518
-0.0041199,-0.0085449,-0.005226,0.009613,2.5015,4.9789,0
0.005188,-0.015259,-0.0047509,0.0059509,2.5009,4.9789,-0.00030518
0.0042725,-0.016174,-0.005226,0.0010681,2.5015,4.978,0.00030518
0.0039673,-0.01297,-0.005226,-0.0019836,2.5009,4.9783,0
0.0065613,-0.0071716,-0.0033257,-0.0016785,2.5012,4.9792,0
0.0013733,-0.0053406,-0.0038007,0.0035095,2.5021,4.9789,0.00030518
-0.0054932,-0.0079346,-0.005226,0.0054932,2.5006,4.9786,0.00091553
-0.0056458,-0.010223,-0.0047509,0.005188,2.5018,4.9792,0.00061035
-0.0032043,-0.0065613,-0.0047509,0.0035095,2.5018,4.9792,-0.00030518
-0.004425,0.0059509,-0.0042758,0.00061035,2.5018,4.9786,-0.00030518
-0.0054932,0.018616,-0.005701,-0.0035095,2.5012,4.9789,0
-0.0018311,0.022125,-0.0047509,-0.0056458,2.5009,4.9799,-0.00030518
0.0036621,0.022125,-0.005226,-0.007782,2.5012,4.9799,0.00030518
0.014496,0.029602,-0.005226,-0.010834,2.5009,4.9789,0
0.015717,0.039673,-0.0038007,-0.010223,2.5012,4.9789,0
0.0082397,0.041656,-0.0042758,-0.0068665,2.5012,4.9796,0.00030518
0.0016785,0.023956,-0.0047509,-0.0041199,2.5015,4.9789,-0.00061035
-0.0016785,-0.004425,-0.0038007,-0.0039673,2.5009,4.9789,0.00030518
0.0035095,-0.025482,-0.0061761,-0.0073242,2.5018,4.9786,-0.00061035
0.0091553,-0.032196,-0.0042758,-0.013733,2.5009,4.9786,0.00061035
0.0099182,-0.024872,-0.0047509,-0.018768,2.5021,4.9799,0
0.018463,-0.011139,-0.0042758,-0.014648,2.5009,4.9799,0
0.012054,-0.0038147,-0.0038007,-0.007782,2.5024,4.9783,0.00030518
0.01358,-0.0048828,-0.0038007,-0.0033569,2.5012,4.9786,0.00030518
0.011444,-0.011444,-0.0047509,-0.0035095,2.5018,4.9786,-0.00030518
0.013885,-0.013275,-0.0042758,-0.0083923,2.5009,4.9786,0
0.0097656,-0.007782,-0.0042758,-0.01297,2.5012,4.9783,0.00091553
-0.0024414,-0.0054932,-0.0042758,-0.011749,2.5009,4.9789,0
-0.009613,-0.0067139,-0.0042758,-0.0039673,2.5018,4.9789,-0.00030518
-0.010681,-0.010529,-0.0038007,0.00015259,2.5012,4.9796,0.00030518
-0.0068665,-0.0094604,-0.0042758,-0.0013733,2.5018,4.9777,0.00091553
-0.0064087,-0.0030518,-0.005226,-0.00076294,2.5009,4.9789,-0.00030518
-0.011139,0.004425,-0.0042758,0.0021362,2.5018,4.9796,0
-0.0073242,0.004425,-0.005226,0.0027466,2.5012,4.9789,0
-0.010223,-0.00030518,-0.0047509,0.0038147,2.5015,4.9792,0
-0.014191,-0.0064087,-0.005226,0.0056458,2.5012,4.9786,0.00030518
-0.012207,-0.014954,-0.005226,0.0050354,2.5006,4.9792,-0.00030518
-0.011444,-0.016479,-0.0047509,0.0041199,2.5018,4.9796,0
-0.011749,-0.010376,-0.0042758,0.0033569,2.5009,4.9796,0.00030518
-0.009613,0,-0.0042758,0.0074768,2.5024,4.9786,-0.00061035
-0.0090027,0.0039673,-0.0042758,0.010071,2.5012,4.9789,-0.00030518
-0.014038,-0.0019836,-0.0047509,0.0093079,2.5015,4.9792,-0.00091553
-0.021667,-0.0067139,-0.0038007,0.0074768,2.5003,4.978,0.00030518
-0.01236,-0.0036621,-0.0033257,0.0074768,2.5015,4.9789,0.00061035
-0.0053406,0.0053406,-0.0042758,0.010681,2.5021,4.9786,-0.00030518
-0.0057983,0.010223,-0.0042758,0.01236,2.5009,4.9789,-0.00061035
-0.0067139,0.0091553,-0.0047509,0.0097656,2.5015,4.9789,0
-0.0076294,0.0059509,-0.0042758,0.0059509,2.5015,4.9792,-0.00030518
-0.0093079,0.0042725,-0.0047509,0.010834,2.5012,4.9796,0
-0.0032043,0.0027466,-0.0047509,0.019379,2.5021,4.9792,0
0.0042725,-0.00045776,-0.005226,0.021515,2.5018,4.9783,-0.00030518
-0.00015259,-0.0013733,-0.0047509,0.014954,2.5015,4.9789,-0.00030518
-0.0064087,0.0030518,-0.0047509,0.0093079,2.5018,4.9786,0.00030518
-0.0019836,0.004425,-0.0047509,0.007782,2.5003,4.9786,0.00030518
-0.0041199,0.0057983,-0.005226,0.010834,2.5009,4.9783,0.00030518
-0.0054932,0.0064087,-0.0047509,0.014496,2.5018,4.9783,0
0.0028992,0.010986,-0.005226,0.015259,2.5009,4.9774,0
0.0090027,0.013123,-0.0047509,0.016785,2.5015,4.9786,0.00030518
0.011902,0.01236,-0.005226,0.014496,2.5015,4.9792,0.00030518
0.012207,0.0068665,-0.005226,0.010681,2.5009,4.9786,0
0.0038147,0.002594,-0.005701,0.0079346,2.5009,4.978,-0.00061035
-0.0012207,0.004425,-0.0038007,0.0053406,2.5018,4.978,-0.00061035
0.007019,0.0062561,-0.0042758,-0.0050354,2.5018,4.9768,-0.00061035
0.032959,0.0038147,-0.0047509,-0.016785,2.5015,4.9765,0
0.044098,-0.0028992,-0.0038007,-0.018158,2.5012,4.9771,0
0.037231,-0.0094604,-0.005226,-0.010834,2.5012,4.9786,-0.00030518
0.016022,-0.015106,-0.0033257,-0.0013733,2.5006,4.9777,0
-0.00045776,-0.01358,-0.0042758,0.0032043,2.5015,4.9774,0.00030518
0.007019,-0.0056458,-0.0047509,-0.0013733,2.5015,4.9777,0.00061035
0.020447,0.00091553,-0.0042758,-0.0079346,2.5009,4.9796,0.00030518
0.020905,0.0038147,-0.0042758,-0.011749,2.5009,4.978,-0.00030518
0.018921,0.007019,-0.0047509,-0.0068665,2.5015,4.9802,0.00030518
0.011749,0.014038,-0.0047509,-0.00061035,2.5006,4.9789,-0.00091553
0.0091553,0.024414,-0.005226,-0.0036621,2.5015,4.9792,0.00030518
0.00030518,0.029907,-0.0033257,-0.0086975,2.5018,4.9783,-0.00030518
-0.0035095,0.03006,-0.0042758,-0.0090027,2.5018,4.978,0.00061035
-0.0022888,0.025177,-0.0047509,-0.0053406,2.5015,4.9792,-0.00061035
0,0.012054,-0.005701,-0.0050354,2.5018,4.9777,0
-0.002594,-0.0039673,-0.0042758,-0.0024414,2.5006,4.9792,0.00030518
-0.0027466,-0.007019,-0.0047509,0.0012207,2.5015,4.9786,0
0.0028992,0.00061035,-0.005226,0.0032043,2.5021,4.9789,-0.00061035
0.00076294,0.0047302,-0.0042758,0.0085449,2.5009,4.9786,-0.00030518
-0.00045776,0.0067139,-0.0042758,0.0097656,2.5009,4.9774,0
0.013733,0.0093079,-0.0047509,0.0027466,2.5006,4.9786,-0.00030518
0.011292,0.010986,-0.0033257,-0.0022888,2.5012,4.9796,0
0.0038147,0.011292,-0.005226,-0.0012207,2.5012,4.9789,0.00030518
0.0065613,0.0093079,-0.0038007,0.00015259,2.5012,4.9789,0.0012207
0.0041199,0.0068665,-0.0042758,-0.0027466,2.5015,4.9789,0.00030518
-0.0036621,0.0042725,-0.0042758,-0.0086975,2.5012,4.9796,-0.00030518
0.0010681,0.0065613,-0.0047509,-0.013733,2.5018,4.9789,0
0.017242,0.011444,-0.005701,-0.009613,2.5012,4.9792,-0.00030518
0.020752,0.014954,-0.0047509,0.0033569,2.5009,4.9796,0.00030518
0.010529,0.016632,-0.0042758,0.012207,2.5021,4.9786,-0.00030518
0.018158,0.019531,-0.005226,0.011749,2.5012,4.9796,0.00091553
0.025177,0.017853,-0.005226,0.0057983,2.5012,4.9789,-0.00030518
0.022888,0.010071,-0.0042758,0.0064087,2.5012,4.9789,0
0.019989,-0.0048828,-0.0047509,0.0079346,2.5015,4.9792,-0.00030518
0.009613,-0.02243,-0.0042758,0.0093079,2.5003,4.9792,0
0.0054932,-0.033264,-0.0042758,0.010681,2.5015,4.9786,0.00061035
0.011292,-0.031586,-0.0047509,0.010376,2.5012,4.9789,-0.00091553
0.0099182,-0.019531,-0.0047509,0.011139,2.5024,4.9792,-0.00030518
0.005188,-0.0099182,-0.0038007,0.011749,2.5006,4.9789,-0.00061035
0.0050354,-0.0048828,-0.0033257,0.013885,2.5015,4.9774,0
0.012512,-0.0048828,-0.0042758,0.016174,2.5009,4.9783,0.00030518
0.011749,-0.002594,-0.0028506,0.019379,2.5021,4.9786,0.00030518
0.011597,0.0030518,-0.005226,0.018616,2.5012,4.9789,0
0.0065613,0.011292,-0.0047509,0.015717,2.5018,4.9783,0.00061035
-0.0074768,0.014343,-0.0047509,0.015106,2.5012,4.9789,0.00030518
-0.018311,0.013733,-0.0061761,0.018311,2.5012,4.978,-0.00030518
-0.014801,0.012512,-0.0047509,0.023499,2.5003,4.9786,0.00030518
-0.010986,0.007782,-0.0042758,0.023346,2.5018,4.978,0.00030518
-0.011902,0.0047302,-0.0047509,0.018768,2.5015,4.9786,-0.00061035
-0.013885,0.0013733,-0.0047509,0.014648,2.5009,4.9796,0
-0.0019836,0,-0.0038007,0.01236,2.5031,4.9783,0.00030518
0.00076294,0.00061035,-0.0038007,0.01709,2.5009,4.9789,0.00030518
-0.0054932,0.0013733,-0.0047509,0.022888,2.5024,4.9789,0
-0.0086975,0.0047302,-0.0038007,0.022583,2.5015,4.9783,0.00030518
-0.009613,0.0059509,-0.0038007,0.02243,2.5031,4.9783,-0.00030518
-0.0024414,0.005188,-0.005226,0.024872,2.5012,4.9796,0.00030518
0.046692,0.0042725,-0.0047509,0.023041,2.5027,4.9786,0
0.13229,0.0053406,-0.0047509,0.016785,2.5009,4.9792,0.00030518
0.10849,0.0039673,-0.0033257,0.010986,2.5015,4.9789,-0.00030518
-0.038757,-0.00030518,-0.0047509,0.0074768,2.5006,4.9783,0.00030518
-0.05722,-0.0024414,-0.0038007,0.0068665,2.5024,4.9783,-0.00030518
0.019684,-0.0016785,-0.0047509,0.01358,2.5009,4.9786,-0.00091553
0.0062561,-0.00076294,-0.0047509,0.018463,2.5012,4.9786,0
-0.03891,-0.0032043,-0.0038007,0.016174,2.5012,4.9786,0
-0.023956,-0.0022888,-0.0042758,0.0079346,2.5015,4.9783,0.00030518
-0.0027466,0.0010681,-0.0047509,0.0018311,2.5009,4.9799,0.00061035
-0.012054,0.0048828,-0.0038007,-0.00030518,2.5006,4.9796,0
-0.014191,0.0093079,-0.0038007,-0.00030518,2.5009,4.9796,-0.00091553
-0.0086975,0.0085449,-0.005226,0.0016785,2.5021,4.9792,0.00061035
-0.0013733,0.0033569,-0.005226,0.0059509,2.5009,4.9792,0.00061035
0.0022888,-0.0013733,-0.005226,0.0082397,2.5006,4.9786,0
-0.0080872,-0.0068665,-0.0042758,0.00091553,2.5015,4.9777,0
-0.012054,-0.0097656,-0.0042758,-0.0033569,2.5018,4.978,0.00030518
-0.013885,-0.0042725,-0.0047509,-0.0016785,2.5012,4.9774,0
-0.014038,-0.0012207,-0.005226,-0.00076294,2.5015,4.9777,0.00030518
-0.011597,-0.0021362,-0.0042758,0.0027466,2.5006,4.978,0
-0.0076294,-0.0027466,-0.0042758,0.0022888,2.5012,4.9783,0.00030518
-0.0091553,-0.004425,-0.0042758,0.0024414,2.5009,4.9783,0
-0.012512,-0.0038147,-0.005226,0.0053406,2.5003,4.978,0
-0.0080872,-0.0047302,-0.0042758,0.0076294,2.5006,4.9774,0
0.0010681,-0.0064087,-0.0047509,0.0047302,2.5018,4.9771,-0.00061035
-0.0090027,-0.0036621,-0.0042758,0.00015259,2.5012,4.9771,0
-0.017395,-0.0027466,-0.005226,-0.0016785,2.5024,4.9771,-0.00061035
-0.014343,-0.0015259,-0.0047509,-0.0050354,2.5021,4.9774,0.00091553
-0.011139,0.007019,-0.0047509,-0.010681,2.5006,4.9771,0.00061035
-0.0099182,0.0099182,-0.0033257,-0.015717,2.5012,4.9783,0
-0.0038147,0.0079346,-0.0033257,-0.018463,2.5018,4.9789,-0.00030518
0.0041199,0.0082397,-0.0042758,-0.022888,2.5012,4.9789,-0.00030518
0.0038147,0.0050354,-0.0042758,-0.023193,2.5015,4.9796,0.00030518
-0.0035095,-0.0012207,-0.005226,-0.014648,2.5009,4.9789,0
-0.00076294,-0.0061035,-0.005701,-0.00061035,2.5018,4.9786,0.00061035
-0.0019836,-0.0076294,-0.0042758,0.010834,2.5018,4.9789,-0.00061035
-0.0038147,-0.0065613,-0.005226,0.014954,2.5009,4.9792,0.00091553
0.0022888,-0.0061035,-0.005226,0.018616,2.5018,4.9783,0.00061035
0.0056458,-0.004425,-0.0047509,0.019531,2.5009,4.9796,-0.00030518
0.0030518,-0.0021362,-0.005701,0.017548,2.5018,4.9792,-0.00030518
-0.0010681,0.0016785,-0.0047509,0.011139,2.5012,4.9777,0.00030518
0.0015259,0.0048828,-0.0038007,0.011139,2.5009,4.978,0.00030518
0.002594,0.0039673,-0.0047509,0.019989,2.5015,4.9792,-0.00030518
-0.0036621,-0.00061035,-0.0038007,0.027161,2.5021,4.9777,0
-0.0012207,-0.0064087,-0.0047509,0.025635,2.5015,4.978,0
-0.0056458,-0.012054,-0.0038007,0.015869,2.5018,4.9796,0.00030518
-0.014954,-0.010834,-0.0042758,0.0086975,2.5009,4.9789,-0.00030518
-0.02182,-0.0047302,-0.0047509,0.0032043,2.5012,4.9792,0.00030518
-0.016937,-0.0013733,-0.0047509,-0.00076294,2.5012,4.9796,0
-0.011749,0.00061035,-0.0047509,-0.0032043,2.5012,4.9796,0
-0.010986,0.00015259,-0.005226,-0.0068665,2.5012,4.9796,0
-0.018463,0.00061035,-0.0033257,-0.0067139,2.5015,4.9789,0.00030518
-0.024109,0.0016785,-0.005226,0.0059509,2.5006,4.9783,0.00030518
-0.029297,0.0033569,-0.0028506,0.01297,2.5015,4.9777,0
-0.024109,0.0036621,-0.0042758,0.0061035,2.5012,4.9789,0
-0.016632,0.0054932,-0.0042758,0.0013733,2.5024,4.9799,0
-0.011749,-0.00030518,-0.0042758,-0.00015259,2.5018,4.9796,0
-0.013275,-0.005188,-0.0038007,0,2.5012,4.9796,0.00091553
-0.015564,-0.0076294,-0.0028506,0.0022888,2.5012,4.9802,0.00030518
-0.015106,-0.010529,-0.0047509,-0.00076294,2.5012,4.9792,0
-0.014954,-0.01236,-0.0042758,-0.0071716,2.5015,4.9796,0.00061035
-0.0068665,-0.011597,-0.0047509,-0.0090027,2.5009,4.9799,0
-0.0067139,-0.012207,-0.005226,-0.004425,2.5009,4.9792,0.00030518
-0.016022,-0.011597,-0.0047509,0.0013733,2.5012,4.978,0.00030518
-0.010071,-0.0093079,-0.0042758,0.0038147,2.5009,4.9786,-0.00091553
-0.0086975,-0.009613,-0.0042758,0.0061035,2.5015,4.9792,0.00030518
-0.0064087,-0.014191,-0.0042758,0.0065613,2.4997,4.9792,-0.00030518
-0.005188,-0.016937,-0.005226,0.0079346,2.5018,4.9786,0.00061035
0.0010681,-0.010986,-0.0042758,0.007782,2.5003,4.9792,0.00061035
0.00045776,-0.0053406,-0.0042758,0.0086975,2.5012,4.9786,0.00030518
-0.0030518,-0.0064087,-0.0038007,0.010376,2.5015,4.9783,0.00030518
-0.0059509,-0.010071,-0.0047509,0.0082397,2.5012,4.978,0
-0.0056458,-0.016327,-0.0042758,0.00015259,2.5021,4.9786,-0.00061035
-0.0035095,-0.012817,-0.0047509,-0.0045776,2.5006,4.9792,-0.00061035
0.0088501,-0.002594,-0.0042758,-0.0054932,2.5024,4.9792,0.00030518
0.0074768,0.0065613,-0.0047509,-0.0048828,2.5006,4.9796,0
0.0047302,0.0093079,-0.0047509,-0.0086975,2.5027,4.9783,0
0.0064087,0.0091553,-0.0047509,-0.013123,2.5012,4.9786,-0.00030518
0.0067139,0.0079346,-0.0047509,-0.013275,2.5015,4.9796,0.00030518
0.005188,0.0068665,-0.0042758,-0.013123,2.4997,4.9802,-0.00030518
0.0085449,0.0041199,-0.0047509,-0.014496,2.5012,4.9783,-0.00030518
0.010681,0.0038147,-0.0047509,-0.014801,2.5006,4.9789,0
0.0054932,0.010834,-0.0042758,-0.011139,2.5018,4.9796,0.00030518
-0.0018311,0.016632,-0.0042758,-0.0061035,2.5012,4.9777,0.00061035
0.0048828,0.0067139,-0.0042758,-0.0032043,2.5009,4.9783,-0.00030518
-0.00076294,-0.0062561,-0.005226,-0.0010681,2.5009,4.9792,-0.00030518
-0.013123,-0.010071,-0.0047509,0.0021362,2.5015,4.9789,0
-0.016174,-0.0053406,-0.0042758,0.0085449,2.5012,4.9789,0
-0.01358,-0.00030518,-0.0047509,0.011292,2.5024,4.9789,0
-0.014343,0.00015259,-0.0042758,0.014191,2.5012,4.9786,0.00030518
-0.016174,0.0036621,-0.0042758,0.018311,2.5012,4.9783,-0.00061035
-0.007782,0.0074768,-0.0047509,0.016785,2.5006,4.9796,0
0.00045776,0.0062561,-0.005226,0.013275,2.5015,4.9796,0
0.00030518,0.004425,-0.0038007,0.011139,2.5003,4.9796,0
0,0.0032043,-0.0047509,0.012512,2.5021,4.9786,0.00061035
-0.0071716,0.00045776,-0.0042758,0.012665,2.5015,4.9786,0
-0.007019,-0.0056458,-0.0042758,0.014343,2.5,4.9783,0.00061035
-0.0048828,-0.0079346,-0.005226,0.019836,2.5009,4.978,-0.00030518
-0.0061035,-0.0068665,-0.0042758,0.024719,2.5,4.9789,-0.00030518
-0.0080872,-0.0057983,-0.0042758,0.027008,2.5012,4.9786,-0.00061035
-0.0032043,-0.0042725,-0.005226,0.025024,2.5018,4.9789,0.00061035
0.011597,-0.0033569,-0.0047509,0.020294,2.5009,4.9783,0.00030518
0.018616,-0.0019836,-0.0042758,0.010071,2.5012,4.978,0.00091553
0.010071,0.0018311,-0.0047509,0.0042725,2.5012,4.9774,0.00061035
0.016785,0.0050354,-0.005226,-0.0042725,2.5015,4.9768,-0.00061035
0.020294,0.0039673,-0.005226,-0.015717,2.5021,4.9777,0.00030518
0.016632,-0.0015259,-0.005226,-0.015259,2.5003,4.9774,0.00030518
0.013275,-0.0019836,-0.0047509,-0.0086975,2.5018,4.978,0.00061035
0.0074768,0.00015259,-0.0042758,-0.0033569,2.5018,4.978,0
-0.0015259,0.002594,-0.0038007,0.0028992,2.5012,4.9796,0.00030518
-0.011597,0.0094604,-0.0042758,0.010834,2.5006,4.9783,0
-0.016022,0.015717,-0.0047509,0.017853,2.5012,4.9799,0.00030518
-0.020447,0.019836,-0.0047509,0.021667,2.5012,4.9792,0.00030518
-0.020752,0.016937,-0.0042758,0.01358,2.5018,4.9789,-0.00030518
-0.0083923,0.010986,-0.005226,0.0010681,2.5009,4.9796,0.00030518
-0.0042725,-0.00045776,-0.0047509,-0.0033569,2.5009,4.9786,0
-0.007782,-0.010223,-0.0047509,-0.00061035,2.5018,4.9783,0.00030518
-0.012207,-0.014648,-0.0042758,0,2.5024,4.9789,0
-0.013123,-0.014496,-0.0042758,0.0035095,2.5012,4.9786,-0.00030518
-0.016022,-0.017242,-0.0042758,0.0053406,2.5015,4.9792,-0.00061035
-0.017548,-0.019531,-0.0042758,0.0019836,2.5018,4.9789,0
-0.012817,-0.020142,-0.0047509,-0.0019836,2.5012,4.9786,0
-0.0068665,-0.020447,-0.0042758,-0.0015259,2.5006,4.9786,-0.00030518
-0.007782,-0.019073,-0.005226,-0.0018311,2.5012,4.9774,-0.00061035
0.0013733,-0.01297,-0.0033257,-0.007019,2.5006,4.9789,-0.00030518
0.0086975,-0.0079346,-0.0047509,-0.011902,2.5009,4.9786,-0.00030518
0.013885,-0.0061035,-0.0042758,-0.012512,2.5021,4.9792,-0.00061035
0.018616,-0.0042725,-0.0047509,-0.0091553,2.5009,4.9792,-0.00030518
0.021057,-0.0032043,-0.0042758,-0.0041199,2.5012,4.9792,0.00030518
0.018158,-0.007019,-0.0047509,-0.0010681,2.5012,4.9786,0.00030518
0.014648,-0.0099182,-0.0042758,-0.0022888,2.5021,4.9796,-0.00030518
0.014191,0.00030518,-0.005226,-0.0057983,2.5015,4.9796,0.00030518
0.0099182,0.012512,-0.0047509,-0.0057983,2.5012,4.9783,0
-0.0080872,0.018768,-0.0033257,-0.0042725,2.5,4.9802,0.00030518
0.00045776,0.02243,-0.0038007,-0.0042725,2.5012,4.9796,0.00030518
0.00045776,0.02243,-0.0042758,-0.0041199,2.5015,4.9789,0
-0.0038147,0.018921,-0.0042758,-0.0047302,2.5012,4.9796,0
-0.00045776,0.015869,-0.005701,-0.0045776,2.5012,4.9786,0
0.0062561,0.014343,-0.0042758,-0.0012207,2.5012,4.9796,0
0.0064087,0.0074768,-0.0042758,0.0028992,2.5021,4.9792,0.00061035
0.0080872,-0.0050354,-0.005226,0.00015259,2.5006,4.9792,0.00030518
0.0085449,-0.0099182,-0.0042758,-0.0033569,2.5012,4.9796,0.00030518
-0.0010681,-0.0053406,-0.0047509,0.0033569,2.5012,4.9792,0.00061035
-0.0091553,-0.0047302,-0.005226,0.007782,2.5015,4.9783,0
-0.00015259,-0.0065613,-0.005701,0.0050354,2.5009,4.9789,0.00030518
-0.00015259,-0.0048828,-0.0047509,0.0041199,2.5018,4.9796,0.00030518
-0.0074768,0.0013733,-0.0038007,0.004425,2.5015,4.9792,0.00030518
-0.0062561,0.0068665,-0.0042758,0.0042725,2.5009,4.9783,-0.00061035
0.0024414,0.0086975,-0.0042758,0.0057983,2.5021,4.9789,0.00030518
0.0091553,0.0076294,-0.005226,0.010681,2.5009,4.9786,0
0.0036621,0.0065613,-0.0042758,0.0085449,2.5018,4.9792,-0.00061035
0.00076294,0.0065613,-0.0042758,0.00076294,2.5012,4.9796,0.00030518
0.0041199,0.0053406,-0.0047509,-0.0054932,2.5021,4.9789,0
0.0033569,0.0019836,-0.005226,-0.0074768,2.5003,4.9792,0.00030518
0.0088501,-0.0015259,-0.0047509,-0.0079346,2.5018,4.9783,0.00030518
0.010834,-0.0042725,-0.0038007,-0.0045776,2.5009,4.978,-0.00061035
0.011597,-0.005188,-0.0047509,0.0027466,2.5018,4.9783,0
0.0097656,-0.0027466,-0.0047509,0.0059509,2.5012,4.9792,0.00030518
0.0035095,0.00015259,-0.0042758,0.0079346,2.5012,4.978,0.00030518
-0.0050354,-0.002594,-0.0047509,0.012207,2.5006,4.9786,0
-0.01358,-0.0061035,-0.0038007,0.014191,2.5018,4.9783,-0.00091553
-0.016632,-0.0094604,-0.0038007,0.0090027,2.5,4.9792,0.00030518
-0.016022,-0.014343,-0.0047509,0.0054932,2.5021,4.9789,0.00091553
-0.011292,-0.01709,-0.0038007,0.0093079,2.5012,4.978,0
-0.0074768,-0.012665,-0.005226,0.013885,2.5018,4.9789,0.00030518
-0.010071,-0.0048828,-0.0047509,0.018616,2.5015,4.9783,-0.00030518
-0.0085449,-0.00030518,-0.0038007,0.019226,2.5024,4.9789,-0.00030518
-0.00045776,0.00030518,-0.0047509,0.018921,2.5006,4.9789,0
0.0050354,-0.0032043,-0.0047509,0.019531,2.5018,4.9792,0.00091553
0.0033569,-0.0048828,-0.0038007,0.018921,2.5006,4.9799,-0.00091553
0.00030518,-0.0028992,-0.0042758,0.016937,2.5015,4.9799,0
0.0012207,-0.0027466,-0.0042758,0.013428,2.5018,4.9789,0.00091553
0.0010681,-0.0042725,-0.0042758,0.013275,2.5003,4.9796,-0.00061035
-0.0036621,-0.0039673,-0.0047509,0.0099182,2.5015,4.9799,0
0.0027466,-0.0021362,-0.0047509,0.0042725,2.5012,4.9796,0.00061035
0.0047302,0.0015259,-0.0047509,0.0030518,2.5018,4.9792,-0.00061035
0.0022888,0.0061035,-0.0038007,0.0057983,2.5018,4.9783,0.00061035
-0.0038147,0.010071,-0.0047509,0.010529,2.5018,4.9777,0
-0.0032043,0.0083923,-0.0038007,0.012054,2.5015,4.9771,0.00030518
-0.0030518,0.004425,-0.0038007,0.0080872,2.5012,4.978,0.00030518
-0.0059509,0.00091553,-0.0033257,0.0018311,2.5021,4.9777,0.00030518
-0.0083923,0.005188,-0.0038007,0.0010681,2.5015,4.9783,0
-0.0085449,0.012207,-0.0042758,0.007019,2.5006,4.9777,0
-0.009613,0.013123,-0.0042758,0.012207,2.5021,4.9765,0.00030518
-0.0080872,0.0053406,-0.0038007,0.015564,2.5012,4.9771,-0.00030518
-0.012512,-0.0028992,-0.0042758,0.015869,2.5006,4.9774,-0.00030518
-0.010681,-0.0086975,-0.0033257,0.012665,2.5012,4.978,0.00030518
-0.0065613,-0.0085449,-0.0047509,0.010223,2.5006,4.9774,0.00061035
-0.0059509,-0.004425,-0.0047509,0.0082397,2.5012,4.9777,0.00030518
-0.011902,-0.002594,-0.0038007,0.0041199,2.5015,4.9792,-0.00091553
-0.020905,-0.0024414,-0.0047509,0.0028992,2.5006,4.9792,0.00061035
-0.016479,0.00091553,-0.0042758,0.0039673,2.5018,4.9789,0.00030518
-0.0028992,0.0050354,-0.0042758,0.007019,2.5009,4.9792,0
0.0012207,0.0061035,-0.0042758,0.0059509,2.5009,4.978,-0.00030518
0.010071,0.010681,-0.0047509,-0.00061035,2.5021,4.9777,-0.00061035
0.010834,0.016327,-0.0042758,-0.007019,2.5015,4.9786,0
0.0090027,0.014038,-0.005226,-0.012512,2.5021,4.9783,0.00030518
0.00076294,0.010071,-0.0042758,-0.010834,2.5012,4.9789,0
-0.0061035,0.0086975,-0.0033257,-0.00091553,2.5009,4.9786,0.00030518
-0.0062561,0.0062561,-0.0047509,0.0038147,2.5018,4.9783,0.00030518
-0.007019,0.0033569,-0.0038007,0.0015259,2.5003,4.9786,-0.00030518
-0.0053406,0.0035095,-0.005226,0.00061035,2.5015,4.9792,0.00030518
0.0030518,0.0091553,-0.0042758,0.0018311,2.5012,4.9792,0.00030518
0.0065613,0.014343,-0.0042758,0.0054932,2.5015,4.978,0
0.0099182,0.010986,-0.0042758,0.0079346,2.5012,4.9783,0.00030518
0.0027466,0.0050354,-0.0028506,0.007019,2.5015,4.9789,0
0.00091553,0.0010681,-0.0028506,0.0079346,2.5015,4.9796,0.00030518
0.00061035,-0.0015259,-0.0042758,0.011902,2.5018,4.9786,-0.0018311
-0.004425,-0.00030518,-0.0042758,0.013733,2.5021,4.9789,0.00061035
-0.012512,0.0013733,-0.0042758,0.018005,2.5018,4.9799,0
-0.012207,0.00045776,-0.0042758,0.022278,2.5015,4.9786,0.00030518
-0.011444,-0.0030518,-0.0038007,0.023041,2.5012,4.9792,0
-0.014496,-0.005188,-0.0042758,0.020599,2.5012,4.9789,0.00030518
-0.018616,-0.0094604,-0.0038007,0.018616,2.5021,4.9796,0
-0.010223,-0.013428,-0.0042758,0.015717,2.5015,4.9792,0
-0.0073242,-0.009613,-0.0038007,0.014801,2.5012,4.9789,-0.00030518
-0.0065613,-0.002594,-0.0028506,0.015411,2.5024,4.9786,0.00030518
-0.0041199,-0.0018311,-0.0047509,0.011292,2.5015,4.9786,0.00061035
0.002594,-0.0012207,-0.0042758,0.0036621,2.5015,4.9792,-0.00030518
0.0080872,0.0013733,-0.0042758,-0.0015259,2.5021,4.9789,0.00030518
0.0093079,0.0035095,-0.0038007,-0.0019836,2.5021,4.9789,-0.00030518
0.0065613,0.0024414,-0.0047509,0.00030518,2.5009,4.9796,-0.00061035
0.0041199,-0.00061035,-0.0038007,0.0019836,2.5018,4.9789,0.00030518
-0.0012207,0.0028992,-0.0042758,0.005188,2.5015,4.9786,0.00061035
-0.0012207,0.0099182,-0.0038007,0.0064087,2.5018,4.9783,-0.00030518
-0.0010681,0.013275,-0.0047509,0.0059509,2.5018,4.9789,0.00091553
0.0018311,0.012665,-0.0038007,0.0028992,2.5015,4.9786,0.00030518
0.0056458,0.010681,-0.0033257,-0.00076294,2.5003,4.9799,0
0.0053406,0.0068665,-0.0047509,-0.00015259,2.5015,4.9786,0.00061035
0.0021362,0.0021362,-0.0042758,0.0030518,2.5006,4.978,0.00061035
0.0019836,-0.0028992,-0.0047509,0.004425,2.5,4.9792,0.00030518
0.0032043,-0.0076294,-0.0038007,0.0079346,2.5003,4.9786,0.00030518
-0.0036621,-0.007019,-0.0042758,0.010529,2.5006,4.9792,0.00030518
-0.010834,-0.0035095,-0.0042758,0.010681,2.5018,4.9783,-0.00091553
-0.0053406,0.0012207,-0.0042758,0.010223,2.5012,4.9792,-0.00030518
-0.00076294,0.0021362,-0.0047509,0.0086975,2.5009,4.9789,0.00030518
0.0032043,0.0018311,-0.0038007,0.0053406,2.5015,4.9789,0
0.0027466,0.00015259,-0.0047509,0.0012207,2.5018,4.9783,0
0.0054932,-0.0016785,-0.0047509,-0.00091553,2.5021,4.9786,0
0.0056458,-0.0057983,-0.0038007,-0.004425,2.5006,4.9789,0
0.0068665,-0.0073242,-0.0042758,-0.0064087,2.5015,4.9789,0.00030518
0.014648,-0.0083923,-0.0033257,-0.0054932,2.5015,4.9786,0.00030518
0.017548,-0.0065613,-0.0038007,0.00015259,2.5015,4.9792,0
0.0057983,-0.0033569,-0.0047509,0.0065613,2.5,4.9777,0
0.0027466,-0.0012207,-0.0042758,0.0091553,2.5012,4.9799,0.00030518
-0.0021362,0.0032043,-0.005226,0.0050354,2.5006,4.9796,0.00030518
-0.0022888,0.0035095,-0.005226,-0.0022888,2.5015,4.9789,0.00030518
0.0059509,0.00076294,-0.0047509,-0.0050354,2.5006,4.9789,0.00030518
0.010071,-0.00045776,-0.0033257,-0.0012207,2.5006,4.9786,-0.00030518
0.013428,0.004425,-0.0047509,-0.0010681,2.5018,4.9792,0
0.013885,0.0083923,-0.0042758,-0.0035095,2.5021,4.978,0.00030518
0.010529,0.0062561,-0.0042758,-0.0019836,2.5018,4.978,-0.00030518
0.0048828,0.0022888,-0.0038007,0.0064087,2.5015,4.9796,0.00030518
0.0033569,0.00091553,-0.0033257,0.011597,2.5021,4.9796,-0.00030518
0.011139,0.0028992,-0.0047509,0.013428,2.5009,4.9789,0
0.007782,0.0010681,-0.0038007,0.010681,2.5009,4.9783,0.00030518
-0.0010681,-0.00030518,-0.0042758,0.0083923,2.5009,4.978,0.00030518
0.0032043,-0.00076294,-0.0042758,0.002594,2.5018,4.9783,-0.00030518
0.019989,0.0021362,-0.0042758,0,2.5009,4.9783,0
0.032959,0.0036621,-0.0038007,0.0019836,2.5018,4.978,0.00030518
0.015564,0.0016785,-0.0038007,0.0053406,2.5015,4.9786,0
-0.0016785,-0.0013733,-0.0042758,0.0082397,2.5021,4.9777,-0.00030518
-0.0045776,-0.0027466,-0.0047509,0.010376,2.5009,4.978,0
-0.004425,-0.0019836,-0.0028506,0.0097656,2.5015,4.9771,0.00061035
0.0067139,-0.0021362,-0.005226,0.0093079,2.5018,4.9777,-0.00061035
0.017853,-0.0065613,-0.005226,0.0093079,2.5015,4.9774,-0.00030518
0.020752,-0.007019,-0.0038007,0.0093079,2.5018,4.9771,0
0.01358,-0.0045776,-0.0038007,0.0094604,2.5012,4.9777,-0.00030518
0.0021362,-0.0033569,-0.0028506,0.011292,2.5018,4.9771,0
-0.0028992,-0.0015259,-0.0033257,0.012665,2.5018,4.978,0.00030518
-0.0032043,-0.0024414,-0.0042758,0.007782,2.5012,4.9786,-0.00030518
-0.0039673,-0.009613,-0.0038007,0.0021362,2.5003,4.9786,0.00030518
-0.0033569,-0.019226,-0.0047509,0,2.5015,4.9789,0.00061035
-0.0027466,-0.023956,-0.0047509,-0.0019836,2.5006,4.9789,0
0.009613,-0.019836,-0.0042758,-0.00015259,2.5003,4.9792,0.00030518
0.018463,-0.009613,-0.005226,0.007019,2.5006,4.9789,0
0.014954,0.00076294,-0.0047509,0.01358,2.5015,4.9783,0.00030518
0.002594,0.0097656,-0.0047509,0.016632,2.5006,4.9796,0.00030518
-0.0032043,0.017548,-0.005226,0.01236,2.5018,4.9792,0
-0.0054932,0.021057,-0.0047509,0.005188,2.5018,4.9796,0.00030518
-0.007019,0.021667,-0.0042758,0.0057983,2.5021,4.9799,0
-0.0024414,0.024109,-0.0038007,0.0068665,2.5003,4.9789,0
-0.00061035,0.023193,-0.005701,0.0022888,2.5024,4.9805,-0.00061035
0.00076294,0.018005,-0.0028506,-0.0041199,2.5018,4.978,-0.00030518
0.011902,0.016327,-0.0042758,-0.0048828,2.5018,4.9786,0.00030518
0.014801,0.0099182,-0.0047509,-0.0030518,2.5009,4.9799,0.00030518
0.0057983,0.00045776,-0.0047509,0,2.5009,4.9796,-0.00030518
-0.002594,-0.0028992,-0.0042758,0.0015259,2.5009,4.9789,0
-0.002594,-0.0033569,-0.0047509,0.00015259,2.5006,4.9789,0
-0.0061035,-0.0030518,-0.0038007,-0.0041199,2.5003,4.9796,0.00061035
-0.0048828,-0.00076294,-0.0038007,-0.0027466,2.5009,4.9786,0
-0.0038147,-0.0012207,-0.0038007,0.0018311,2.5015,4.9796,0.00030518
0.0041199,-0.007019,-0.0047509,0.0039673,2.5024,4.9783,0.00030518
-0.0012207,-0.010834,-0.005226,0.0062561,2.5015,4.9799,-0.00030518
0.0048828,-0.007019,-0.0047509,0.010834,2.5009,4.9789,0.00030518
0.0064087,-0.0053406,-0.0047509,0.015259,2.5015,4.9786,-0.00061035
0.00030518,-0.0080872,-0.0028506,0.019684,2.5018,4.9796,-0.00030518
-0.0042725,-0.0085449,-0.005226,0.021667,2.5015,4.9792,-0.00061035
-0.0094604,0.00091553,-0.0042758,0.02594,2.5024,4.9799,0.00030518
-0.010529,0.011444,-0.0047509,0.030823,2.5012,4.9789,-0.00030518
-0.01236,0.011597,-0.005226,0.030975,2.5009,4.9789,0.00030518
-0.0068665,0.0061035,-0.0047509,0.026245,2.5009,4.9789,0.00061035
0.0024414,0.0012207,-0.0038007,0.023346,2.5021,4.9796,0
-0.0019836,0.00061035,-0.0042758,0.023956,2.5006,4.9777,0.00030518
-0.00091553,0.0022888,-0.0038007,0.021667,2.5015,4.9789,0
0.00061035,-0.0024414,-0.0047509,0.011292,2.5009,4.9789,-0.00061035
0.0035095,-0.009613,-0.0047509,0.0021362,2.5012,4.9789,0
0.0027466,-0.007019,-0.0033257,-0.0039673,2.5015,4.9789,-0.00030518
0.0016785,-0.0041199,-0.0042758,-0.0067139,2.5012,4.9799,0
0.0036621,-0.0018311,-0.0038007,-0.0053406,2.5006,4.9786,-0.00030518
0.0013733,0.0033569,-0.0038007,-0.0019836,2.5015,4.9786,0.00061035
-0.0082397,0.0085449,-0.0042758,0.00061035,2.5009,4.9783,-0.00030518
-0.017242,0.007019,-0.005701,-0.00091553,2.5018,4.9789,0.00030518
-0.018311,-0.0071716,-0.0047509,-0.0059509,2.5012,4.9792,-0.00091553
-0.0021362,-0.020599,-0.005226,-0.015106,2.5018,4.9796,0
0.0028992,-0.020905,-0.0042758,-0.015869,2.5018,4.978,0
-0.002594,-0.010681,-0.0038007,-0.0088501,2.5015,4.9783,0
-0.0012207,-0.0019836,-0.0042758,-0.0033569,2.5018,4.9789,0
0.0056458,0.011902,-0.0038007,-0.0030518,2.5003,4.9783,-0.00030518
0.0056458,0.024719,-0.0028506,-0.0054932,2.5003,4.9796,0.00030518
0.0045776,0.028534,-0.0047509,-0.0010681,2.5018,4.9792,0
0.0083923,0.026245,-0.0042758,0.0079346,2.5018,4.9789,0.00030518
0.010986,0.014038,-0.0042758,0.013885,2.5018,4.9789,-0.00061035
0.010376,0.0019836,-0.0042758,0.014954,2.5015,4.9777,0
0.012512,0.0042725,-0.005226,0.0177,2.5021,4.9786,0.00030518
0.002594,0.0064087,-0.0047509,0.015869,2.5006,4.9792,-0.00030518
-0.0057983,-0.0056458,-0.0028506,0.01236,2.5021,4.9792,0
-0.0064087,-0.019531,-0.005226,0.01358,2.5018,4.9789,0
0.00030518,-0.026245,-0.0033257,0.016327,2.5015,4.9796,0
0.0056458,-0.019684,-0.0038007,0.020142,2.5012,4.9799,-0.00030518
0.007019,-0.0036621,-0.005226,0.022888,2.5006,4.9792,0.00091553
0.004425,0.0094604,-0.0042758,0.021057,2.5006,4.9792,-0.00030518
0.0013733,0.01297,-0.0047509,0.015869,2.5009,4.9799,0.00030518
-0.013428,0.009613,-0.0047509,0.012207,2.5006,4.9792,0.00061035
-0.01358,0.0056458,-0.005701,0.014801,2.5015,4.9799,0
-0.0080872,0.0032043,-0.0047509,0.0177,2.5015,4.9789,0
-0.014191,-0.0018311,-0.0042758,0.019531,2.5003,4.978,0
-0.021362,-0.0074768,-0.005226,0.020905,2.5018,4.978,0.00030518
-0.029144,-0.0073242,-0.005226,0.020294,2.5003,4.9786,0.00030518
-0.025787,-0.0032043,-0.0042758,0.0074768,2.5018,4.9777,-0.00061035
-0.018158,-0.0015259,-0.0047509,-0.0035095,2.5009,4.9768,0
-0.0097656,0.0018311,-0.0042758,-0.0093079,2.5018,4.9786,-0.00030518
-0.0056458,0.0053406,-0.0042758,-0.013428,2.5012,4.9774,-0.00030518
-0.0080872,0.0064087,-0.0042758,-0.01236,2.5012,4.9765,-0.00061035
0.0010681,0.010681,-0.0042758,-0.0059509,2.4997,4.9768,-0.00061035
0.0013733,0.014343,-0.0038007,0.0022888,2.5021,4.9777,-0.00030518
-0.0085449,0.016327,-0.0047509,0.0057983,2.5012,4.9774,0
-0.018158,0.014801,-0.0047509,0.0056458,2.5015,4.9774,0
-0.019684,0.012054,-0.0042758,0.0067139,2.5012,4.9774,-0.00091553
-0.019379,0.010834,-0.0042758,0.0068665,2.5012,4.9777,0.00061035
-0.019379,0.0085449,-0.0042758,0.00030518,2.5012,4.9796,0.00030518
-0.0094604,0.007019,-0.0047509,-0.010986,2.5012,4.9783,0
0.0016785,-0.0010681,-0.0038007,-0.02121,2.5015,4.9796,-0.00030518
0.0042725,-0.01358,-0.0047509,-0.025635,2.5015,4.9789,0.00030518
0.011749,-0.02243,-0.0047509,-0.024414,2.5024,4.9792,0.00061035
0.0073242,-0.020142,-0.0033257,-0.017853,2.5009,4.9789,-0.00030518
-0.0065613,-0.015411,-0.0047509,-0.0093079,2.5018,4.9783,0.00030518
-0.015564,-0.014648,-0.0047509,0.00015259,2.5009,4.9786,0.0012207
-0.013428,-0.009613,-0.005226,0.0068665,2.5015,4.9783,0
-0.0097656,-0.0036621,-0.0047509,0.0083923,2.5012,4.9796,-0.00061035
-0.005188,0.00030518,-0.0047509,0.0085449,2.5021,4.9786,0.00061035
0.00076294,0.0053406,-0.0033257,0.0062561,2.5018,4.9792,0.00061035
0.0062561,0.0083923,-0.005226,0.0057983,2.5012,4.9786,0.00030518
0.010834,0.0036621,-0.0042758,0.010071,2.5006,4.9783,0.00030518
0.01709,0.00061035,-0.0047509,0.016174,2.5018,4.9783,0
0.0093079,0.0016785,-0.0042758,0.016022,2.5012,4.9783,0.00061035
-0.0038147,-0.0030518,-0.0042758,0.011292,2.5021,4.9792,-0.00030518
-0.0083923,-0.0053406,-0.0047509,0.0099182,2.5009,4.9789,-0.00030518
-0.0076294,0.0073242,-0.005226,0.013123,2.5015,4.9792,0.00061035
-0.023651,0.022736,-0.0047509,0.023499,2.5006,4.9805,0
-0.059814,0.020599,-0.0047509,0.026398,2.5018,4.9789,0
-0.047913,0.0048828,-0.0047509,0.021667,2.5009,4.9792,0
-0.0030518,-0.0061035,-0.0042758,0.016022,2.5021,4.9792,0.00030518
-0.0045776,-0.010986,-0.0038007,0.011597,2.5012,4.9786,-0.00030518
-0.0062561,-0.011292,-0.0047509,0.005188,2.5009,4.9786,0.00030518
-0.011597,-0.0064087,-0.005226,-0.0057983,2.5018,4.9792,0.00030518
-0.011444,-0.0035095,-0.0047509,-0.010376,2.5012,4.9789,0
-0.0067139,-0.0016785,-0.005226,-0.0012207,2.5015,4.9786,0.00061035
-0.005188,0.00045776,-0.005226,0.010376,2.5024,4.9786,0.00030518
-0.011292,0.0015259,-0.005226,0.0097656,2.5024,4.9783,-0.00030518
-0.0065613,-0.00076294,-0.005226,0.00030518,2.5009,4.9792,0.00030518
-0.002594,-0.0022888,-0.0047509,-0.0039673,2.5015,4.9796,-0.00030518
-0.0059509,-0.0015259,-0.0042758,-0.0033569,2.5012,4.9792,0
-0.007782,-0.0036621,-0.0047509,-0.0022888,2.5006,4.9783,0.00091553
-0.00030518,-0.0021362,-0.0047509,-0.0038147,2.5018,4.9783,0.00030518
0.0013733,0.0027466,-0.0047509,-0.0045776,2.5015,4.978,0.00030518
0.0038147,0.0032043,-0.0047509,-0.0033569,2.5015,4.9783,0.00030518
0.012512,-0.00030518,-0.0033257,-0.010223,2.5009,4.9789,-0.00030518
0.019379,-0.00091553,-0.005226,-0.016022,2.5015,4.9786,-0.00061035
0.012207,0.0027466,-0.0047509,-0.012207,2.5012,4.9786,0.00030518
0.0085449,0.0097656,-0.005226,-0.0083923,2.5006,4.9789,0.00030518
0.007782,0.0093079,-0.0047509,-0.0065613,2.5015,4.9789,0
0.0080872,0.0045776,-0.0042758,-0.0024414,2.5018,4.9777,0.00061035
0.0048828,0.0064087,-0.0042758,-0.00076294,2.5012,4.9786,0.00061035
0.0083923,0.0099182,-0.0042758,-0.0045776,2.5015,4.9799,0
0.0019836,0.010986,-0.0047509,-0.0050354,2.5012,4.978,0.00061035
-0.00076294,0.011292,-0.0047509,0.004425,2.5006,4.9786,0.00030518
0.0018311,0.010376,-0.0042758,0.011749,2.5018,4.9789,0
0.0067139,0.0082397,-0.0028506,0.0061035,2.5012,4.9792,0
0.020142,0.0068665,-0.0042758,-0.0012207,2.5015,4.9792,-0.00030518
0.022583,0.0042725,-0.0042758,-0.0024414,2.5012,4.9783,0
0.020752,-0.0018311,-0.0042758,-0.00076294,2.5009,4.9777,0.00030518
0.018921,-0.0021362,-0.005226,0.0030518,2.5006,4.9783,-0.00061035
0.016632,-0.0010681,-0.0047509,0.0050354,2.5018,4.978,-0.00030518
0.024567,-0.0061035,-0.005226,0.0038147,2.5015,4.978,0.00030518
0.017395,-0.010529,-0.0042758,0.0067139,2.5018,4.9792,-0.00061035
0.0030518,-0.0030518,-0.0042758,0.013123,2.5003,4.9792,0
-0.0065613,0.0053406,-0.0047509,0.014954,2.5006,4.9796,0
-0.0067139,0.0035095,-0.005226,0.010529,2.5003,4.9799,-0.00061035
-0.00061035,-0.0076294,-0.0038007,0.01236,2.5018,4.9786,-0.00030518
0.0018311,-0.01358,-0.0047509,0.020905,2.5015,4.9792,0.00030518
0.0018311,-0.015259,-0.0038007,0.026093,2.5018,4.9792,0.00061035
0.0030518,-0.013885,-0.0038007,0.020294,2.5018,4.9786,-0.00061035
0.0030518,-0.011902,-0.0042758,0.015106,2.5012,4.9796,0
0.0050354,-0.010834,-0.0047509,0.017395,2.5015,4.9792,0.00061035
-0.0022888,-0.011902,-0.0047509,0.020142,2.5006,4.978,0.00061035
-0.0057983,-0.011292,-0.005226,0.020447,2.5024,4.9783,-0.00030518
-0.0045776,-0.005188,-0.0042758,0.015564,2.5018,4.9777,0.00091553
0.00030518,-0.00045776,-0.0047509,0.0094604,2.5009,4.978,0.00061035
-0.00030518,0.0030518,-0.0047509,0.0076294,2.5012,4.978,0
-0.0035095,0.0053406,-0.005226,0.0085449,2.5015,4.9786,0
-0.0065613,0.0076294,-0.0042758,0.0086975,2.5009,4.9786,-0.00061035
-0.0030518,0.0090027,-0.0042758,0.0097656,2.5021,4.9777,-0.00061035
-0.0015259,0.0088501,-0.0047509,0.013733,2.5012,4.9771,0
0.0050354,0.0091553,-0.0047509,0.019684,2.5018,4.978,-0.00030518
0.0010681,0.0053406,-0.0042758,0.023193,2.5018,4.9777,0.00030518
-0.0056458,-0.0027466,-0.005226,0.019073,2.5015,4.9777,0.00030518
-0.0056458,-0.0067139,-0.0047509,0.015259,2.5015,4.978,0.00030518
0.00061035,-0.0053406,-0.0047509,0.01297,2.5024,4.978,0.00030518
0.0073242,-0.0010681,-0.0038007,0.012665,2.5,4.978,-0.00061035
0.0076294,-0.0013733,-0.0042758,0.015564,2.5024,4.9783,0.00030518
0.0022888,0.0013733,-0.0047509,0.018616,2.5006,4.9792,-0.00030518
-0.0024414,0.0064087,-0.0042758,0.020142,2.5015,4.9783,0
-0.007019,0.0085449,-0.0038007,0.019531,2.5012,4.9783,-0.00061035
-0.0016785,0.007782,-0.0047509,0.017395,2.5015,4.9789,0.00030518
-0.00030518,0.0083923,-0.0047509,0.01709,2.5015,4.9789,-0.00061035
-0.00061035,0.0064087,-0.0042758,0.016632,2.5015,4.9789,0.00030518
-0.0036621,0.00061035,-0.005701,0.016632,2.5006,4.9786,-0.00061035
0.0019836,0.00015259,-0.0038007,0.015717,2.5009,4.9789,0.00030518
0.0053406,0.0024414,-0.0042758,0.012054,2.5003,4.9786,0
0.010376,0.0039673,-0.0042758,0.013275,2.5006,4.9792,0
0.019531,0.0059509,-0.0042758,0.014038,2.5015,4.9786,0.00030518
0.016174,0.0062561,-0.0042758,0.014191,2.5018,4.9786,0
-0.0028992,0.0027466,-0.0019004,0.015259,2.5006,4.978,0
-0.0064087,-0.0027466,-0.005226,0.019226,2.5012,4.9792,-0.00030518
-0.0074768,-0.0048828,-0.0047509,0.020447,2.5006,4.9796,0
-0.0085449,-0.0028992,-0.0047509,0.015259,2.5021,4.9789,-0.00030518
-0.0073242,-0.0028992,-0.0042758,0.0086975,2.5009,4.9796,-0.00030518
-0.0062561,-0.00030518,-0.0042758,0.0016785,2.5018,4.9796,0.00030518
-0.010834,0.0038147,-0.0042758,-0.0033569,2.5012,4.9789,0.00061035
-0.014191,0.0059509,-0.0042758,-0.0028992,2.5015,4.9783,0.00030518
-0.010681,0.0053406,-0.005701,-0.0024414,2.5009,4.9799,0.00030518
-0.0048828,0.0061035,-0.0042758,-0.0041199,2.5015,4.9805,0.0015259
-0.0032043,0.005188,-0.0042758,-0.0048828,2.5015,4.9789,0.00030518
0.0094604,0.00030518,-0.005226,-0.0041199,2.5021,4.9792,0.00061035
0.0097656,-0.0035095,-0.0047509,-0.0061035,2.5021,4.9796,0.00061035
0.010529,-0.007782,-0.0047509,-0.011597,2.5015,4.9789,-0.00030518
0.012817,-0.010071,-0.0042758,-0.0090027,2.5018,4.9786,-0.00061035
0.0083923,-0.0090027,-0.0047509,0.0033569,2.5006,4.9805,0.00030518
0.0015259,-0.0042725,-0.0042758,0.0090027,2.5009,4.9796,0
0.00076294,0.0013733,-0.0038007,0.0099182,2.5015,4.9789,0.00030518
-0.0028992,0.0048828,-0.005226,0.011292,2.5015,4.9789,0
-0.0082397,0.0038147,-0.0042758,0.01358,2.5012,4.9792,0.00061035
-0.015717,0.0036621,-0.0033257,0.015717,2.5009,4.978,0
-0.0065613,0.0067139,-0.0042758,0.018158,2.5009,4.9783,0.00030518
-0.0032043,0.010071,-0.0047509,0.019531,2.5018,4.9783,0
-0.0064087,0.012512,-0.0047509,0.020447,2.5015,4.978,-0.00030518
-0.0086975,0.010681,-0.005226,0.016174,2.5012,4.9792,0.00030518
-0.0032043,0.0073242,-0.0042758,0.0082397,2.5015,4.978,0.00061035
-0.00045776,0.0047302,-0.0042758,0.0047302,2.5009,4.9786,0.00030518
-0.0083923,0.0054932,-0.0042758,0.0068665,2.5006,4.9792,0.00030518
-0.015564,0.0038147,-0.0042758,0.014954,2.5021,4.9786,0.00061035
-0.020599,-0.0042725,-0.0047509,0.016785,2.5015,4.9786,0.00030518
-0.020294,-0.011749,-0.0047509,0.010071,2.5012,4.9789,-0.00030518
-0.0071716,-0.014954,-0.0038007,0.0061035,2.5018,4.9792,0
-0.0027466,-0.0073242,-0.0042758,0.007019,2.5009,4.9792,0.00061035
-0.0059509,0.0030518,-0.005226,0.009613,2.5021,4.9783,-0.00030518
-0.012054,0.0090027,-0.0042758,0.0091553,2.5009,4.9786,0.00030518
-0.014496,0.01297,-0.0038007,0.0065613,2.5018,4.9792,0.00030518
-0.015259,0.01236,-0.0042758,0.0015259,2.5009,4.9796,0.00030518
-0.011292,0.0064087,-0.005226,-0.0022888,2.5015,4.9786,0.00030518
-0.0053406,-0.0038147,-0.0042758,-0.0045776,2.5015,4.9789,0.00061035
-0.002594,-0.0074768,-0.005226,-0.0047302,2.5018,4.9786,0
-0.0056458,-0.0085449,-0.0038007,-0.0028992,2.5006,4.978,0
-0.0033569,-0.0054932,-0.0042758,-0.00015259,2.5021,4.9786,0
-0.0073242,0.00061035,-0.0042758,0,2.5018,4.9789,0
-0.009613,0.0036621,-0.0047509,-0.00045776,2.5018,4.9786,0.00030518
-0.0065613,0.0053406,-0.0028506,-0.0010681,2.5015,4.9786,0.00030518
-0.0054932,0.0091553,-0.0061761,-0.0024414,2.5018,4.9796,0
-0.0071716,0.012512,-0.005226,-0.0038147,2.5009,4.9796,0.00030518
-0.0061035,0.013733,-0.0033257,-0.0018311,2.5018,4.9786,0
-0.007019,0.015411,-0.0042758,0.0013733,2.5009,4.9799,0
-0.010223,0.013733,-0.005226,0.0042725,2.5015,4.9786,0
-0.016174,0.0053406,-0.0042758,0.0042725,2.5012,4.9789,0.00061035
-0.011597,0.0019836,-0.0038007,0.0027466,2.5003,4.9796,-0.00030518
-0.011444,0.0030518,-0.0042758,0.0021362,2.5006,4.9783,0.00030518
-0.011444,0.0036621,-0.005226,0.0042725,2.5015,4.978,0.00061035
-0.010071,-0.00015259,-0.0047509,0.0053406,2.5012,4.9771,0.00030518
-0.0074768,-0.0064087,-0.005226,0.0042725,2.5018,4.9774,-0.00061035
0.0024414,-0.0080872,-0.0038007,-0.0015259,2.5006,4.9777,-0.00030518
0.011749,-0.0067139,-0.0047509,-0.0074768,2.5015,4.9777,0
0.009613,-0.0030518,-0.0047509,-0.0094604,2.5006,4.9786,-0.00030518
0.0045776,-0.0048828,-0.0042758,-0.009613,2.5012,4.9783,0
-0.00015259,-0.018768,-0.0042758,-0.015411,2.5018,4.9768,0
0.013275,-0.022278,-0.0038007,-0.017853,2.5009,4.9777,0.00030518
0.022583,-0.013428,-0.0042758,-0.014038,2.5018,4.9774,0
0.018311,-0.0045776,-0.0042758,-0.0080872,2.5018,4.9768,-0.00091553
0.0097656,-0.0027466,-0.0042758,-0.007019,2.5006,4.9777,-0.00061035
0.0076294,-0.0053406,-0.0047509,-0.010223,2.5015,4.9777,0.00030518
0.0073242,-0.0073242,-0.0047509,-0.010529,2.5006,4.978,-0.00061035
0.0083923,-0.012054,-0.0042758,-0.0088501,2.5006,4.9783,0.00030518
0.011749,-0.017395,-0.0047509,-0.0080872,2.5012,4.9783,-0.00061035
0.0079346,-0.018311,-0.0047509,-0.0073242,2.5012,4.9789,0
0.0035095,-0.011749,-0.0033257,-0.0042725,2.5021,4.9786,-0.00030518
0.010529,-0.0059509,-0.0042758,-0.0021362,2.5015,4.9783,0.00030518
0.0074768,-0.0059509,-0.0047509,-0.0024414,2.5012,4.9796,-0.00030518
0.0035095,-0.0074768,-0.005226,-0.0016785,2.5012,4.9792,0
0.00061035,-0.005188,-0.0047509,0.0053406,2.5027,4.9792,0
-0.0015259,0.00045776,-0.0042758,0.014801,2.5015,4.9792,0
-0.0036621,0.0033569,-0.0042758,0.0177,2.5021,4.9786,-0.00091553
-0.002594,0.0030518,-0.005226,0.01709,2.5003,4.9783,0.00030518
-0.0033569,0.004425,-0.0047509,0.014648,2.5006,4.9783,0
-0.0088501,0.0074768,-0.0047509,0.011139,2.5015,4.9783,0
-0.0090027,0.011749,-0.0038007,0.011902,2.5015,4.9777,0.00030518
0.0013733,0.014648,-0.0042758,0.014954,2.5018,4.9786,-0.00030518
-0.0030518,0.01358,-0.005226,0.018005,2.5012,4.9799,-0.00030518
-0.0053406,0.012207,-0.0038007,0.018158,2.5015,4.9786,-0.00091553
-0.0012207,0.01297,-0.0047509,0.015717,2.5009,4.9789,-0.0012207
0.0038147,0.0097656,-0.0038007,0.013885,2.5021,4.9792,-0.00030518
-0.0028992,0.0032043,-0.0042758,0.010681,2.5012,4.9792,0.00030518
-0.010834,0.00030518,-0.0047509,0.0068665,2.5006,4.9789,0
-0.012207,-0.0030518,-0.0042758,0.0021362,2.5024,4.9786,-0.00030518
-0.01297,-0.010529,-0.0038007,0.0019836,2.5,4.9802,0.00030518
-0.014648,-0.014038,-0.0038007,0.0028992,2.5006,4.9802,0
-0.0056458,-0.0085449,-0.0042758,0.00091553,2.5018,4.9786,0.00030518
-0.0018311,-0.004425,-0.0042758,-0.00030518,2.5012,4.9799,0.00061035
-0.0015259,-0.0045776,-0.0047509,-0.0013733,2.5018,4.9796,-0.00030518
-0.0073242,-0.0065613,-0.005701,0.0016785,2.5018,4.9792,0
-0.010986,-0.0091553,-0.0047509,0.005188,2.4997,4.9799,0
-0.0065613,-0.0061035,-0.0028506,0.00061035,2.5009,4.9796,0.00030518
-0.0094604,0,-0.0042758,-0.0050354,2.5009,4.9789,-0.00030518
-0.018005,0.0045776,-0.0028506,0.00061035,2.5012,4.9789,0.00091553
-0.024567,0.0064087,-0.0038007,0.010986,2.5012,4.9786,0
-0.028687,0.0068665,-0.0042758,0.013275,2.5021,4.9777,0.00030518
-0.012665,0.0068665,-0.0047509,0.010529,2.5012,4.9789,0.00030518
-0.0019836,0.0065613,-0.0042758,0.0086975,2.5015,4.978,0
-0.0032043,0.0079346,-0.0042758,0.011139,2.5006,4.9792,0.00030518
-0.0064087,0.0090027,-0.0047509,0.015106,2.5018,4.9789,0.00061035
-0.0041199,0.0067139,-0.0042758,0.018768,2.5018,4.9792,0
-0.0033569,0.0019836,-0.0038007,0.019836,2.5024,4.9786,0.00061035
-0.0065613,0,-0.0047509,0.014801,2.5012,4.9789,0.00030518
-0.0030518,0.00091553,-0.0042758,0.0054932,2.5003,4.9789,0.00030518
0.0024414,0.0013733,-0.0042758,-0.0030518,2.5018,4.9786,0.00061035
0.0065613,0.0015259,-0.0042758,-0.0080872,2.5009,4.9789,0.00030518
0.018463,0.0019836,-0.0038007,-0.0083923,2.5015,4.9789,0
0.015106,0.0016785,-0.0038007,-0.0012207,2.5012,4.9786,0
0.0065613,0.0032043,-0.0042758,0.0050354,2.5021,4.9789,0
-0.0021362,0.0053406,-0.005226,0.010834,2.5009,4.9792,0.00030518
-0.007019,0.005188,-0.0047509,0.016632,2.5009,4.9786,-0.00061035
-0.0061035,0.0057983,-0.0042758,0.018158,2.5006,4.9789,-0.00061035
-0.0048828,0.005188,-0.0042758,0.010681,2.5015,4.9783,0.00030518
-0.0042725,0.0059509,-0.0038007,0.0068665,2.5009,4.9792,-0.00061035
-0.0035095,0.0050354,-0.0042758,0.0085449,2.5012,4.9792,0
-0.0048828,0.0056458,-0.0042758,0.012817,2.5015,4.9777,0.00030518
-0.0032043,0.0048828,-0.0047509,0.015869,2.5015,4.9783,0.00030518
-0.0071716,0.0045776,-0.0047509,0.018616,2.5,4.9789,-0.00030518
-0.0073242,0.0041199,-0.0047509,0.021973,2.5021,4.9789,0
0.0085449,0.0056458,-0.0042758,0.020142,2.5012,4.9792,0.00030518
0.020447,0.0050354,-0.0042758,0.013733,2.5018,4.9792,0
0.01297,0.0019836,-0.0047509,0.012665,2.5009,4.9789,-0.00030518
0.00015259,-0.00030518,-0.0038007,0.01709,2.5012,4.9799,-0.00030518
-0.0067139,-0.0068665,-0.0042758,0.018921,2.5009,4.9786,0
-0.0061035,-0.013275,-0.0047509,0.019836,2.5012,4.9799,0
-0.0045776,-0.0097656,-0.0038007,0.015717,2.5015,4.9789,-0.00030518
0.0024414,0,-0.0038007,0.011749,2.5012,4.9792,0
0.0010681,0.0061035,-0.005226,0.011749,2.5024,4.9783,-0.00061035
-0.0035095,0.0074768,-0.0038007,0.012512,2.5009,4.9777,0.00030518
-0.0067139,0.0061035,-0.0047509,0.0088501,2.5027,4.9774,0
-0.00091553,0.004425,-0.0042758,0.00076294,2.5009,4.9777,0
0.0074768,0.0082397,-0.005226,-0.0027466,2.5015,4.9786,0
0.005188,0.012207,-0.0042758,0.0013733,2.5012,4.9777,0
0.0024414,0.0041199,-0.0042758,0.0028992,2.5015,4.9786,0
-0.0042725,-0.0076294,-0.0038007,0.0010681,2.5003,4.978,-0.00061035
-0.011597,-0.013885,-0.0042758,-0.00030518,2.5021,4.9768,-0.0012207
-0.0013733,-0.018158,-0.0047509,-0.0016785,2.5,4.9777,0.00030518
0.004425,-0.021057,-0.005701,-0.007019,2.5012,4.978,-0.00091553
0.0091553,-0.022583,-0.0033257,-0.014343,2.5009,4.9768,0.00030518
0.02121,-0.019531,-0.0047509,-0.018311,2.5018,4.9777,-0.00091553
0.025635,-0.010071,-0.0047509,-0.018005,2.5,4.978,0.00030518
0.025787,0.00061035,-0.0047509,-0.016022,2.5015,4.978,0
0.029907,0.0067139,-0.005226,-0.015106,2.5009,4.9796,0.00030518
0.027771,0.0088501,-0.0042758,-0.012207,2.5021,4.978,0
0.020447,0.0065613,-0.0042758,-0.009613,2.5003,4.9786,0.00030518
0.0080872,0.004425,-0.0042758,-0.0036621,2.5018,4.9789,-0.00061035
0.002594,0.0028992,-0.0047509,0.0057983,2.5015,4.9786,0.00061035
-0.0093079,0.00091553,-0.0047509,0.012665,2.5003,4.9796,0
-0.017853,0.0035095,-0.0042758,0.010834,2.5012,4.9792,0
-0.022278,0.0071716,-0.0038007,0.0082397,2.5009,4.9796,0.00030518
-0.02121,0.010071,-0.0047509,0.0083923,2.5018,4.9783,0
-0.013733,0.011597,-0.0047509,0.0085449,2.5006,4.9786,-0.00030518
-0.0050354,0.011444,-0.0047509,0.0062561,2.5018,4.9786,0.00030518
-0.0019836,0.015717,-0.0061761,-0.00061035,2.5012,4.9792,-0.00030518
-0.0061035,0.019684,-0.0047509,0.00076294,2.5018,4.9789,0
-0.011749,0.022583,-0.0042758,0.0036621,2.5012,4.9777,0
-0.0079346,0.018158,-0.005701,0.0071716,2.5015,4.9786,0.00030518
-0.010376,0.012512,-0.0047509,0.0062561,2.5015,4.9789,-0.00030518
-0.007019,0.0067139,-0.0042758,0.0021362,2.5009,4.9792,0
0.002594,0.0057983,-0.0042758,0.0021362,2.5015,4.9786,-0.00030518
0.0059509,0.005188,-0.0042758,0.0053406,2.5,4.9792,0.00030518
0.0019836,0.0028992,-0.0047509,0.0086975,2.5009,4.9802,0.00030518
-0.0032043,0.0032043,-0.0042758,0.011902,2.5009,4.9783,0
-0.0048828,0.0027466,-0.0042758,0.010834,2.5009,4.9796,-0.00030518
0,-0.00076294,-0.0042758,0.0038147,2.5,4.9786,0
0.0042725,-0.0027466,-0.0042758,-0.0054932,2.5018,4.9786,0
0.015259,-0.0041199,-0.0042758,-0.013428,2.5009,4.9786,0.00091553
0.017395,-0.0024414,-0.0047509,-0.014191,2.5018,4.9792,-0.00061035
0.0099182,-0.0022888,-0.0047509,-0.007782,2.5015,4.9796,0.00061035
0.0088501,-0.0016785,-0.0042758,-0.0018311,2.5012,4.9792,-0.00030518
0.014191,0.00045776,-0.0038007,-0.0016785,2.5018,4.9789,0
0.023193,0.0012207,-0.005226,-0.00045776,2.5015,4.9786,0.00061035
0.015259,0.0016785,-0.005226,0.0028992,2.5018,4.9789,0.00030518
0.0041199,-0.0021362,-0.0042758,0.0054932,2.5012,4.9783,-0.00061035
0.0067139,-0.0045776,-0.005226,0.0038147,2.5012,4.9796,0.00030518
0.015106,-0.0041199,-0.0038007,-0.00091553,2.5012,4.9786,-0.00061035
0.023956,-0.0030518,-0.0042758,-0.0057983,2.5021,4.9786,0
0.018921,-0.0056458,-0.0047509,-0.0054932,2.5021,4.9786,-0.00030518
0.012207,-0.0064087,-0.0047509,-0.0050354,2.5018,4.9792,0.00061035
0.011444,-0.0061035,-0.005226,-0.0016785,2.5009,4.9786,0
0.011749,-0.0042725,-0.0042758,0.0013733,2.5015,4.9789,-0.00030518
0.014954,-0.00076294,-0.005226,0.0047302,2.5018,4.9783,0
0.024719,-0.0013733,-0.0042758,0.0038147,2.5012,4.9796,0.00030518
0.018921,-0.0053406,-0.0061761,0.00061035,2.5018,4.9783,0
0.007019,-0.011139,-0.0042758,-0.00076294,2.5018,4.978,0.00061035
0.0093079,-0.016022,-0.005226,0.0047302,2.5009,4.9786,0.00030518
0.016022,-0.014038,-0.0047509,0.0090027,2.5015,4.9789,0.00030518
0.010986,-0.013733,-0.0047509,0.009613,2.5018,4.9789,0.00030518
0.011292,-0.013428,-0.005226,0.0090027,2.5018,4.9783,0.00030518
0.013733,-0.0076294,-0.005226,0.0065613,2.5021,4.9799,-0.00030518
0.015411,-0.0068665,-0.0042758,0.0030518,2.5009,4.9783,0.00030518
0.017242,-0.0073242,-0.0061761,-0.0015259,2.5012,4.9786,-0.00030518
0.023499,-0.0012207,-0.0042758,-0.0045776,2.5006,4.9786,0
0.029602,0.0073242,-0.005226,-0.009613,2.5012,4.9786,0.00030518
0.023651,0.011749,-0.0038007,-0.015259,2.5009,4.9792,-0.00091553
0.014343,0.011292,-0.0047509,-0.015411,2.5021,4.9774,-0.00030518
0.017395,0.0097656,-0.0042758,-0.0042725,2.5009,4.9786,0
0.018158,0.0038147,-0.0047509,0.0079346,2.5015,4.9783,-0.00030518
0.028839,-0.0074768,-0.005226,0.010986,2.5009,4.9789,0.00061035
0.01297,-0.0083923,-0.0042758,0.011444,2.5018,4.9786,0.00061035
-0.0022888,-0.0015259,-0.0033257,0.018311,2.5009,4.9796,0.00030518
-0.0024414,0.0028992,-0.0047509,0.021057,2.5024,4.9796,-0.00030518
-0.0022888,0.0028992,-0.005226,0.016632,2.5018,4.9789,0.00061035
-0.0032043,0.0045776,-0.0047509,0.011292,2.5018,4.9799,-0.00030518
-0.0038147,0.014496,-0.0038007,0.0099182,2.5015,4.9792,0
-0.0056458,0.023804,-0.0042758,0.011597,2.5006,4.9786,0.00030518
0.0016785,0.026855,-0.0047509,0.014343,2.5003,4.9786,0.00030518
0.0059509,0.02655,-0.0038007,0.010529,2.5012,4.978,0.00061035
0.0056458,0.025482,-0.0042758,0.0062561,2.5015,4.978,-0.00091553
-0.0030518,0.021057,-0.0042758,0.0035095,2.5018,4.9783,0.00030518
-0.0082397,0.020599,-0.0047509,0.0015259,2.5006,4.9786,-0.00030518
-0.009613,0.019684,-0.005226,0.0021362,2.5009,4.978,-0.00030518
-0.010223,0.011139,-0.0047509,0.0088501,2.5,4.978,0
-0.012665,0.00045776,-0.0047509,0.016174,2.5015,4.9786,-0.00061035
-0.01297,-0.0059509,-0.0042758,0.018005,2.5012,4.9783,0.00030518
-0.01297,-0.010529,-0.0028506,0.016937,2.5018,4.9765,-0.00061035
-0.0032043,-0.019073,-0.005226,0.014038,2.5012,4.9774,-0.00030518
-0.0093079,-0.023956,-0.0047509,0.012512,2.5021,4.9768,0.00061035
-0.019684,-0.02243,-0.0042758,0.0076294,2.5015,4.9777,0
-0.02243,-0.019379,-0.0038007,0.0067139,2.5009,4.9783,-0.00030518
-0.023956,-0.015411,-0.0033257,0.013428,2.5024,4.9786,0.00030518
-0.025482,-0.0091553,-0.0038007,0.017853,2.5021,4.9786,-0.00030518
-0.024414,-0.004425,-0.0042758,0.01297,2.5012,4.9783,0.00030518
-0.029144,-0.0045776,-0.005226,0.0057983,2.5009,4.9796,-0.00030518
-0.0354,-0.0038147,-0.0042758,0.0050354,2.5006,4.978,0
-0.0354,-0.0027466,-0.0042758,0.0074768,2.5012,4.9783,0.00030518
-0.02182,-0.0019836,-0.0042758,0.0064087,2.5012,4.9783,0.00030518
-0.0093079,-0.0024414,-0.0047509,0.0033569,2.5018,4.9786,0.00030518
-0.007019,-0.0054932,-0.0042758,0.0022888,2.5015,4.9783,0.00030518
-0.0090027,-0.0047302,-0.0047509,0.0030518,2.5006,4.9783,0.00030518
-0.011292,-0.0036621,-0.0042758,0.0080872,2.5015,4.9792,0
-0.01358,-0.0061035,-0.005226,0.015869,2.5003,4.9792,0
-0.014496,-0.010071,-0.0033257,0.019684,2.5012,4.9796,0
-0.015564,-0.010986,-0.005226,0.019379,2.5009,4.9792,-0.00030518
-0.014343,-0.0039673,-0.0042758,0.016632,2.5012,4.9792,0
-0.015106,0.0059509,-0.0047509,0.0091553,2.5,4.9783,0.00030518
-0.0067139,0.010223,-0.005226,0.0050354,2.5012,4.9789,0.00091553
-0.010834,0.015411,-0.005226,0.0064087,2.5,4.9789,0
-0.012207,0.018158,-0.0042758,0.004425,2.5015,4.9783,0
-0.0032043,0.010681,-0.0047509,-0.00015259,2.5,4.9786,0.00030518
0.0099182,0.0054932,-0.0047509,-0.0019836,2.5009,4.9789,0.00091553
0.014038,0.007019,-0.0047509,-0.00076294,2.5012,4.9786,-0.00030518
0.00030518,0.010071,-0.0047509,0.0030518,2.5009,4.9796,0.00030518
-0.007782,0.010071,-0.0047509,0.0057983,2.5021,4.9786,0.00030518
-0.011139,0.0080872,-0.0047509,0.0093079,2.5021,4.9786,0
-0.018311,0.0068665,-0.0038007,0.015717,2.5009,4.9792,0
-0.016632,0.0038147,-0.0047509,0.015411,2.5021,4.9789,0.00061035
-0.02121,-0.0042725,-0.0047509,0.010834,2.5015,4.9786,-0.00061035
-0.023193,-0.014801,-0.0042758,0.012207,2.5009,4.9789,-0.00061035
-0.020752,-0.016327,-0.0042758,0.011749,2.5009,4.9786,0
-0.020142,-0.010376,-0.0042758,0.010071,2.5003,4.9789,0.00061035
-0.022278,-0.0068665,-0.0038007,0.0082397,2.5021,4.9789,0.00030518
-0.016937,-0.004425,-0.0042758,0.010681,2.5009,4.9789,-0.00030518
-0.0022888,-0.007019,-0.0038007,0.01236,2.5024,4.9799,-0.00030518
-0.0064087,-0.010986,-0.0047509,0.010223,2.5012,4.9792,0.00030518
-0.018158,-0.0086975,-0.0047509,0.0065613,2.5015,4.9783,0
-0.013275,-0.0048828,-0.0047509,0.0061035,2.5006,4.9786,-0.00030518
-0.0074768,-0.0019836,-0.005226,0.0064087,2.5012,4.9786,0
-0.0022888,-0.0022888,-0.0038007,0.0071716,2.5015,4.9786,-0.00030518
-0.0024414,-0.00030518,-0.005226,0.010223,2.5012,4.9786,0.00091553
-0.0042725,0.0038147,-0.0042758,0.010223,2.5015,4.9796,0
0.0012207,0.0061035,-0.0047509,0.0035095,2.5009,4.9789,0.00030518
0.0080872,0.0065613,-0.0033257,-0.0032043,2.5006,4.9789,0.00061035
0.0054932,0.0053406,-0.005226,-0.00015259,2.5012,4.9786,0.00030518
-0.0022888,0.0047302,-0.005226,0.011139,2.5009,4.9786,0
-0.0059509,0.0056458,-0.0042758,0.016327,2.5024,4.9786,0.00030518
0.0093079,0.0062561,-0.005226,0.014648,2.5018,4.978,-0.00091553
0.014801,0.0061035,-0.0038007,0.011444,2.5003,4.9783,-0.00030518
0.010834,0.0028992,-0.0047509,0.010986,2.5018,4.9786,0.00030518
0.0097656,-0.0024414,-0.0042758,0.0090027,2.5009,4.9786,-0.00030518
0.0086975,-0.0067139,-0.0047509,0.0056458,2.5021,4.978,0.00030518
0.0042725,-0.0088501,-0.0042758,0.0041199,2.5021,4.9796,0.00030518
-0.00076294,-0.010376,-0.0042758,0.010681,2.5018,4.9786,0.00061035
-0.0022888,-0.0076294,-0.0042758,0.021515,2.5015,4.9789,-0.00030518
-0.0036621,-0.0048828,-0.0061761,0.026398,2.5009,4.9789,0
-0.00015259,-0.0035095,-0.0047509,0.023956,2.5009,4.9771,0
0.011749,-0.0054932,-0.0047509,0.015869,2.5027,4.9783,0.00030518
0.0074768,-0.0033569,-0.0047509,0.0041199,2.5015,4.9799,-0.00061035
0.0016785,0.002594,-0.0047509,-0.00061035,2.5012,4.9786,-0.00030518
0.0036621,0.0056458,-0.0038007,0.0016785,2.5012,4.9792,0
0.0053406,0.0050354,-0.0047509,0.010376,2.5012,4.9796,0.00030518
0.0027466,0.0045776,-0.0047509,0.023041,2.5018,4.9792,0.00030518
0,-0.0010681,-0.0042758,0.029297,2.5012,4.9792,0
-0.0015259,-0.0071716,-0.0042758,0.03067,2.5009,4.9805,0.00030518
-0.0028992,-0.0057983,-0.0047509,0.027313,2.5012,4.9789,0
0.00091553,-0.0015259,-0.0042758,0.02182,2.5021,4.9792,0.00061035
0.017548,-0.00015259,-0.0047509,0.020447,2.5009,4.9792,0.00030518
0.007019,0.0010681,-0.005226,0.014648,2.5015,4.9783,0.00030518
-0.002594,0.0013733,-0.005226,0.0053406,2.5012,4.9786,0.00061035
-0.0015259,0.0015259,-0.0042758,-0.0022888,2.5012,4.9783,-0.00030518
0.0015259,0.0019836,-0.0042758,-0.0054932,2.5015,4.9765,0
0.002594,0.0042725,-0.0042758,-0.0088501,2.5012,4.9777,-0.00030518
0.0022888,0.0048828,-0.0042758,-0.0093079,2.5006,4.9786,-0.00030518
0.0013733,0.0059509,-0.0047509,-0.0056458,2.5012,4.978,-0.00030518
0.0035095,0.0090027,-0.0042758,-0.0057983,2.5006,4.978,0
0.0067139,0.012665,-0.0047509,-0.007019,2.5003,4.9771,0.00030518
0.021057,0.01236,-0.005226,-0.0080872,2.5021,4.9771,0
0.016785,0.010681,-0.0047509,-0.0082397,2.5012,4.978,0
0.0094604,0.0091553,-0.0042758,-0.0021362,2.5015,4.9777,0
0.00015259,0.007782,-0.0047509,0.0053406,2.5006,4.9777,0.00061035
-0.017853,0.0068665,-0.0047509,0.0082397,2.5,4.9777,-0.00030518
-0.016937,0.0041199,-0.005226,0.0082397,2.5015,4.9786,0
-0.012817,-0.00030518,-0.0042758,0.0082397,2.5015,4.9789,0
-0.016632,-0.0048828,-0.0042758,0.0080872,2.5018,4.9786,-0.00030518
-0.018921,-0.004425,-0.0042758,0.0083923,2.5009,4.9786,-0.00030518
-0.018768,-0.00091553,-0.0047509,0.0083923,2.5015,4.9789,-0.00030518
-0.010071,0.0027466,-0.0042758,0.004425,2.5009,4.978,0.00061035
-0.010071,0.0036621,-0.005701,0.004425,2.5018,4.9799,0
-0.014954,0.004425,-0.0042758,0.0050354,2.5003,4.9783,0.00061035
-0.010376,0.0053406,-0.005226,0.0010681,2.5021,4.9792,0.00091553
-0.0013733,0.0050354,-0.0038007,-0.0033569,2.5012,4.978,0.00030518
0.00061035,0.0016785,-0.0047509,-0.0048828,2.5012,4.9786,0.00030518
-0.0064087,-0.002594,-0.005226,-0.0035095,2.5006,4.9796,0.00030518
-0.012207,-0.0039673,-0.005226,0.00015259,2.5003,4.9799,0
-0.012512,-0.0028992,-0.0042758,0.0016785,2.5018,4.9796,-0.00061035
-0.0093079,-0.007019,-0.005226,0.0032043,2.5024,4.9774,0
0.0016785,-0.013733,-0.005226,0.0024414,2.5012,4.9777,0
-0.0018311,-0.011597,-0.0033257,0.0021362,2.5018,4.9796,0.00030518
-0.0064087,-0.002594,-0.0047509,0.0022888,2.5018,4.9786,-0.00061035
-0.0042725,0.0054932,-0.0047509,0.0036621,2.5012,4.9792,0
-0.0012207,0.0071716,-0.0042758,0.0054932,2.5009,4.9796,0.00030518
-0.0030518,0.005188,-0.0038007,0.01236,2.5006,4.9796,0
-0.0045776,0.0019836,-0.0042758,0.019684,2.5015,4.9796,-0.00030518
-0.012665,-0.00030518,-0.0061761,0.017548,2.5006,4.9789,0.00030518
-0.016479,-0.0057983,-0.005701,0.0047302,2.5015,4.9792,0
-0.0091553,-0.0054932,-0.005226,-0.0061035,2.5006,4.9792,-0.00030518
0.0068665,0.0027466,-0.0047509,-0.010223,2.5015,4.9792,-0.00030518
0.010223,0.0090027,-0.005226,-0.0073242,2.5015,4.9789,0
0.00076294,0.0059509,-0.0061761,-0.0027466,2.5021,4.9796,0
-0.010834,0.0013733,-0.005226,-0.0016785,2.5015,4.9786,-0.00030518
-0.0064087,0.0036621,-0.0047509,-0.0056458,2.5018,4.9796,-0.00030518
0.0015259,0.0086975,-0.005226,-0.007782,2.5015,4.9792,0.00030518
0.0032043,0.013428,-0.0047509,-0.0094604,2.5012,4.9789,0
-0.0039673,0.017395,-0.0047509,-0.010223,2.5012,4.9796,0.00030518
-0.0097656,0.014648,-0.0042758,-0.011139,2.5015,4.9796,-0.00061035
-0.010376,0.0082397,-0.0047509,-0.013123,2.5018,4.9777,0.00030518
-0.0056458,0.0010681,-0.0047509,-0.010681,2.5009,4.9789,0
-0.011139,-0.0064087,-0.0042758,-0.0068665,2.5003,4.9792,0
-0.0074768,-0.010986,-0.0047509,-0.0047302,2.5012,4.9796,0
0.0018311,-0.010071,-0.0042758,-0.0047302,2.5009,4.9783,0
0.0062561,-0.0073242,-0.0047509,-0.0030518,2.5009,4.9783,0
0.0048828,-0.0085449,-0.0038007,-0.00091553,2.5012,4.9783,-0.00061035
0.00015259,-0.010071,-0.005226,0.0016785,2.5018,4.9786,0.00061035
-0.0016785,-0.0090027,-0.0042758,0.0050354,2.5,4.9796,0.00030518
-0.0035095,-0.0080872,-0.0047509,0.0088501,2.5012,4.9789,0
-0.0062561,-0.0039673,-0.0047509,0.01236,2.5015,4.9789,-0.00061035
0.002594,-0.0016785,-0.005226,0.013123,2.5012,4.9792,0.00030518
0.00076294,0.00045776,-0.0028506,0.011597,2.5012,4.9786,0.00030518
-0.0018311,0.0013733,-0.0042758,0.0068665,2.5027,4.9792,0.00030518
-0.0036621,0.0016785,-0.0047509,0.0054932,2.5006,4.9783,0.00091553
-0.0015259,0.0016785,-0.0047509,0.0056458,2.5012,4.978,0.00030518
0.0048828,0.0033569,-0.0042758,0.0042725,2.5009,4.9789,0.00091553
0.0062561,0.013275,-0.0042758,0.0013733,2.5009,4.9792,0.00030518
0.0015259,0.028992,-0.005226,0.0028992,2.5012,4.9789,-0.00030518
-0.0045776,0.033875,-0.0047509,0.010071,2.5009,4.9792,0.00030518
-0.01297,0.028381,-0.0042758,0.014343,2.5009,4.9777,0.00030518
-0.0091553,0.015717,-0.0042758,0.013275,2.5006,4.978,-0.00030518
-0.010834,-0.0047302,-0.0042758,0.011902,2.5006,4.9789,0.00030518
-0.011139,-0.034027,-0.0047509,0.011139,2.5009,4.9786,0.00030518
-0.0041199,-0.048218,-0.0047509,0.0086975,2.5015,4.9796,0
-0.0016785,-0.03891,-0.0042758,0.0082397,2.5009,4.9792,0.00030518
-0.00045776,-0.019531,-0.005226,0.0071716,2.5018,4.9792,-0.00061035
0.00061035,-0.0079346,-0.0047509,0.0048828,2.5009,4.9796,0
0.0021362,-0.00091553,-0.0047509,0.0019836,2.5015,4.9789,0.00030518
0.00091553,0.002594,-0.0047509,-0.0035095,2.5009,4.9792,-0.00030518
-0.005188,0.0080872,-0.0042758,-0.0062561,2.5012,4.9792,0
-0.0038147,0.010834,-0.0047509,-0.0056458,2.5015,4.9789,-0.00030518
-0.0035095,0.0086975,-0.005226,-0.0012207,2.5015,4.9777,0.00061035
-0.0083923,0.0045776,-0.0033257,0.0057983,2.5012,4.9789,0
-0.0074768,0.0024414,-0.0042758,0.0091553,2.5015,4.9777,0
-0.0048828,0.0045776,-0.0047509,0.015106,2.5006,4.9777,0
-0.0068665,0.0090027,-0.0038007,0.018158,2.5018,4.9789,-0.00030518
-0.0039673,0.012207,-0.005226,0.01358,2.5012,4.978,0.00030518
-0.002594,0.017548,-0.0047509,0.0074768,2.5021,4.9789,-0.00030518
-0.0022888,0.020599,-0.005701,0.0047302,2.5006,4.9783,0.00061035
-0.0012207,0.018768,-0.005226,0.0024414,2.5021,4.9774,0
0.007019,0.013123,-0.0047509,0.00091553,2.5006,4.978,0.00030518
0.00061035,0.0090027,-0.0047509,0.0030518,2.5015,4.9774,0.00061035
-0.0065613,0.0039673,-0.0047509,0.0038147,2.5015,4.9783,0.00030518
-0.005188,-0.0016785,-0.0038007,0.0056458,2.5009,4.9777,0
-0.007782,-0.004425,-0.0033257,0.013123,2.5012,4.9777,0.00061035
-0.018005,-0.0042725,-0.005226,0.024719,2.5012,4.9796,0
-0.024567,-0.0022888,-0.0047509,0.033112,2.5003,4.9786,0
-0.027313,-0.00061035,-0.0047509,0.037231,2.5015,4.9786,0
-0.030975,-0.0033569,-0.0047509,0.035553,2.5015,4.9796,-0.00030518
-0.031281,-0.0074768,-0.0047509,0.029755,2.5015,4.9789,0.00030518
-0.015717,-0.015411,-0.0047509,0.028076,2.5012,4.9783,0.00030518
-0.01709,-0.020599,-0.0047509,0.030823,2.5012,4.9792,0.00030518
-0.022278,-0.019531,-0.0047509,0.034332,2.5018,4.9786,-0.00030518
-0.028839,-0.012054,-0.0042758,0.035706,2.5006,4.9789,0.0012207
-0.033722,-0.0012207,-0.005226,0.036316,2.5009,4.9789,0.00030518
-0.025635,0.0042725,-0.0042758,0.036316,2.5015,4.9786,-0.00030518
-0.015717,0.0090027,-0.0047509,0.035248,2.5018,4.9786,0.00030518
-0.0057983,0.011139,-0.005701,0.03006,2.5009,4.9789,0.00061035
-0.0038147,0.0076294,-0.005226,0.027618,2.5015,4.9789,-0.00030518
-0.014343,0.0024414,-0.0047509,0.029602,2.5009,4.9777,0.00030518
-0.0082397,-0.0027466,-0.0042758,0.028534,2.5021,4.9783,0.00030518
-0.0013733,-0.0064087,-0.0042758,0.025787,2.5012,4.9792,0.00030518
-0.0019836,-0.0065613,-0.0042758,0.026855,2.5012,4.9789,0.00030518
-0.0013733,-0.0016785,-0.0047509,0.028534,2.5009,4.9789,0.00030518
-0.0024414,0.0047302,-0.0042758,0.022736,2.5015,4.9789,0.00030518
-0.0061035,0.010681,-0.0047509,0.013885,2.5009,4.9796,0
-0.0024414,0.010834,-0.0038007,0.010681,2.5009,4.9796,0.00091553
0.005188,0.007019,-0.0042758,0.011749,2.5003,4.9792,0
0.002594,0.0033569,-0.0042758,0.015411,2.5015,4.9792,0
-0.0039673,-0.0018311,-0.0047509,0.017853,2.5015,4.9786,-0.00030518
0.0090027,-0.0030518,-0.0042758,0.020905,2.5018,4.9792,0
0.012817,-0.0021362,-0.005226,0.023499,2.5009,4.9796,0
0.014648,-0.0021362,-0.0042758,0.024567,2.5012,4.9792,0
0.021667,-0.00030518,-0.0047509,0.020294,2.5012,4.9789,0
0.02533,0.0027466,-0.0038007,0.015717,2.5021,4.9799,-0.00061035
0.022888,0.0065613,-0.0047509,0.016785,2.5015,4.9789,0.00030518
0.016785,0.0056458,-0.0042758,0.015106,2.5006,4.9796,0
0.014801,0.0047302,-0.0042758,0.013123,2.5012,4.9789,0
0.018463,0.0057983,-0.0047509,0.014038,2.5012,4.9792,0.00061035
0.020599,0.0061035,-0.005226,0.012512,2.5015,4.9777,0.00030518
0.0383,0.0039673,-0.0042758,0.0061035,2.5021,4.9786,-0.00030518
0.042725,0.0010681,-0.0042758,0.0054932,2.5015,4.9783,0
0.033112,0.00091553,-0.0038007,0.009613,2.5009,4.9789,0
0.028076,0.0042725,-0.0047509,0.011749,2.5015,4.9783,0.00030518
0.027466,0.0091553,-0.0042758,0.0093079,2.5018,4.9792,-0.00030518
0.029297,0.009613,-0.0042758,0.0094604,2.5021,4.9792,-0.00030518
0.033264,0.0050354,-0.0042758,0.011444,2.5015,4.9789,-0.00061035
0.035553,-0.0030518,-0.0047509,0.0062561,2.5024,4.9789,-0.00030518
0.035706,-0.0085449,-0.0047509,-0.0050354,2.5006,4.9789,-0.00030518
0.031281,-0.0085449,-0.0038007,-0.0028992,2.5009,4.9792,-0.00030518
0.033569,-0.0068665,-0.0047509,0.0065613,2.5009,4.9792,0.00061035
0.029297,-0.0016785,-0.005226,0.010529,2.5003,4.9799,-0.00091553
0.025024,0.0048828,-0.0042758,0.012207,2.5015,4.978,-0.00030518
0.025787,0.0099182,-0.0042758,0.015564,2.5015,4.9786,0
0.024261,0.0085449,-0.005226,0.016022,2.5018,4.9786,0.00061035
0.018921,0.0032043,-0.0028506,0.007782,2.5021,4.9789,-0.00030518
0.018005,0.00030518,-0.0038007,0.00045776,2.5015,4.9799,0.00061035
0.021362,-0.0033569,-0.005226,-0.00061035,2.5009,4.9783,-0.00030518
0.018616,-0.0036621,-0.005226,-0.00045776,2.5018,4.9792,0.00061035
0.017853,0.0018311,-0.0047509,-0.0080872,2.5027,4.9786,0.00030518
0.032501,0.0068665,-0.0042758,-0.016327,2.5018,4.9789,0.00061035
0.033417,0.0038147,-0.0038007,-0.019531,2.5021,4.9796,0.00030518
0.028229,0.0016785,-0.0033257,-0.020294,2.5012,4.9789,0.00030518
0.022125,0.0018311,-0.005226,-0.019379,2.5015,4.9786,-0.00030518
0.020599,0.0056458,-0.005226,-0.016327,2.5018,4.9792,0.00030518
0.021057,0.007019,-0.005226,-0.01236,2.5018,4.9792,0
0.019684,0.00015259,-0.0047509,-0.010376,2.5009,4.9792,0
0.023651,-0.016174,-0.0047509,-0.0093079,2.5015,4.9792,-0.00030518
0.026245,-0.023651,-0.0047509,-0.013123,2.5018,4.9792,0
0.022583,-0.016937,-0.0042758,-0.018311,2.5009,4.9789,0
0.027313,-0.0059509,-0.0047509,-0.016174,2.5012,4.9792,-0.00030518
0.024567,-0.0010681,-0.005226,-0.013428,2.5,4.9789,0.00091553
0.022583,-0.0016785,-0.0042758,-0.016785,2.5024,4.9786,0.00030518
0.029755,0.0027466,-0.005226,-0.022278,2.5018,4.978,0.00030518
0.035248,0.0097656,-0.005226,-0.02182,2.5006,4.978,0.00030518
0.03067,0.010376,-0.0047509,-0.014954,2.5021,4.9774,-0.00061035
0.027618,0.0030518,-0.0033257,-0.0071716,2.5012,4.9786,0.00061035
0.024872,-0.0068665,-0.0047509,-0.00076294,2.5006,4.978,-0.00030518
0.018616,-0.0093079,-0.0047509,0.0022888,2.5009,4.9783,0.00030518
0.0059509,-0.0030518,-0.005226,0.0068665,2.5012,4.9768,0
0.0045776,0.0018311,-0.0033257,0.0091553,2.5012,4.9771,0
-0.0010681,-0.002594,-0.0042758,0.012207,2.5018,4.9783,0
-0.0079346,-0.011749,-0.0038007,0.010529,2.5006,4.9774,0.00061035
-0.0073242,-0.015259,-0.0042758,0.0033569,2.5015,4.9777,0
-0.0047302,-0.011597,-0.0038007,0.00015259,2.5009,4.9774,-0.00061035
-0.0057983,-0.0071716,-0.0042758,-0.0015259,2.5012,4.9783,0.00030518
0.0015259,-0.0019836,-0.0038007,-0.0042725,2.5015,4.978,0
0.0073242,0.0048828,-0.005226,-0.0071716,2.5015,4.9783,0
0.0045776,0.0097656,-0.0042758,-0.009613,2.5012,4.9789,0
-0.0024414,0.0099182,-0.0047509,-0.0093079,2.5015,4.9792,0.00030518
0.0032043,0.0079346,-0.0038007,-0.0061035,2.5015,4.9786,0.00030518
-0.00045776,0.0056458,-0.0038007,-0.0024414,2.5015,4.9783,0.00030518
-0.0047302,0.0042725,-0.0038007,-0.0019836,2.5015,4.9786,0.00030518
-0.0045776,0.0056458,-0.005226,-0.0059509,2.5006,4.9786,0
-0.00015259,0.0064087,-0.0042758,-0.0090027,2.5009,4.978,0
0.0065613,0.0039673,-0.0047509,-0.016327,2.5018,4.9792,0
0.0076294,-0.0027466,-0.0033257,-0.026093,2.5012,4.9792,0.00091553
0.0056458,-0.0094604,-0.0038007,-0.031433,2.5015,4.9789,0.00030518
0.00091553,-0.007019,-0.005226,-0.028381,2.5015,4.9799,0
-0.005188,-0.0015259,-0.0047509,-0.021362,2.5015,4.978,0
-0.0035095,0.0035095,-0.0042758,-0.012512,2.5015,4.9783,0.00030518
-0.007019,0.0059509,-0.0047509,-0.010223,2.5009,4.9799,0
-0.0086975,0.0053406,-0.0047509,-0.015717,2.5021,4.9792,-0.00030518
-0.0056458,0.00045776,-0.0038007,-0.02243,2.5021,4.9789,0
-0.0039673,-0.0036621,-0.0047509,-0.023804,2.5012,4.9796,0.00030518
-0.0076294,-0.0038147,-0.0047509,-0.020447,2.5018,4.9789,0.00030518
-0.010223,-0.0024414,-0.0047509,-0.013275,2.5009,4.9786,0
-0.0080872,-0.0021362,-0.0047509,-0.0085449,2.5009,4.9783,-0.00061035
-0.015869,-0.0030518,-0.0042758,-0.012512,2.5006,4.9792,0.00030518
-0.025177,0.00076294,-0.0042758,-0.020447,2.5012,4.9792,0
-0.013275,0.0033569,-0.0042758,-0.022125,2.5003,4.9796,0.00061035
-0.013123,0.0039673,-0.0047509,-0.02121,2.5015,4.978,0
-0.022125,0.0024414,-0.0047509,-0.021515,2.5006,4.9792,0.00030518
-0.025024,0.0032043,-0.0038007,-0.018768,2.5015,4.9786,-0.00061035
-0.019989,0.0053406,-0.0042758,-0.016937,2.5003,4.9786,0.00030518
-0.011292,0.007782,-0.005226,-0.018158,2.5009,4.9789,0.00030518
-0.0083923,0.0061035,-0.005226,-0.022278,2.5018,4.9796,0.00091553
-0.013123,-0.00030518,-0.0042758,-0.022583,2.5015,4.9796,-0.00061035
-0.018768,-0.0086975,-0.0047509,-0.019989,2.5006,4.9802,0
-0.025177,-0.010986,-0.0033257,-0.018768,2.5009,4.9777,0.00061035
-0.018768,-0.0064087,-0.0028506,-0.015259,2.5009,4.9786,0.00061035
-0.020599,-0.0067139,-0.0047509,-0.0068665,2.5018,4.9786,0
-0.027313,-0.011749,-0.0033257,-0.0024414,2.5009,4.9789,0.00030518
-0.031281,-0.013428,-0.0047509,-0.00030518,2.5021,4.9786,0.00061035
-0.029144,-0.013428,-0.0038007,0.00061035,2.5021,4.9786,0
-0.028992,-0.010071,-0.0047509,0,2.5006,4.9796,0.00030518
-0.03006,-0.0086975,-0.005701,-0.0019836,2.5009,4.9789,0.00030518
-0.026093,-0.0067139,-0.0042758,-0.0030518,2.5018,4.9792,0.00091553
-0.025024,-0.0045776,-0.0042758,-0.0045776,2.5018,4.9792,0.00030518
-0.023499,0.0015259,-0.0042758,-0.0053406,2.5018,4.9786,-0.00030518
-0.014191,0.0056458,-0.0047509,-0.0057983,2.5024,4.9792,0.00061035
-0.018005,0.0050354,-0.0038007,-0.0050354,2.5015,4.9792,-0.00030518
-0.024109,0.0057983,-0.005701,-0.0015259,2.5024,4.9777,-0.00030518
-0.019531,0.0093079,-0.0042758,0.00091553,2.5003,4.9786,0.00030518
-0.016327,0.011139,-0.0042758,0.0033569,2.5015,4.9789,0
-0.018921,0.0088501,-0.0047509,0.0027466,2.5012,4.9789,-0.00030518
-0.023193,0.0019836,-0.0042758,0.0033569,2.5015,4.9789,0
-0.018311,-0.0018311,-0.0038007,0.00015259,2.5012,4.9789,0.00061035
-0.010834,-0.0015259,-0.0042758,-0.0041199,2.5021,4.9789,0
-0.0076294,-0.00061035,-0.005226,-0.0086975,2.5003,4.9774,0
0.0062561,-0.00061035,-0.0038007,-0.012817,2.5018,4.9783,0.00030518
0.0054932,0.0041199,-0.0042758,-0.010681,2.5015,4.9792,-0.00030518
-0.0033569,0.0056458,-0.0033257,-0.005188,2.5015,4.9789,0
-0.010681,0.0032043,-0.0047509,0.00045776,2.5006,4.9783,0.00030518
-0.015411,0.0045776,-0.0042758,0.0041199,2.5018,4.9786,-0.00030518
-0.0177,0.0099182,-0.0033257,0.0039673,2.5015,4.9796,0
-0.01358,0.011749,-0.0042758,0.0064087,2.5012,4.9789,0
-0.0036621,0.007782,-0.0042758,0.011749,2.5018,4.9789,0.00030518
-0.0085449,0.002594,-0.0028506,0.01358,2.5015,4.9786,0.00030518
-0.024414,0.002594,-0.0042758,0.014191,2.5018,4.9792,0.00030518
-0.02594,0.011902,-0.0038007,0.015106,2.5006,4.9796,0
-0.025024,0.016479,-0.0047509,0.011749,2.5012,4.978,-0.00030518
-0.025482,0.014191,-0.0042758,0.011444,2.5015,4.9792,-0.00030518
-0.021667,0.012207,-0.0042758,0.010529,2.5018,4.9774,0.00030518
-0.01358,0.01297,-0.0042758,0.0047302,2.5012,4.9786,0.00030518
-0.012054,0.010834,-0.005226,0.0033569,2.5006,4.9783,0.00030518
-0.013885,0.0054932,-0.0042758,0.014801,2.5012,4.9777,0.00091553
-0.014954,-0.005188,-0.005226,0.024567,2.5012,4.978,0.00030518
-0.011139,-0.015259,-0.005226,0.019531,2.5003,4.9774,0.00091553
-0.0027466,-0.010376,-0.0038007,0.0073242,2.5015,4.9768,-0.00030518
0.013885,0.00045776,-0.0033257,-0.002594,2.5021,4.9774,0.00061035
0.010223,0.0042725,-0.0047509,-0.0068665,2.5021,4.9777,-0.00061035
0.0035095,0.00045776,-0.0047509,-0.0015259,2.5009,4.9774,0.00061035
0.0041199,0.0016785,-0.0047509,0.0056458,2.5012,4.9777,0
0.011902,0.0062561,-0.005226,0.0090027,2.5009,4.9777,-0.00030518
0.010681,0.007019,-0.0047509,0.010529,2.5012,4.9777,0.00030518
-0.0019836,0.0080872,-0.0038007,0.0093079,2.5006,4.9792,0.00030518
-0.011292,0.0076294,-0.0042758,0.0073242,2.5031,4.978,-0.00030518
-0.013428,0.0083923,-0.0042758,0.005188,2.5015,4.9786,0
-0.015259,0.0074768,-0.005701,0.0085449,2.5009,4.9789,0
-0.0064087,0.0039673,-0.0042758,0.0086975,2.5009,4.9789,-0.00030518
0.0013733,0.00091553,-0.0038007,0.0047302,2.5012,4.9792,0
0.0036621,-0.004425,-0.005701,-0.0012207,2.5015,4.9786,0.00091553
-0.0048828,-0.0071716,-0.0038007,0.0015259,2.5027,4.9783,0.00061035
-0.0099182,-0.0039673,-0.0038007,0.010376,2.5006,4.9789,0.00030518
-0.015259,0.0022888,-0.005226,0.015106,2.5018,4.9786,0.00061035
-0.018158,0.0032043,-0.0042758,0.015411,2.5012,4.9774,-0.00061035
-0.017395,0.0019836,-0.0042758,0.011597,2.5009,4.9777,0.00061035
-0.0068665,0.00061035,-0.0047509,0.010376,2.5015,4.9774,0.00030518
0.00045776,-0.00030518,-0.0033257,0.011597,2.5018,4.9777,0.00061035
0.015717,-0.0032043,-0.0042758,0.0061035,2.5006,4.9783,0.00030518
0.017548,-0.0024414,-0.0042758,-0.0094604,2.5003,4.9792,0.00061035
0.021362,-0.00076294,-0.0042758,-0.022125,2.5012,4.9789,0.00030518
0.022278,-0.0016785,-0.0038007,-0.024872,2.5006,4.9792,0.0012207
0.015564,-0.0012207,-0.0042758,-0.016937,2.5012,4.9783,0
0.0086975,-0.00091553,-0.0047509,-0.0022888,2.5015,4.9792,0.00061035
0.0030518,-0.00076294,-0.0033257,0.01358,2.5018,4.9796,0
0.0028992,-0.00030518,-0.0042758,0.022736,2.5021,4.9799,0.00030518
0.0050354,0.00045776,-0.0042758,0.018005,2.5024,4.9786,-0.00030518
0.005188,0.0041199,-0.005701,0.0080872,2.5021,4.9789,0
0.017242,0.0033569,-0.0042758,0.0071716,2.5018,4.9799,-0.00030518
0.018311,0.00091553,-0.0042758,0.01709,2.5006,4.9792,0
0.0088501,-0.0015259,-0.0038007,0.025482,2.5012,4.9808,0
-0.00030518,-0.00015259,-0.0047509,0.027466,2.5009,4.9786,0.00030518
0.0021362,0.0015259,-0.0042758,0.025635,2.5015,4.9786,0
0.007019,0.00030518,-0.0047509,0.025787,2.5006,4.9796,0.00030518
0.0068665,0.00091553,-0.005226,0.024567,2.5009,4.9796,0.00030518
0.0033569,0.00015259,-0.0042758,0.023804,2.5006,4.9792,0
-0.0030518,-0.0042725,-0.0042758,0.021667,2.5021,4.9789,0
-0.0039673,-0.01236,-0.0042758,0.0177,2.5015,4.9786,0.00030518
0.010223,-0.016785,-0.0042758,0.013733,2.5015,4.9777,0
0.01297,-0.016174,-0.005226,0.012054,2.5009,4.9789,-0.00030518
0.0090027,-0.01297,-0.0028506,0.012207,2.5018,4.9792,0
0.0045776,-0.0071716,-0.0047509,0.013885,2.5009,4.9786,0.00091553
0.0036621,-0.0012207,-0.0042758,0.018311,2.5012,4.9796,0
0,0.0039673,-0.0047509,0.025024,2.5012,4.9799,0.00030518
-0.0016785,0.0086975,-0.0033257,0.029755,2.5015,4.9799,-0.00061035
-0.0010681,0.0068665,-0.0047509,0.025177,2.5012,4.9796,0.00061035
-0.0053406,-0.00030518,-0.0042758,0.015411,2.5,4.9786,-0.00030518
-0.012512,-0.0047302,-0.0047509,0.010223,2.5015,4.9786,-0.00061035
-0.0057983,-0.0018311,-0.005226,0.014038,2.5012,4.9789,0.00030518
-0.0056458,0.0035095,-0.005226,0.018005,2.5015,4.9789,0
-0.0064087,0.0033569,-0.0038007,0.022736,2.5009,4.9789,-0.00061035
-0.0053406,0.0019836,-0.0047509,0.027008,2.5012,4.9786,0
-0.0061035,0.00045776,-0.0047509,0.029449,2.5009,4.9796,0.00030518
-0.0057983,0.0022888,-0.0042758,0.027313,2.5021,4.9789,0.00030518
-0.0076294,0.0064087,-0.0047509,0.025787,2.5015,4.9792,0.00030518
-0.0053406,0.012512,-0.005226,0.031281,2.5021,4.9792,-0.00061035
-0.0045776,0.011749,-0.0047509,0.034485,2.5015,4.9783,-0.00061035
-0.007019,0.0057983,-0.0047509,0.032654,2.5021,4.978,0.00030518
-0.0010681,-0.0041199,-0.0042758,0.029755,2.5018,4.978,0.00030518
-0.0050354,-0.010681,-0.005226,0.028381,2.5009,4.9786,0.00061035
-0.010681,-0.0016785,-0.0042758,0.024872,2.5012,4.978,-0.00030518
-0.0083923,0.013885,-0.0047509,0.019226,2.5018,4.9783,0.00091553
-0.0035095,0.024414,-0.0047509,0.016785,2.5012,4.9792,0
0.0012207,0.02533,-0.0038007,0.015564,2.5018,4.9786,0.00030518
0.0036621,0.018921,-0.0042758,0.019073,2.5009,4.9789,0.00030518
0.0022888,0.0053406,-0.005226,0.02533,2.5015,4.9792,0.00030518
0.0028992,-0.0065613,-0.0047509,0.027161,2.5009,4.9789,0
-0.0013733,-0.014954,-0.005226,0.024414,2.5012,4.9789,0
-0.0041199,-0.016022,-0.0028506,0.025177,2.5006,4.9799,0
-0.0082397,-0.013123,-0.005226,0.024414,2.5018,4.9789,-0.00030518
0.0057983,-0.009613,-0.0042758,0.020142,2.5018,4.9777,-0.00030518
0.02533,-0.011139,-0.0042758,0.014801,2.5009,4.978,0.00030518
0.015259,-0.011292,-0.0042758,0.0074768,2.5015,4.9789,0.00030518
0.00061035,-0.0079346,-0.0047509,0.0033569,2.5018,4.9777,-0.00030518
0.00015259,-0.0047302,-0.0047509,0.0033569,2.5024,4.9777,-0.00061035
-0.0041199,-0.0038147,-0.0042758,0.0090027,2.5012,4.978,0
-0.016785,0.00061035,-0.0042758,0.013885,2.5012,4.9783,0
-0.022278,0.0035095,-0.005226,0.019684,2.5015,4.9768,0.00030518
-0.0086975,0.0013733,-0.0042758,0.024414,2.5009,4.9777,-0.00061035
-0.0082397,-0.0013733,-0.0033257,0.02533,2.5009,4.9774,0
-0.016174,-0.0028992,-0.0047509,0.02182,2.5015,4.9777,0.00030518
-0.014343,-0.0061035,-0.0047509,0.014191,2.5018,4.9783,0.00030518
-0.0057983,-0.010529,-0.005701,0.0082397,2.5027,4.9771,0.00030518
-0.0015259,-0.015106,-0.005226,0.0080872,2.5012,4.9792,-0.00030518
-0.0018311,-0.016174,-0.005226,0.0080872,2.5012,4.9792,0
0.0038147,-0.0019836,-0.0042758,0.0032043,2.5012,4.9786,0
0.0093079,0.014648,-0.0047509,0.00015259,2.5015,4.9786,-0.00030518
0.0027466,0.022278,-0.0042758,0.01236,2.5018,4.9789,0
-0.0015259,0.01709,-0.005701,0.025482,2.5021,4.9789,0.00091553
-0.0082397,0.0090027,-0.0028506,0.032043,2.5012,4.9777,-0.00030518
-0.010834,0.0079346,-0.0042758,0.033722,2.5006,4.9792,-0.00091553
-0.0062561,0.012665,-0.0042758,0.032501,2.5012,4.9783,-0.00030518
-0.0022888,0.019531,-0.0042758,0.02594,2.5015,4.9792,0
0.0013733,0.020142,-0.0047509,0.018158,2.5018,4.9792,0
0.004425,0.015717,-0.0047509,0.016785,2.5021,4.9789,0.00030518
0.0065613,0.0056458,-0.0042758,0.016479,2.5015,4.9786,0.00061035
0.0062561,-0.0047302,-0.0042758,0.016022,2.5015,4.9786,0
0.0050354,-0.0065613,-0.0042758,0.013733,2.5009,4.978,-0.00030518
0.013275,-0.0045776,-0.0047509,0.0064087,2.5018,4.9786,0.00030518
0.011597,-0.0035095,-0.005226,0.00076294,2.5018,4.9786,0
0.0062561,-0.004425,-0.0042758,0.00076294,2.5018,4.9792,-0.00061035
0.0030518,-0.0041199,-0.0047509,0.00091553,2.5006,4.9796,0.00030518
0.0068665,-0.0047302,-0.0047509,-0.0016785,2.5015,4.9792,0.00030518
0.0067139,-0.0079346,-0.0047509,-0.0059509,2.5003,4.9786,0.00030518
0.00045776,-0.016632,-0.005226,-0.0059509,2.5018,4.9789,0.00030518
-0.0053406,-0.018921,-0.005226,-0.0056458,2.5006,4.9789,-0.00061035
-0.0083923,-0.0088501,-0.005226,-0.0028992,2.5012,4.9786,-0.00061035
-0.015717,0.0012207,-0.0047509,0.00030518,2.5012,4.9789,0.00061035
-0.011139,0.0042725,-0.0047509,0.0010681,2.5006,4.9792,0
-0.010223,0.00045776,-0.0042758,0.0010681,2.5018,4.9789,-0.00061035
-0.014648,-0.0019836,-0.0042758,0.0030518,2.5003,4.9792,0.00030518
-0.0177,-0.0030518,-0.005701,0.0028992,2.5006,4.9799,0
-0.015869,0.0021362,-0.0047509,0,2.5012,4.9792,0.00061035
-0.012817,0.0056458,-0.0042758,0.0018311,2.5018,4.9789,0
-0.012054,0.0027466,-0.0047509,0.0085449,2.5003,4.9805,-0.00061035
-0.010834,-0.0012207,-0.005226,0.012512,2.5018,4.9799,0.00030518
-0.0065613,-0.0041199,-0.0047509,0.013733,2.5012,4.9792,-0.00061035
-0.0094604,-0.002594,-0.0042758,0.012512,2.5018,4.9783,-0.00030518
-0.0045776,0.0012207,-0.0047509,0.011749,2.5006,4.9792,0.00030518
0.00015259,0.0064087,-0.0038007,0.012054,2.5006,4.9789,0.00030518
-0.0019836,0.0056458,-0.0047509,0.014496,2.5006,4.9792,0.00030518
-0.0065613,0.0021362,-0.0047509,0.012817,2.5009,4.9786,0.00030518
-0.004425,0.0010681,-0.0047509,0.010834,2.4997,4.9792,0.00061035
0.0030518,0.0042725,-0.0047509,0.012665,2.5015,4.9786,0.00030518
0.011749,0.0059509,-0.0038007,0.012817,2.5015,4.9786,0
0.022888,0.0093079,-0.0047509,0.0068665,2.5012,4.9789,0.00030518
0.021667,0.010986,-0.005226,0.0030518,2.5018,4.9789,0.00061035
0.0016785,0.0088501,-0.0047509,0.0015259,2.5009,4.9796,-0.00030518
0.0022888,0.0068665,-0.0042758,0.00045776,2.5006,4.9789,0
0.0059509,0.0079346,-0.0047509,-0.00061035,2.5018,4.9789,0.00091553
0.0056458,0.0076294,-0.0038007,-0.0048828,2.5021,4.9786,0.00030518
0.005188,0.0094604,-0.0042758,-0.0097656,2.5018,4.9792,0.00030518
0.0039673,0.0054932,-0.0042758,-0.016327,2.5012,4.9789,0.00030518
0.0067139,-0.0024414,-0.0047509,-0.014801,2.5006,4.9789,0.00030518
0.0080872,-0.007019,-0.0042758,-0.007782,2.5021,4.9783,0
0.0059509,-0.010223,-0.005701,0.00076294,2.5006,4.9789,0.00030518
0.00015259,-0.015259,-0.0042758,0.0053406,2.5015,4.9789,0
-0.007782,-0.017242,-0.0038007,0.0064087,2.5018,4.9777,0
-0.0024414,-0.013733,-0.0042758,0.0054932,2.5018,4.978,0
-0.0033569,-0.004425,-0.0047509,0.0057983,2.5009,4.9789,0.00030518
-0.0047302,0.0042725,-0.0042758,0.0030518,2.5012,4.9792,0
-0.00030518,0.009613,-0.005701,-0.0065613,2.5009,4.9796,0
0.0059509,0.0083923,-0.0042758,-0.013123,2.5024,4.9789,0.00030518
0.020447,0.0083923,-0.0038007,-0.009613,2.5009,4.9786,0.00030518
0.011597,0.0079346,-0.0047509,-0.0030518,2.5015,4.9789,0.00091553
-0.00045776,0.0027466,-0.0042758,0.0013733,2.5015,4.9786,0.00030518
-0.00076294,-0.0012207,-0.0042758,0.0076294,2.5012,4.9802,0
-0.0030518,0.0010681,-0.005226,0.01358,2.5009,4.9786,0.00030518
-0.00091553,0.00076294,-0.0047509,0.01297,2.5018,4.9789,0
-0.012207,0.0039673,-0.0047509,0.0061035,2.5009,4.9783,-0.00030518
-0.014191,0.015411,-0.0042758,-0.0022888,2.5012,4.9783,-0.00030518
-0.011444,0.022278,-0.005226,-0.0088501,2.5012,4.9783,-0.00030518
-0.0090027,0.023651,-0.0038007,-0.01297,2.5015,4.9783,0.00061035
-0.0053406,0.025024,-0.0042758,-0.013123,2.5012,4.9777,0
-0.0032043,0.019073,-0.0047509,-0.011139,2.5012,4.9777,0.00030518
-0.011444,-0.0033569,-0.0047509,-0.010223,2.5021,4.978,0
-0.021515,-0.023346,-0.005226,-0.0090027,2.5015,4.9786,0.00061035
-0.026093,-0.018768,-0.0047509,-0.010986,2.5009,4.9765,0.00030518
-0.0090027,-0.0038147,-0.0047509,-0.0177,2.5012,4.9774,-0.00061035
-0.0028992,-0.0059509,-0.0047509,-0.023346,2.5018,4.9774,-0.00061035
-0.0065613,-0.023041,-0.0047509,-0.022125,2.5012,4.9774,0.00030518
-0.0016785,-0.028076,-0.0047509,-0.02243,2.5018,4.9783,0
0.007782,-0.018768,-0.005226,-0.020447,2.5009,4.9786,0.00030518
0.014648,-0.0086975,-0.0047509,-0.016022,2.5012,4.9786,0
0.017395,-0.0067139,-0.005226,-0.010071,2.5015,4.9786,0.00030518
0.018463,-0.0076294,-0.0038007,-0.0057983,2.5006,4.9786,-0.00091553
0.015411,-0.0039673,-0.0038007,-0.005188,2.5009,4.9799,-0.00091553
0.010681,0.0027466,-0.0047509,-0.0053406,2.5015,4.9789,-0.00030518
0.0097656,0.0057983,-0.0042758,-0.0041199,2.5009,4.9799,0.00030518
0.0015259,0.0041199,-0.0047509,0.0010681,2.5012,4.9786,0
-0.0035095,-0.00015259,-0.0042758,0.0028992,2.5012,4.9792,0
-0.0080872,-0.0036621,-0.0042758,0.0018311,2.5006,4.9789,0
-0.016327,-0.0013733,-0.0047509,0.0057983,2.5012,4.9799,0.00030518
-0.023041,0.0048828,-0.0047509,0.011139,2.5009,4.9792,0.00061035
-0.0177,0.007019,-0.0042758,0.011292,2.5006,4.9786,0.00030518
-0.0086975,0.0065613,-0.0042758,0.0065613,2.5018,4.9792,0
-0.0085449,0.0028992,-0.005226,0.0038147,2.5006,4.9789,0
-0.015564,0,-0.0047509,0.0064087,2.5009,4.9777,0
-0.023499,0.00091553,-0.0047509,0.015106,2.5015,4.9789,0
-0.0354,0.0042725,-0.005701,0.027161,2.5018,4.9789,0.00030518
-0.040741,0.007019,-0.0047509,0.027161,2.5006,4.9786,0.00030518
-0.041351,0.0061035,-0.0038007,0.023346,2.5012,4.9783,-0.00061035
-0.040283,0.00091553,-0.0028506,0.022736,2.5012,4.9789,0.00030518
-0.041962,-0.0073242,-0.0042758,0.028229,2.5015,4.9786,-0.00030518
-0.046997,-0.010529,-0.005701,0.036621,2.5015,4.9786,0
-0.044861,-0.0038147,-0.0042758,0.039673,2.5012,4.9799,-0.00030518
-0.04776,-0.00091553,-0.005226,0.04837,2.5018,4.9786,0
-0.058289,0.0010681,-0.0047509,0.057373,2.5006,4.9796,0
-0.056915,0.0039673,-0.0042758,0.063171,2.5015,4.9792,-0.00030518
-0.058746,0.00045776,-0.005226,0.065155,2.5012,4.9808,0
-0.063934,-0.011597,-0.0038007,0.066376,2.5006,4.9792,0.00061035
-0.066681,-0.019684,-0.0042758,0.072479,2.5006,4.9805,0.00061035
-0.063782,-0.020905,-0.0047509,0.084076,2.5015,4.9796,0.00030518
-0.064697,-0.012512,-0.0042758,0.09552,2.5009,4.9789,0
-0.062866,-0.00030518,-0.005226,0.10376,2.5021,4.9792,0.00061035
-0.052948,0.010834,-0.0047509,0.11429,2.5012,4.9799,0.00030518
-0.038757,0.019531,-0.005226,0.13214,2.5015,4.9796,0.00030518
-0.056,0.023346,-0.0047509,0.14435,2.5015,4.978,0.00030518
-0.069733,0.022583,-0.005226,0.14999,2.5012,4.9792,-0.00061035
-0.076447,0.021515,-0.0038007,0.15472,2.5009,4.9786,-0.00030518
-0.086823,0.025177,-0.0047509,0.16556,2.5021,4.9792,0.00030518
-0.10101,0.029449,-0.0038007,0.18112,2.5015,4.9789,0.0012207
-0.11063,0.032043,-0.0042758,0.19501,2.5018,4.9792,0.00030518
-0.11612,0.026855,-0.0042758,0.2037,2.5018,4.9786,-0.00030518
-0.121,0.018768,-0.005226,0.21271,2.5012,4.9786,0
-0.12878,0.0094604,-0.0047509,0.22095,2.5024,4.9796,0.00030518
-0.13519,0.0036621,-0.005226,0.2243,2.5009,4.9789,0.00030518
-0.1445,-0.0018311,-0.0038007,0.22766,2.5021,4.9792,0.00030518
-0.13901,-0.011444,-0.0047509,0.23666,2.5021,4.9786,-0.00030518
-0.13916,-0.020447,-0.0038007,0.25238,2.5009,4.9799,0
-0.15625,-0.020447,-0.0042758,0.26855,2.5006,4.9792,-0.00061035
-0.16663,-0.013123,-0.0047509,0.28275,2.5015,4.9796,0.00091553
-0.16434,-0.013275,-0.0042758,0.29602,2.5009,4.9789,0
-0.1622,-0.02243,-0.0047509,0.30563,2.5018,4.9789,-0.00030518
-0.16052,-0.027008,-0.0038007,0.31967,2.5012,4.9792,0
-0.15472,-0.02243,-0.0042758,0.33905,2.5021,4.9786,0.00030518
-0.13992,-0.01358,-0.0042758,0.36255,2.5012,4.9792,-0.00030518
-0.11459,-0.0065613,-0.0042758,0.38513,2.5012,4.9783,0
-0.10223,-0.0036621,-0.005226,0.39978,2.5009,4.9792,0.00030518
-0.11246,-0.009613,-0.005226,0.40543,2.5021,4.9792,0
-0.11963,-0.020752,-0.005226,0.4039,2.5012,4.9796,0.00030518
-0.11093,-0.020905,-0.0047509,0.40497,2.5021,4.9799,0
-0.090027,-0.0067139,-0.0042758,0.40924,2.5012,4.9796,0
-0.06424,0.0057983,-0.0042758,0.40207,2.5012,4.9792,0.00030518
-0.040283,0.012207,-0.0047509,0.38773,2.5006,4.9805,0
-0.024414,0.020447,-0.0038007,0.37674,2.5012,4.9789,0.00061035
-0.010834,0.037079,-0.0042758,0.36514,2.5018,4.9783,0.00030518
0.005188,0.051117,-0.005226,0.35065,2.5009,4.9796,0.00030518
0.035095,0.052795,-0.0047509,0.33203,2.5009,4.9792,0
0.054321,0.045013,-0.0042758,0.30594,2.5012,4.9792,0
0.064697,0.02655,-0.0042758,0.26901,2.5006,4.9789,0.00061035
0.079041,-0.0061035,-0.0038007,0.22675,2.5009,4.978,0
0.10056,-0.046997,-0.0033257,0.18539,2.5012,4.978,-0.00030518
0.12268,-0.063019,-0.0038007,0.14709,2.5015,4.978,0
0.14114,-0.041962,-0.0042758,0.11185,2.5009,4.9783,-0.00030518
0.16281,-0.013733,-0.0038007,0.077515,2.5024,4.9777,-0.00061035
0.18967,-0.0022888,-0.0042758,0.039978,2.5009,4.978,0.00030518
0.20996,0.0076294,-0.005226,0.0056458,2.5015,4.978,0.00061035
0.23544,0.020599,-0.0042758,-0.019531,2.5009,4.9777,0.00091553
0.25436,0.019226,-0.0047509,-0.04776,2.5018,4.9783,0.00030518
0.27191,0.012817,-0.0042758,-0.085144,2.5,4.978,-0.00061035
0.29144,0.009613,-0.0047509,-0.12512,2.5012,4.9774,0.00030518
0.30792,0.0027466,-0.0042758,-0.16632,2.5021,4.9771,0.00030518
0.32715,-0.012512,-0.0047509,-0.2066,2.5015,4.9777,0.00030518
0.34821,-0.023346,-0.0038007,-0.23956,2.5015,4.9792,0
0.36819,-0.027008,-0.0042758,-0.27023,2.5012,4.9789,0
0.39078,-0.023651,-0.0028506,-0.30334,2.5006,4.9789,0
0.40939,-0.022278,-0.0042758,-0.33768,2.5015,4.9786,-0.00030518
0.42465,-0.019531,-0.0042758,-0.37384,2.5018,4.9783,0
0.42648,-0.010376,-0.0047509,-0.40985,2.5018,4.9783,0.00030518
0.43045,-0.0064087,-0.0038007,-0.44266,2.5018,4.9786,0.00030518
0.44342,-0.013275,-0.0038007,-0.47089,2.5012,4.978,0
0.45715,-0.015869,-0.0038007,-0.48599,2.5024,4.9786,0
0.45715,-0.0091553,-0.0042758,-0.49347,2.5012,4.9796,0.00030518
0.4512,-0.0030518,-0.0042758,-0.50995,2.5015,4.9789,0.00030518
0.44846,0.00030518,-0.0042758,-0.53558,2.5012,4.9786,0.00030518
0.44144,0.0099182,-0.005226,-0.5632,2.5018,4.9792,0.00030518
0.4306,0.031433,-0.0038007,-0.58533,2.5015,4.9774,0.00061035
0.4277,0.055847,-0.0047509,-0.60532,2.5018,4.9789,-0.00030518
0.4158,0.063629,-0.0042758,-0.625,2.5024,4.9789,0
0.40131,0.049896,-0.0042758,-0.63477,2.5012,4.9796,-0.00061035
0.38086,0.027924,-0.005226,-0.63583,2.5015,4.9796,0
0.35782,0.020905,-0.0042758,-0.63583,2.5015,4.9786,-0.00030518
0.3186,0.014038,-0.0042758,-0.64148,2.5018,4.9792,0.00030518
0.27924,-0.0016785,-0.0047509,-0.65125,2.5012,4.9802,0.00030518
0.25833,-0.0064087,-0.0047509,-0.66269,2.5018,4.9792,0
0.23743,0.0083923,-0.005226,-0.66589,2.5012,4.9796,0.00030518
0.20721,0.023651,-0.0042758,-0.66238,2.5009,4.9796,0.00030518
0.18005,0.024567,-0.0042758,-0.65903,2.5009,4.9796,0
0.15106,0.0090027,-0.0042758,-0.65552,2.5015,4.9786,-0.00030518
0.13321,-0.012512,-0.0042758,-0.64896,2.5018,4.9789,0.00030518
0.11871,-0.034637,-0.0033257,-0.64087,2.5024,4.9786,-0.00030518
0.10071,-0.052795,-0.0047509,-0.63797,2.5003,4.9789,0.00030518
0.083618,-0.046539,-0.0038007,-0.63187,2.5012,4.9796,0
0.066833,-0.015564,-0.0042758,-0.61356,2.5015,4.9789,0.00061035
0.052948,0.013733,-0.0042758,-0.59067,2.5021,4.9789,0.00030518
0.036926,0.024719,-0.0042758,-0.57419,2.5015,4.9792,0.00030518
0.018921,0.015869,-0.005226,-0.56,2.5021,4.9786,-0.00030518
0.014038,-0.007019,-0.005226,-0.54245,2.5009,4.9777,0.00030518
0.0016785,-0.021973,-0.0047509,-0.51529,2.5018,4.9796,0
-0.018463,-0.01709,-0.0047509,-0.48279,2.5015,4.9789,0.00091553
-0.035553,0.0010681,-0.0047509,-0.44907,2.5018,4.9783,0
-0.04364,0.014191,-0.005226,-0.41855,2.5018,4.9786,0
-0.055084,0.01297,-0.0042758,-0.38788,2.5018,4.9792,0.00030518
-0.079498,0.01297,-0.0042758,-0.35507,2.5009,4.9789,0
-0.10437,0.012207,-0.0047509,-0.32364,2.5006,4.9786,-0.00030518
-0.11948,-0.0030518,-0.0042758,-0.29633,2.5012,4.9789,0
-0.13504,-0.03006,-0.0042758,-0.27298,2.5012,4.9789,-0.00061035
-0.14328,-0.043488,-0.0042758,-0.24857,2.5009,4.9789,0
-0.1619,-0.035095,-0.0033257,-0.21851,2.5015,4.9792,-0.00030518
-0.17502,-0.018463,-0.0047509,-0.18326,2.5015,4.9789,0
-0.17975,-0.0071716,-0.0047509,-0.15228,2.5009,4.9783,0.00030518
-0.17883,0.004425,-0.0047509,-0.12772,2.5018,4.9792,0
-0.17319,0.027466,-0.0047509,-0.10544,2.5009,4.9796,0.00061035
-0.1683,0.050659,-0.0042758,-0.080719,2.5018,4.9786,0
-0.16357,0.053711,-0.0038007,-0.057678,2.5021,4.9792,0.00030518
-0.15839,0.037231,-0.0047509,-0.041199,2.5027,4.9796,0.00030518
-0.15976,0.022736,-0.0042758,-0.025024,2.5018,4.9777,0
-0.15472,0.021362,-0.0038007,-0.0045776,2.5018,4.9789,0
-0.16022,0.023346,-0.005226,0.016937,2.5012,4.9783,-0.00061035
-0.16815,0.027771,-0.0047509,0.039368,2.5015,4.9789,0.00030518
-0.16647,0.034332,-0.0038007,0.059052,2.5012,4.9786,0.00030518
-0.17441,0.032349,-0.0047509,0.074005,2.5031,4.9805,-0.00030518
-0.18356,0.037842,-0.0038007,0.088654,2.5012,4.9796,0.00030518
-0.18356,0.04425,-0.0042758,0.10239,2.5018,4.9792,0.00061035
-0.1796,0.033264,-0.0047509,0.11215,2.5012,4.9792,0.00061035
-0.1828,0.012512,-0.005226,0.12238,2.5021,4.9789,0.00030518
-0.18616,-0.0022888,-0.0038007,0.1358,2.5018,4.9786,0.00030518
-0.17715,-0.0045776,-0.0047509,0.14938,2.5009,4.9796,0
-0.17532,-0.010376,-0.0042758,0.16068,2.5015,4.9786,0.00061035
-0.17227,-0.019226,-0.005226,0.17059,2.5012,4.9789,-0.00030518
-0.16968,-0.02533,-0.0042758,0.17868,2.5015,4.978,-0.00030518
-0.17151,-0.036621,-0.0047509,0.18692,2.5018,4.9792,-0.00030518
-0.17517,-0.045471,-0.0042758,0.19516,2.5009,4.9783,0
-0.18021,-0.03418,-0.0042758,0.20126,2.5009,4.9783,-0.00030518
-0.18478,-0.02121,-0.0033257,0.20828,2.5021,4.9777,0
-0.18692,-0.014954,-0.0042758,0.21622,2.5012,4.9783,0
-0.18677,0.0015259,-0.0042758,0.22659,2.5003,4.9762,0.00030518
-0.16769,0.013885,-0.005701,0.23666,2.5012,4.9771,0.00061035
-0.16388,0.01236,-0.005226,0.24323,2.5009,4.9783,0.00030518
-0.17471,-0.00045776,-0.0047509,0.25085,2.5018,4.9777,0
-0.18311,-0.020294,-0.0047509,0.25467,2.5015,4.9774,-0.00030518
-0.18585,-0.031128,-0.005226,0.2597,2.5018,4.978,0
-0.18555,-0.023804,-0.0038007,0.26443,2.5012,4.9786,0
-0.18585,-0.010681,-0.0038007,0.27145,2.5003,4.9792,-0.00061035
-0.2005,-0.010223,-0.0042758,0.27863,2.5021,4.9786,0.00030518
-0.21545,-0.016022,-0.0042758,0.28275,2.5012,4.9786,0.00030518
-0.22583,-0.017242,-0.0047509,0.2858,2.5024,4.9777,0.00030518
-0.22141,-0.017242,-0.0047509,0.28854,2.5009,4.9796,0.00030518
-0.21805,-0.018921,-0.0042758,0.29205,2.5012,4.9789,0.00030518
-0.22156,-0.0053406,-0.0047509,0.2951,2.5012,4.9799,0
-0.22552,0.0090027,-0.0047509,0.29877,2.5012,4.9777,0.00061035
-0.2243,0.0032043,-0.0042758,0.30563,2.5003,4.9789,0.00030518
-0.22079,-0.0177,-0.0042758,0.3093,2.5015,4.9783,0.00030518
-0.21896,-0.030823,-0.0047509,0.31082,2.5006,4.9792,0
-0.21622,-0.035553,-0.0047509,0.31174,2.5009,4.9783,0
-0.20721,-0.027466,-0.0047509,0.31143,2.5012,4.9796,0.00030518
-0.20981,-0.0047302,-0.0047509,0.31204,2.5006,4.978,0.00030518
-0.21667,0.013275,-0.0042758,0.31555,2.5015,4.9783,-0.00061035
-0.21606,0.020142,-0.0033257,0.31647,2.5015,4.9799,0.00030518
-0.21301,0.012054,-0.0047509,0.31235,2.5012,4.9789,-0.00030518
-0.21683,-0.00076294,-0.0042758,0.30716,2.5012,4.9789,0.00061035
-0.22141,-0.0012207,-0.0042758,0.30228,2.5018,4.9789,0
-0.22324,0.024872,-0.0047509,0.29892,2.5009,4.9796,0.00061035
-0.2179,0.065002,-0.0047509,0.29663,2.5012,4.9789,0
-0.21362,0.072937,-0.005226,0.29434,2.5009,4.9802,0.00030518
-0.21774,0.050812,-0.0042758,0.2919,2.5015,4.9796,-0.00061035
-0.21729,0.037689,-0.0042758,0.28885,2.5012,4.9796,0
-0.20386,0.033569,-0.0042758,0.28473,2.5012,4.9786,0.00030518
-0.19363,-0.0012207,-0.0042758,0.28061,2.5012,4.9789,0.00030518
-0.18951,-0.041046,-0.0042758,0.27802,2.5018,4.9799,-0.00030518
-0.18738,-0.044861,-0.0047509,0.27298,2.5012,4.9796,-0.00061035
-0.18234,-0.052032,-0.0042758,0.27374,2.5018,4.9802,0
-0.18356,-0.083923,-0.0038007,0.27664,2.5009,4.9789,0.00030518
-0.18814,-0.085602,-0.0042758,0.27634,2.5012,4.9792,0.00061035
-0.18692,-0.054321,-0.005701,0.27328,2.5012,4.9792,0
-0.17685,-0.032349,-0.0047509,0.27023,2.5012,4.9796,0.00030518
-0.17136,-0.028839,-0.005701,0.26733,2.5015,4.9783,0
-0.15854,-0.022888,-0.0042758,0.26245,2.5012,4.9786,-0.00030518
-0.15503,-0.012054,-0.0047509,0.25528,2.5012,4.9783,-0.00030518
-0.15396,-0.0045776,-0.0042758,0.25009,2.5021,4.9789,0.00030518
-0.14496,-0.0022888,-0.0038007,0.2449,2.5009,4.9802,-0.00030518
-0.1358,-0.0054932,-0.0042758,0.23636,2.5015,4.9786,0.00030518
-0.13443,-0.011444,-0.0033257,0.22812,2.5009,4.9786,-0.00061035
-0.13153,-0.018463,-0.0042758,0.22095,2.5009,4.9789,0.00061035
-0.11795,-0.02182,-0.0038007,0.2124,2.5015,4.9792,0
-0.10025,-0.020142,-0.0042758,0.20432,2.5015,4.9789,0.00030518
-0.092468,-0.0048828,-0.0038007,0.19501,2.5006,4.9786,0.00030518
-0.087128,0.005188,-0.0042758,0.19058,2.5003,4.9796,0.00030518
-0.08667,0.0035095,-0.005226,0.18448,2.5015,4.9786,0
-0.076447,-0.0032043,-0.0042758,0.17639,2.5015,4.9789,-0.00030518
-0.056915,-0.0086975,-0.005701,0.16815,2.5021,4.9796,0.00030518
-0.037689,-0.0088501,-0.0047509,0.15945,2.5018,4.9789,0
-0.019379,-0.005188,-0.0042758,0.14664,2.5021,4.9792,0
-0.0073242,0.004425,-0.0042758,0.13062,2.5009,4.9789,0.00030518
-0.00091553,0.020905,-0.0047509,0.1181,2.5006,4.9786,0.00030518
0.0030518,0.026093,-0.0047509,0.10925,2.5012,4.9792,0
0.0035095,0.021057,-0.0038007,0.10254,2.5012,4.9777,0.00061035
0.016785,0.011902,-0.0042758,0.098724,2.5012,4.9789,0.00061035
0.02121,0.0021362,-0.0038007,0.095215,2.5015,4.9789,0
0.025787,-0.0071716,-0.005226,0.082245,2.5015,4.9789,0
0.031433,-0.0065613,-0.0038007,0.070038,2.5015,4.9789,-0.00061035
0.037842,0.002594,-0.0047509,0.061493,2.5012,4.9789,0.00030518
0.04303,0.013275,-0.0042758,0.051422,2.5012,4.9805,0
0.050812,0.023193,-0.0042758,0.040741,2.5024,4.9789,-0.00061035
0.066681,0.034332,-0.0047509,0.035706,2.5018,4.9789,0.00030518
0.069427,0.040741,-0.0038007,0.034027,2.5003,4.9799,0.00030518
0.06012,0.037994,-0.0047509,0.031891,2.5015,4.9792,0
0.072632,0.028076,-0.0042758,0.028992,2.5015,4.9792,0
0.084229,0.010681,-0.0047509,0.023804,2.5015,4.9777,-0.00061035
0.086823,-0.014191,-0.0038007,0.020142,2.5018,4.9783,0.00061035
0.08194,-0.026855,-0.0047509,0.017242,2.5018,4.9786,0
0.077057,-0.021973,-0.0042758,0.011444,2.5006,4.9771,0.00030518
0.08728,-0.0048828,-0.005226,0.00015259,2.5012,4.9777,0.00030518
0.10742,0.0083923,-0.0042758,-0.012054,2.5015,4.978,0.00061035
0.11078,0.011902,-0.0033257,-0.022736,2.5015,4.978,0
0.10742,0.0090027,-0.0038007,-0.027466,2.5021,4.9777,0
0.10712,-0.0033569,-0.0042758,-0.031738,2.5024,4.9765,0
0.121,-0.020294,-0.0038007,-0.037842,2.5006,4.9774,0
0.12665,-0.03479,-0.0042758,-0.041351,2.5009,4.978,0.00030518
0.12115,-0.033875,-0.0038007,-0.046539,2.5009,4.9777,0.00030518
0.11963,-0.019073,-0.0038007,-0.051422,2.5015,4.9771,0.00030518
0.1239,-0.0036621,-0.0047509,-0.051727,2.5034,4.978,0.00030518
0.12833,0.0038147,-0.0047509,-0.050507,2.5015,4.9786,-0.00030518
0.13016,0.0061035,-0.0038007,-0.049591,2.5015,4.978,-0.00030518
0.12863,0.0024414,-0.0042758,-0.04715,2.5006,4.9783,0.00030518
0.11215,-0.0041199,-0.0047509,-0.045471,2.5012,4.9789,0
0.10406,-0.0047302,-0.0028506,-0.045624,2.5015,4.9789,0.00061035
0.11917,-0.0035095,-0.0033257,-0.050201,2.5009,4.9783,-0.00030518
0.11856,0.00076294,-0.0038007,-0.053253,2.5012,4.9786,0.00030518
0.11185,0.023499,-0.0047509,-0.054169,2.5021,4.9792,-0.00030518
0.11139,0.052948,-0.005226,-0.05249,2.5012,4.9796,0.00030518
0.11749,0.073547,-0.0047509,-0.051727,2.5012,4.9786,0.00030518
0.12024,0.079193,-0.0038007,-0.050812,2.5009,4.9783,0.00061035
0.12421,0.067596,-0.0042758,-0.052643,2.5015,4.9786,-0.00030518
0.12848,0.039063,-0.0061761,-0.052338,2.5021,4.9786,-0.00030518
0.12711,0.007019,-0.0038007,-0.050354,2.5018,4.9789,-0.00061035
0.11658,-0.016632,-0.005226,-0.049896,2.5012,4.9777,0.00030518
0.12115,-0.030975,-0.0033257,-0.05127,2.5015,4.9792,0
0.12131,-0.030823,-0.0042758,-0.053253,2.5006,4.9789,0.00061035
0.10925,-0.017853,-0.005226,-0.053101,2.5009,4.9796,0.00030518
0.10422,0.0057983,-0.0038007,-0.056305,2.5015,4.9789,0.00030518
0.10147,0.026398,-0.005226,-0.059204,2.5003,4.9789,0.00030518
0.097198,0.031586,-0.0042758,-0.055542,2.5012,4.9796,0
0.10193,0.028992,-0.005226,-0.049896,2.5015,4.9789,0.00030518
0.10941,0.018768,-0.0033257,-0.047455,2.5009,4.9789,0
0.11032,-0.0042725,-0.0042758,-0.046692,2.5024,4.9789,0.00030518
0.10361,-0.023651,-0.0038007,-0.044861,2.5012,4.9789,0
0.10529,-0.020447,-0.0042758,-0.044708,2.5012,4.9799,-0.00030518
0.10254,-0.0097656,-0.0047509,-0.047913,2.5015,4.9792,0
0.09613,-0.010986,-0.0047509,-0.051117,2.5003,4.9792,-0.00061035
0.10132,-0.016937,-0.0047509,-0.050964,2.5009,4.9792,0
0.10101,-0.007782,-0.0047509,-0.046692,2.5006,4.9792,0
0.092468,0.010376,-0.0033257,-0.045929,2.5018,4.9792,0.00030518
0.088043,0.019379,-0.0023755,-0.04837,2.5018,4.9789,0
0.088806,0.017548,-0.0042758,-0.05127,2.5012,4.9796,0
0.085907,0.009613,-0.0033257,-0.053711,2.5003,4.9786,-0.00030518
0.084229,0.0038147,-0.0047509,-0.054321,2.5009,4.9789,0
0.094452,0.0033569,-0.0042758,-0.053864,2.5006,4.9792,0.00030518
0.091095,0.0094604,-0.0042758,-0.052338,2.5015,4.9789,0
0.085297,0.014343,-0.0038007,-0.04837,2.5009,4.9796,0.00030518
0.08194,0.014801,-0.005226,-0.046082,2.5018,4.9808,0.00091553
0.079956,0.010376,-0.0042758,-0.045929,2.5012,4.9792,0
0.075226,0.0036621,-0.0042758,-0.043182,2.5027,4.9789,0.00030518
0.070496,0.00015259,-0.0042758,-0.041351,2.5012,4.9783,0
0.061646,0.0019836,-0.0047509,-0.043488,2.5021,4.9789,0
0.054779,0.0053406,-0.005226,-0.043182,2.5015,4.9789,0.00030518
0.056915,0.002594,-0.0038007,-0.036774,2.5012,4.9789,0
0.06073,-0.0015259,-0.0042758,-0.029449,2.5021,4.9792,0.00030518
0.05249,-0.0028992,-0.0047509,-0.027466,2.5006,4.9783,0.00061035
0.052643,0.002594,-0.0033257,-0.026855,2.5006,4.9786,0.00061035
0.060883,0.018005,-0.0042758,-0.025787,2.4997,4.9799,0
0.068512,0.028992,-0.0047509,-0.023956,2.5021,4.9805,0
0.071106,0.022278,-0.0038007,-0.024719,2.5015,4.9789,0
0.063019,0,-0.0042758,-0.024414,2.5015,4.9786,0.00030518
0.051422,-0.022888,-0.0042758,-0.024109,2.5003,4.9799,-0.00030518
0.045166,-0.02594,-0.0047509,-0.026093,2.5006,4.9792,0.00030518
0.039063,-0.014648,-0.0042758,-0.025177,2.5015,4.9774,0.00030518
0.045319,-0.0059509,-0.005226,-0.021515,2.5024,4.9786,0.00061035
0.045013,-0.0018311,-0.0042758,-0.017853,2.5018,4.9783,0.00030518
0.041504,0.0059509,-0.0038007,-0.019379,2.5018,4.9783,-0.00030518
0.041809,0.014496,-0.0042758,-0.021362,2.5012,4.9796,0.00030518
0.036926,0.012512,-0.0042758,-0.022278,2.5015,4.9792,-0.00030518
0.028076,0.0033569,-0.0047509,-0.023499,2.5015,4.9789,0
0.029144,-0.0016785,-0.0042758,-0.025635,2.5015,4.9799,0.00030518
0.028534,0.0053406,-0.0042758,-0.024109,2.5006,4.9789,0.00030518
0.021057,0.027771,-0.0042758,-0.0177,2.5012,4.9792,0.00030518
0.010986,0.064087,-0.0047509,-0.01297,2.5015,4.9792,0.00030518
0.012817,0.099335,-0.005701,-0.014496,2.5006,4.9796,0.00061035
0.015869,0.11292,-0.0042758,-0.016632,2.5006,4.9786,0.00030518
0.016327,0.096741,-0.0042758,-0.017242,2.5018,4.9777,0
0.017395,0.045471,-0.0042758,-0.015564,2.5012,4.9789,0.00030518
0.013428,-0.02594,-0.005226,-0.014648,2.5009,4.9783,0.00061035
0.0099182,-0.080414,-0.0042758,-0.016785,2.5018,4.9783,-0.00061035
0.025482,-0.094757,-0.0047509,-0.019226,2.5015,4.9786,0.00030518
0.03006,-0.070801,-0.0042758,-0.020599,2.5015,4.9786,0
0.018921,-0.026245,-0.0042758,-0.02243,2.5006,4.9786,-0.00030518
0.018463,0.0056458,-0.0042758,-0.026245,2.5024,4.9771,0.00030518
0.037231,0.011597,-0.005226,-0.028992,2.5012,4.9777,0.00030518
0.038452,-0.0030518,-0.0033257,-0.030212,2.4963,4.9777,0
0.025177,-0.015411,-0.0033257,-0.031128,2.5009,4.9774,0.00030518
0.015259,-0.027618,-0.005226,-0.030212,2.5021,4.978,-0.00030518
0.018616,-0.029602,-0.0042758,-0.028381,2.5009,4.9774,0.00030518
0.026703,-0.012054,-0.0042758,-0.027618,2.5027,4.9777,-0.00061035
0.029907,0.017395,-0.0047509,-0.027008,2.5006,4.9783,-0.00061035
0.024567,0.03891,-0.0042758,-0.023651,2.5015,4.9792,-0.00030518
0.010376,0.050507,-0.0042758,-0.019836,2.5012,4.9796,-0.00061035
-0.0022888,0.052032,-0.0047509,-0.020142,2.5006,4.9789,0
0.004425,0.042877,-0.0047509,-0.022278,2.5012,4.9789,-0.00061035
0.0088501,0.023041,-0.0042758,-0.02533,2.5024,4.9789,-0.00030518
0.010376,-0.017548,-0.0047509,-0.026245,2.5021,4.9789,-0.00061035
0.01297,-0.056,-0.0042758,-0.029144,2.5012,4.9792,0
0.017548,-0.06485,-0.0042758,-0.032959,2.5015,4.9792,-0.00030518
0.016632,-0.059357,-0.0038007,-0.033722,2.5018,4.9786,0.00061035
0.0097656,-0.053711,-0.0042758,-0.029144,2.5021,4.9786,-0.00030518
0.002594,-0.043945,-0.0042758,-0.023041,2.5003,4.9792,-0.00030518
0.0010681,-0.025482,-0.0028506,-0.02121,2.5009,4.9783,0
0.0038147,-0.0059509,-0.0042758,-0.023346,2.5015,4.9777,0.00030518
0.011597,0.0021362,-0.0038007,-0.023346,2.5015,4.978,0.00030518
0.0082397,0.0028992,-0.0038007,-0.022736,2.5009,4.9786,0.00061035
0.0067139,-0.0071716,-0.005226,-0.02121,2.5015,4.9783,0
0.0022888,-0.025482,-0.0042758,-0.020447,2.5009,4.978,-0.00030518
0.0010681,-0.036316,-0.0042758,-0.019073,2.5021,4.9789,-0.00030518
0.0021362,-0.032654,-0.0038007,-0.021057,2.5015,4.9792,0.00061035
0.0053406,-0.028687,-0.0033257,-0.021057,2.5,4.9792,0
0.011444,-0.025024,-0.0038007,-0.022125,2.5021,4.9805,0
0.009613,-0.019226,-0.0038007,-0.023041,2.5015,4.9786,0.00061035
0.0010681,-0.010681,-0.0038007,-0.021667,2.5018,4.9789,0.00030518
-0.0038147,-0.0012207,-0.0042758,-0.016785,2.5021,4.9783,0.00061035
-0.013733,0.0028992,-0.0047509,-0.013123,2.5015,4.9786,0.00030518
-0.013885,-0.005188,-0.0047509,-0.012207,2.5015,4.9786,-0.00030518
-0.0082397,-0.010223,-0.0047509,-0.011902,2.5015,4.9789,-0.00030518
-0.0057983,-0.0064087,-0.005226,-0.013123,2.5012,4.9783,0.00030518
-0.0048828,0.0041199,-0.0047509,-0.010223,2.5018,4.9796,0
-0.011139,0.011444,-0.0047509,-0.0019836,2.5009,4.9792,0
-0.013733,0.011902,-0.005226,0.0021362,2.5012,4.9799,0.00061035
-0.0068665,0.012207,-0.005226,0.002594,2.5015,4.9792,0.00091553
-0.0053406,0.0019836,-0.0042758,0.0022888,2.5012,4.9783,-0.00030518
0.00015259,-0.01297,-0.0038007,0.0033569,2.5009,4.9792,0
0.00061035,-0.014191,-0.005226,0.0019836,2.5018,4.9786,0
-0.0050354,-0.0036621,-0.0042758,0.00061035,2.5012,4.9796,0
-0.0035095,0.015869,-0.0033257,0.0013733,2.5021,4.9789,-0.00061035
-0.0021362,0.029755,-0.0042758,0.0015259,2.5012,4.9792,0
-0.0012207,0.02594,-0.005226,0,2.5021,4.9786,0.00061035
-0.0032043,0.004425,-0.0042758,-0.0024414,2.5012,4.9783,0.00091553
-0.0041199,-0.015106,-0.0047509,-0.005188,2.5003,4.9789,0.00030518
-0.0033569,-0.028687,-0.005226,-0.0090027,2.5006,4.9783,0.00030518
-0.007019,-0.035095,-0.005226,-0.011597,2.5015,4.9792,0.00061035
-0.01358,-0.037079,-0.0042758,-0.01236,2.5015,4.9786,-0.00091553
-0.015259,-0.022736,-0.0047509,-0.010834,2.5015,4.9796,0.00061035
-0.011902,0.011292,-0.005226,-0.0088501,2.5009,4.9789,0.00030518
-0.011597,0.03952,-0.0042758,-0.0010681,2.5009,4.9796,0.00030518
-0.018463,0.06012,-0.005226,0.0041199,2.5012,4.9786,0.00030518
-0.024261,0.080109,-0.0042758,0.0054932,2.5012,4.9792,-0.00061035
-0.024567,0.073395,-0.0038007,0.0064087,2.5006,4.9786,0.00030518
-0.028381,0.028381,-0.0042758,0.0083923,2.5009,4.9789,0.00030518
-0.029144,-0.015259,-0.0042758,0.0091553,2.5015,4.9792,0
-0.022583,-0.026703,-0.005701,0.0083923,2.5009,4.978,-0.00030518
-0.0083923,-0.020905,-0.0038007,0.0061035,2.5012,4.9783,0.00030518
-0.0076294,-0.013885,-0.0042758,0.0062561,2.5012,4.9783,0.00030518
-0.016022,-0.0085449,-0.0047509,0.0068665,2.5015,4.9789,0.00030518
-0.013428,0.00015259,-0.0047509,0.0094604,2.5012,4.9789,0.00091553
-0.0091553,0.005188,-0.0042758,0.012665,2.5015,4.9789,0.00030518
-0.0085449,0,-0.005226,0.014801,2.5015,4.9789,0
-0.013123,-0.0093079,-0.0047509,0.010986,2.5009,4.9796,0
-0.010681,-0.014191,-0.0042758,0.0064087,2.5009,4.9802,0
-0.0083923,-0.0088501,-0.0042758,0.0036621,2.5012,4.9796,-0.00030518
-0.012665,-0.0071716,-0.0042758,0.00045776,2.5012,4.9789,-0.00030518
-0.004425,-0.019379,-0.0047509,0.0036621,2.5018,4.9799,0.00030518
-0.0082397,-0.032806,-0.0042758,0.0088501,2.5021,4.9777,0.00061035
-0.016327,-0.030365,-0.0028506,0.010529,2.5015,4.978,0
-0.017395,-0.014496,-0.005701,0.0079346,2.5012,4.978,0.00030518
0.0065613,-0.002594,-0.0038007,0.0054932,2.5009,4.9774,0.00030518
0.024567,0.010223,-0.0047509,0.0050354,2.5012,4.9783,0.00091553
0.0035095,0.02655,-0.0042758,0.0067139,2.5015,4.9783,-0.00030518
-0.019379,0.046082,-0.0047509,0.011139,2.5018,4.978,0
-0.030212,0.066223,-0.0047509,0.016479,2.5009,4.9783,-0.00030518
-0.032654,0.075378,-0.0042758,0.018158,2.5006,4.9765,0.00030518
-0.016479,0.077057,-0.0042758,0.017548,2.5006,4.9765,-0.00030518
-0.01297,0.077209,-0.0033257,0.01709,2.5015,4.9774,0.00030518
-0.02182,0.063782,-0.005226,0.018616,2.5015,4.9777,-0.00030518
-0.020599,0.032806,-0.005226,0.020294,2.5015,4.9777,0
-0.018768,-0.00015259,-0.0038007,0.020294,2.5021,4.9768,0
-0.02182,-0.02655,-0.0047509,0.02243,2.5015,4.9789,0.00061035
-0.029755,-0.036163,-0.0042758,0.023499,2.5018,4.9783,-0.00061035
-0.032959,-0.029755,-0.0047509,0.023499,2.5021,4.9789,0.00061035
-0.027008,-0.014954,-0.0047509,0.022278,2.5015,4.9789,0.00030518
-0.028381,0.00045776,-0.0047509,0.021057,2.5015,4.9789,-0.00030518
-0.026245,0.015717,-0.0047509,0.018463,2.5006,4.9789,0.00030518
-0.03067,0.031738,-0.0042758,0.016479,2.5012,4.9783,0.00030518
-0.023041,0.037689,-0.0047509,0.01297,2.5012,4.9789,0.00061035
-0.017853,0.0059509,-0.0047509,0.010681,2.5012,4.9796,0.00030518
-0.02182,-0.062561,-0.0047509,0.0099182,2.5003,4.9792,0.00030518
-0.02594,-0.11749,-0.005226,0.011139,2.5012,4.9786,0.00030518
-0.023499,-0.12085,-0.005226,0.013733,2.5018,4.9789,0
-0.032043,-0.082855,-0.0038007,0.018463,2.5018,4.9796,-0.00030518
-0.051727,-0.032501,-0.0047509,0.021515,2.5003,4.9792,-0.00030518
-0.060272,0.0082397,-0.005226,0.02182,2.5018,4.9774,0
-0.03952,0.025177,-0.0047509,0.02121,2.5006,4.9789,0.00030518
-0.021057,0.020752,-0.0038007,0.019531,2.5018,4.9789,0
-0.016174,0.0079346,-0.0042758,0.017853,2.5021,4.9789,0.00061035
-0.023651,0.00076294,-0.005226,0.018005,2.5009,4.9789,0.00030518
-0.029144,0.011749,-0.0038007,0.015411,2.5003,4.9786,0.00061035
-0.020447,0.043945,-0.0038007,0.014954,2.5018,4.9789,-0.00030518
-0.01236,0.074768,-0.0033257,0.015717,2.5015,4.9786,0
-0.010223,0.081482,-0.0042758,0.014191,2.5009,4.9792,0.00030518
-0.010529,0.062103,-0.0047509,0.01236,2.5018,4.9799,0.00061035
0.0016785,0.03067,-0.0038007,0.0094604,2.5018,4.9792,0.00091553
0.037384,-0.016632,-0.0042758,0.0057983,2.5015,4.9792,0
0.0038147,-0.074463,-0.0042758,0.004425,2.5018,4.9799,-0.00030518
-0.027161,-0.11246,-0.0038007,0.0028992,2.5009,4.9796,0
-0.021973,-0.11734,-0.0042758,0.004425,2.5,4.9796,0
-0.027924,-0.099792,-0.0047509,0.009613,2.5021,4.9796,0.00061035
-0.03952,-0.077209,-0.0042758,0.014343,2.5015,4.9789,-0.00030518
-0.047302,-0.063629,-0.0042758,0.016174,2.5015,4.9789,0.00030518
-0.048828,-0.04776,-0.005226,0.016327,2.5006,4.9799,0.00061035
-0.0383,-0.030365,-0.0047509,0.013885,2.5009,4.9799,0.00061035
-0.043488,-0.027466,-0.0042758,0.0086975,2.5015,4.9777,0.00061035
-0.024567,-0.032959,-0.0042758,0.0039673,2.5018,4.9783,-0.00030518
-0.012207,-0.013428,-0.0042758,0.0027466,2.5018,4.9789,0.00030518
-0.0071716,0.028076,-0.0047509,0.0054932,2.5018,4.9789,-0.00030518
0.002594,0.060425,-0.0047509,0.0097656,2.5012,4.9792,-0.00091553
0.024414,0.070953,-0.0047509,0.0083923,2.5009,4.9789,0.00030518
-0.0022888,0.071411,-0.005226,0.0010681,2.5003,4.9792,0.00061035
-0.020752,0.066528,-0.0038007,-0.0016785,2.5021,4.9786,0.00091553
-0.012207,0.03952,-0.0042758,0.0018311,2.5021,4.9789,-0.00030518
-0.018616,-0.0059509,-0.0047509,0.0079346,2.5021,4.9789,0.00030518
-0.03006,-0.039825,-0.005226,0.0097656,2.5006,4.9786,0.00030518
-0.016327,-0.052185,-0.0042758,0.012665,2.5006,4.9789,-0.00030518
-0.010834,-0.053406,-0.0042758,0.014343,2.5012,4.9789,0
-0.012665,-0.045471,-0.0028506,0.010071,2.5009,4.9792,0.00061035
-0.01358,-0.027466,-0.005226,0.0024414,2.5015,4.9789,0
-0.010681,-0.007019,-0.0047509,-0.0035095,2.5015,4.9792,0.00030518
-0.00045776,0.0088501,-0.0047509,-0.0073242,2.5003,4.9783,0
-0.00061035,0.016479,-0.0042758,-0.0097656,2.5012,4.9783,0.00030518
-0.0064087,0.023041,-0.0033257,-0.011902,2.5018,4.9789,-0.00030518
-0.0035095,0.030518,-0.0047509,-0.012665,2.5015,4.9783,0
-0.00015259,0.033722,-0.0028506,-0.012512,2.5006,4.978,-0.00061035
0.022278,0.028687,-0.0042758,-0.010681,2.5012,4.9789,0
0.019073,0.023651,-0.0047509,-0.0094604,2.5009,4.9786,0.00030518
0.0027466,0.019226,-0.0047509,-0.011292,2.5012,4.9786,0.00030518
0.013275,0.016022,-0.0028506,-0.012665,2.5009,4.978,0.00030518
0.015869,0.012817,-0.0047509,-0.012817,2.5018,4.9796,-0.00030518
0.0093079,0.013123,-0.005226,-0.013428,2.5024,4.9789,0.00030518
0.0019836,0.027618,-0.005226,-0.014496,2.5015,4.9789,0
0.0042725,0.040894,-0.0047509,-0.012817,2.5012,4.9799,-0.00030518
0.0094604,0.03891,-0.0042758,-0.0099182,2.5015,4.9792,0
0.012512,0.016479,-0.0042758,-0.0083923,2.5018,4.9796,0.00030518
0.017242,-0.017395,-0.0047509,-0.0080872,2.5015,4.9789,0.00030518
0.0038147,-0.04425,-0.0042758,-0.0082397,2.5009,4.9786,0.00030518
-0.0057983,-0.050507,-0.0047509,-0.0086975,2.5009,4.9783,0
0.0010681,-0.035553,-0.0042758,-0.010834,2.5015,4.9771,0
0.0065613,-0.01236,-0.0042758,-0.0065613,2.5015,4.9777,0
0.0045776,0.0071716,-0.0047509,0.0059509,2.5015,4.9783,0.00030518
0.0027466,0.014801,-0.0047509,0.013275,2.5003,4.9777,-0.00030518
0.00076294,0.019531,-0.005226,0.011902,2.5009,4.9789,0.00030518
-0.0041199,0.023499,-0.0042758,0.007019,2.5012,4.9777,0
-0.016479,0.025787,-0.005226,0.004425,2.5024,4.9768,0
-0.014343,0.018311,-0.0047509,0.0010681,2.5006,4.9783,-0.00030518
0.0019836,0.014343,-0.005226,0.00015259,2.5018,4.9777,0
0.03952,0.020447,-0.0042758,0.0016785,2.5009,4.978,0.00061035
0.032349,0.015564,-0.0042758,0.0047302,2.5018,4.978,0
0.0099182,-0.0079346,-0.005226,0.0068665,2.5015,4.978,0
-0.011292,-0.01709,-0.005226,0.0080872,2.5015,4.9777,0
-0.011444,-0.0053406,-0.0047509,0.0088501,2.5021,4.9792,-0.00061035
-0.0091553,0.00076294,-0.0038007,0.016022,2.5009,4.9789,0.00030518
-0.024872,-0.011292,-0.0047509,0.021057,2.5015,4.9786,0
-0.020599,-0.017548,-0.0047509,0.020599,2.5015,4.978,0.00030518
0.0010681,0.0086975,-0.0042758,0.021362,2.5015,4.9789,0
0.012665,0.049896,-0.0047509,0.022888,2.5006,4.9789,-0.00030518
0.015869,0.072784,-0.0038007,0.023193,2.5015,4.9792,-0.00030518
-0.00061035,0.073547,-0.0042758,0.019531,2.5,4.9799,0.00091553
-0.0099182,0.064392,-0.0042758,0.011902,2.5024,4.9789,-0.00030518
-0.0080872,0.041504,-0.0038007,0.0067139,2.5009,4.9796,-0.00061035
0.0010681,-0.0038147,-0.0042758,0.0033569,2.5015,4.9789,0
0.0094604,-0.043945,-0.0042758,-0.0027466,2.5015,4.9789,0.00030518
0.015411,-0.043488,-0.0038007,-0.0061035,2.5031,4.9792,-0.00030518
0.0048828,-0.016937,-0.0038007,-0.0065613,2.5012,4.9774,0.00061035
0.0012207,0.0074768,-0.005226,-0.007019,2.5009,4.9783,-0.00030518
0.002594,0.02533,-0.0042758,-0.0056458,2.5012,4.9786,-0.00030518
0.0032043,0.032043,-0.0033257,-0.00045776,2.5012,4.9786,-0.00030518
-0.007782,0.029602,-0.0042758,0.0083923,2.5012,4.9796,0
-0.007782,0.022888,-0.005226,0.015869,2.5009,4.9783,0
0.0015259,0.02243,-0.0042758,0.0177,2.5015,4.978,-0.00030518
0.0038147,0.0099182,-0.0038007,0.013885,2.5015,4.9792,0
0.0065613,-0.0091553,-0.0047509,0.0062561,2.5012,4.9799,-0.00061035
0.013275,-0.019226,-0.005226,0.0048828,2.5015,4.9799,-0.00030518
0.013275,-0.020905,-0.0042758,0.0054932,2.5015,4.9805,-0.00061035
0.0076294,-0.021667,-0.0042758,0.0030518,2.5015,4.9796,0
-0.0022888,-0.02655,-0.0047509,-0.0048828,2.5015,4.9789,0.00030518
0.013428,-0.023804,-0.0042758,-0.012054,2.5012,4.9802,-0.00030518
0.04425,-0.0024414,-0.0047509,-0.014191,2.5024,4.9792,-0.00061035
0.026855,0.022278,-0.0028506,-0.012817,2.5009,4.9792,0
0.010529,0.03067,-0.0047509,-0.0080872,2.5015,4.9796,0
0.011749,0.015411,-0.005226,-0.0018311,2.5012,4.9796,-0.00030518
0.012817,-0.0094604,-0.005226,-0.0013733,2.5015,4.9799,0
0.0177,-0.028687,-0.005226,-0.0054932,2.5009,4.9796,-0.00030518
0.032349,-0.035858,-0.0042758,-0.005188,2.5015,4.978,-0.00061035
0.060425,-0.018768,-0.005226,-0.0019836,2.5006,4.9789,0
0.05249,0.015869,-0.0033257,0.0018311,2.5009,4.9789,0
0.017548,0.028534,-0.0042758,0.0074768,2.5015,4.9783,0.00030518
-0.0036621,0.0064087,-0.0047509,0.010376,2.5006,4.9789,-0.00030518
-0.0080872,-0.028381,-0.0042758,0.0048828,2.5012,4.9783,-0.00030518
-0.0056458,-0.052795,-0.0047509,0.00061035,2.5012,4.9789,0
-0.0094604,-0.058594,-0.0047509,0.0045776,2.5021,4.9783,0
-0.016479,-0.030975,-0.005226,0.0088501,2.5009,4.9786,0.00061035
-0.013428,0.0053406,-0.005226,0.0076294,2.5018,4.9786,-0.00030518
-0.0067139,0.021057,-0.0042758,0.0054932,2.5015,4.9789,-0.00030518
0.014954,0.0091553,-0.0042758,0.004425,2.5012,4.9786,0.00030518
0.011139,-0.016022,-0.0038007,0.004425,2.5012,4.9783,-0.00030518
0.0041199,-0.045166,-0.0042758,0.0061035,2.5012,4.9786,0
0.0048828,-0.063629,-0.0047509,0.0086975,2.5,4.9792,0
0.0090027,-0.052948,-0.0042758,0.012207,2.5012,4.9789,0.00030518
0.0035095,-0.022888,-0.0042758,0.013428,2.5012,4.9796,0.00061035
-0.011292,-0.0042725,-0.0042758,0.020294,2.5015,4.9796,0
-0.019989,0.0010681,-0.0038007,0.029297,2.5003,4.9789,0
-0.038147,0.007019,-0.005226,0.031891,2.5015,4.9786,0.00030518
-0.046387,0.0093079,-0.0047509,0.028381,2.5006,4.978,0
-0.015106,0.0065613,-0.0042758,0.032501,2.5015,4.9783,0.00030518
-0.0090027,-0.00061035,-0.0042758,0.038757,2.5021,4.9786,0
-0.021667,-0.011292,-0.0038007,0.041962,2.5018,4.9789,0.00030518
-0.040131,-0.016174,-0.005226,0.040131,2.5018,4.9789,0.00030518
-0.041962,-0.012817,-0.0047509,0.034027,2.5015,4.9789,0.00061035
-0.029907,-0.0064087,-0.005226,0.028229,2.5012,4.9789,0.00030518
-0.02182,-0.0039673,-0.0047509,0.023499,2.5009,4.9796,0.00030518
-0.018005,-0.0012207,-0.0033257,0.023956,2.5021,4.9783,0.00030518
-0.018768,0.00045776,-0.0042758,0.025482,2.5015,4.9789,0.00030518
-0.018921,-0.0015259,-0.0042758,0.025787,2.5015,4.9802,-0.00030518
-0.01358,-0.002594,-0.0038007,0.023346,2.5012,4.9802,-0.00061035
-0.018768,-0.0015259,-0.0047509,0.017548,2.5,4.9777,0.00061035
-0.016785,-0.0022888,-0.0042758,0.015259,2.5012,4.9777,0.00030518
-0.017548,-0.0013733,-0.0047509,0.016327,2.5018,4.978,0.00030518
-0.018616,0.00045776,-0.0047509,0.0177,2.5024,4.9786,0.00030518
-0.011292,0.00015259,-0.0028506,0.015411,2.5018,4.9771,-0.00030518
-0.0076294,-0.00030518,-0.0042758,0.012512,2.5009,4.978,0
-0.007782,0.0035095,-0.0042758,0.011597,2.5012,4.9774,-0.00030518
-0.011902,0.011444,-0.005226,0.011749,2.5006,4.9789,0.00030518
-0.016937,0.019836,-0.0047509,0.011292,2.5018,4.9771,0.00030518
-0.0036621,0.028687,-0.0047509,0.0090027,2.5009,4.9765,0.00091553
-0.0018311,0.031128,-0.0047509,0.0056458,2.5018,4.978,0
-0.011749,0.02182,-0.005226,0.011444,2.5006,4.9777,0.00030518
-0.019531,0.0050354,-0.0047509,0.019073,2.5012,4.9774,-0.00030518
-0.026855,-0.0088501,-0.0038007,0.023956,2.5009,4.9777,0
-0.027924,-0.0073242,-0.0047509,0.022583,2.5009,4.9777,0
-0.011597,0.015564,-0.005226,0.013428,2.5015,4.9777,-0.00061035
-0.009613,0.041351,-0.0042758,0.0054932,2.5009,4.9789,0.00030518
-0.0076294,0.053101,-0.0033257,-0.0039673,2.5012,4.9786,0.00030518
-0.017395,0.055237,-0.0038007,-0.0094604,2.5012,4.9786,0.00061035
-0.017242,0.044861,-0.0047509,-0.0074768,2.5015,4.9786,0
-0.0056458,0.024719,-0.005226,-0.0085449,2.5015,4.9792,0.00091553
0.0061035,0.0099182,-0.0033257,-0.013885,2.5015,4.9796,0.00061035
0.010529,0.0024414,-0.0047509,-0.02121,2.5015,4.9786,0.00061035
0.0050354,-0.0067139,-0.0047509,-0.022888,2.5015,4.9783,-0.00030518
-0.0073242,-0.0024414,-0.0042758,-0.024414,2.5015,4.9792,-0.00061035
-0.0068665,0.014801,-0.0038007,-0.022125,2.5015,4.9792,-0.00030518
-0.0010681,0.034485,-0.0047509,-0.0090027,2.5012,4.9789,0.00030518
-0.0093079,0.038147,-0.0038007,-0.0018311,2.5015,4.9786,0.00030518
-0.01709,0.014648,-0.0047509,-0.0097656,2.5012,4.9783,0.00030518
-0.0061035,-0.034637,-0.0042758,-0.020294,2.5015,4.9789,0.00030518
0.0065613,-0.069275,-0.005226,-0.016632,2.5006,4.9789,-0.00030518
0.0068665,-0.072021,-0.0033257,-0.0076294,2.5009,4.9802,0.00061035
-0.00015259,-0.052795,-0.005226,-0.0071716,2.5009,4.9792,0.00030518
-0.00061035,-0.023346,-0.0047509,-0.011292,2.5021,4.9789,-0.00061035
-0.0010681,0.0045776,-0.0042758,-0.0074768,2.5006,4.9796,0.00030518
-0.0038147,0.01236,-0.0033257,0.002594,2.5018,4.9796,0
-0.0012207,0.002594,-0.0047509,0.010529,2.5021,4.9783,-0.00061035
-0.0059509,-0.0061035,-0.005226,0.010986,2.5009,4.9789,0.00030518
-0.0032043,-0.0057983,-0.0042758,0.0056458,2.5018,4.9799,0.00030518
0.01236,0.0053406,-0.0038007,-0.00091553,2.5015,4.9786,-0.00030518
0.0057983,0.017548,-0.0033257,-0.00076294,2.5006,4.9789,0.00030518
0.0016785,0.02533,-0.0047509,0.0028992,2.5024,4.9786,-0.00061035
0.010376,0.030975,-0.0042758,0.0054932,2.5018,4.9789,0.00030518
0.013733,0.027924,-0.0047509,0.0076294,2.5018,4.9789,0.00030518
0.002594,0.01709,-0.0042758,0.012512,2.5015,4.9792,-0.00030518
-0.012207,0.0082397,-0.0042758,0.016327,2.5009,4.9796,0.00061035
-0.011749,-0.00045776,-0.0047509,0.014496,2.5006,4.9792,0
0.0030518,-0.007019,-0.0042758,0.0099182,2.5009,4.9796,0.00030518
0.0097656,-0.0073242,-0.0047509,0.013275,2.5012,4.9789,0.00030518
0.0032043,-0.011292,-0.0038007,0.024872,2.5018,4.9792,-0.00030518
-0.017548,-0.0090027,-0.0038007,0.029144,2.5009,4.9792,0.00061035
-0.02121,0.0056458,-0.005226,0.02655,2.5015,4.9792,0
-0.012512,0.018311,-0.005226,0.024109,2.5012,4.9799,0
0.00061035,0.016022,-0.0042758,0.019531,2.5018,4.9796,0
0.0013733,0.0047302,-0.0047509,0.014496,2.5015,4.9783,0.00030518
-0.00045776,-0.00030518,-0.0038007,0.012512,2.5006,4.9786,0
0.00091553,-0.00076294,-0.005226,0.012817,2.5006,4.9786,0
0.0067139,0.00045776,-0.0047509,0.0097656,2.5009,4.9789,-0.00030518
0.010986,0.0041199,-0.005226,0.004425,2.5012,4.9789,0.00030518
0.021973,0.0045776,-0.0047509,0.0032043,2.5006,4.9792,0
0.019226,-0.0010681,-0.0047509,0.007782,2.5021,4.9777,-0.00030518
0.01297,-0.00030518,-0.0042758,0.013733,2.5009,4.9789,0.00061035
0.01358,0.024109,-0.0047509,0.016327,2.5012,4.9789,0.00030518
0.025024,0.058746,-0.005226,0.019073,2.5009,4.9789,0
0.020142,0.062408,-0.0033257,0.023193,2.5012,4.9796,-0.00030518
0.011597,0.023956,-0.0047509,0.022125,2.5015,4.9792,0.00030518
0.009613,-0.023041,-0.0061761,0.016937,2.5018,4.9802,0
0.0091553,-0.056763,-0.005701,0.01358,2.5015,4.9786,0.00030518
0.014191,-0.072021,-0.0028506,0.014343,2.5015,4.9777,0
0.018158,-0.058289,-0.0042758,0.0177,2.5012,4.9789,0
0.0053406,-0.030518,-0.005226,0.020447,2.5012,4.9789,0
-0.0018311,-0.011139,-0.0042758,0.022125,2.5015,4.9783,0.00091553
-0.0071716,-0.0056458,-0.0028506,0.024872,2.5012,4.9786,0.00030518
-0.015259,-0.0053406,-0.0042758,0.02533,2.5021,4.9789,0.00030518
-0.014191,0,-0.0042758,0.023193,2.5012,4.9783,0
-0.010071,0.0059509,-0.0042758,0.022583,2.5006,4.9789,-0.00030518
-0.01709,0.011139,-0.005226,0.026398,2.5009,4.9783,0
-0.021057,0.015106,-0.0042758,0.034027,2.5018,4.9786,0.00030518
-0.021362,0.0091553,-0.005226,0.032806,2.5009,4.9792,-0.00030518
-0.012817,-0.0012207,-0.005226,0.023651,2.5021,4.9799,0
-0.010529,-0.0064087,-0.0042758,0.01358,2.5018,4.978,0.00061035
-0.0065613,-0.0091553,-0.0047509,0.014954,2.5012,4.9783,-0.00030518
-0.0033569,-0.00076294,-0.0047509,0.022888,2.5015,4.978,0
0.00030518,0.025024,-0.005226,0.020752,2.5009,4.9777,0
0.0048828,0.050964,-0.0042758,0.010376,2.5012,4.978,0.00030518
0.017548,0.057526,-0.005226,0.0045776,2.5018,4.9783,0.00030518
0.018921,0.04425,-0.0047509,-0.0021362,2.5012,4.9783,0
0.018311,0.014191,-0.005701,-0.0094604,2.5012,4.9783,0.00030518
0.016022,-0.021667,-0.0038007,-0.0042725,2.5006,4.9768,0.00061035
0.020142,-0.044861,-0.005226,0.0045776,2.5003,4.9777,0
0.012512,-0.046387,-0.005226,0.0057983,2.5012,4.978,-0.00030518
0.0048828,-0.042572,-0.005701,0.0019836,2.5012,4.978,0
0.0056458,-0.040588,-0.0028506,0.0030518,2.5015,4.9774,0.00030518
0.0036621,-0.033112,-0.0042758,0.011597,2.5009,4.9774,0.00061035
-0.0032043,-0.022125,-0.005226,0.019989,2.5018,4.9786,0
0.0018311,-0.010071,-0.0042758,0.020752,2.5003,4.9789,0.00061035
0.0059509,-0.0030518,-0.0038007,0.019073,2.5009,4.9786,0.00091553
0.0032043,0.0018311,-0.0038007,0.021973,2.5012,4.9789,0.00061035
0.0024414,0.011444,-0.0042758,0.021362,2.5018,4.9783,-0.00030518
0.015106,0.018616,-0.005226,0.013123,2.5012,4.9789,0.00030518
0.017853,0.01297,-0.0042758,0.0047302,2.5009,4.9789,0
0.011292,0.0068665,-0.0033257,0.0013733,2.5012,4.9786,0.00030518
0.0080872,0.0083923,-0.0042758,0.0028992,2.5018,4.9786,0.00061035
0.014954,0.0054932,-0.005701,0.0038147,2.5012,4.9792,-0.00030518
0.020599,0.002594,-0.005226,0.0021362,2.5018,4.9786,0
0.013885,0.0099182,-0.0042758,0.00030518,2.5012,4.9792,0.00030518
0.00061035,0.020599,-0.0038007,0.00015259,2.5015,4.9796,0
-0.0083923,0.034637,-0.005226,0.0039673,2.5021,4.9789,0.00030518
-0.011444,0.051727,-0.005226,0.0085449,2.5015,4.9777,0.00030518
-0.00045776,0.048523,-0.0042758,0.011749,2.5015,4.9783,0
-0.0015259,0.033722,-0.0047509,0.022278,2.5015,4.9783,0.00030518
-0.015259,0.019073,-0.005226,0.029602,2.5009,4.9796,-0.00030518
-0.018463,-0.0099182,-0.0047509,0.028076,2.5018,4.9796,0
-0.0074768,-0.040131,-0.0047509,0.026398,2.5018,4.9786,0.00030518
0.0059509,-0.045471,-0.0047509,0.025024,2.5009,4.9786,0.00030518
-0.0024414,-0.016174,-0.0047509,0.02533,2.5024,4.9792,0.00030518
-0.016937,0.017548,-0.0042758,0.021973,2.5015,4.9789,0.00030518
-0.018768,0.025787,-0.0033257,0.016479,2.5015,4.9796,0.00030518
-0.0094604,0.014343,-0.0047509,0.011597,2.5006,4.9802,0
0.0067139,0.0038147,-0.0047509,0.0042725,2.5,4.9799,0.00030518
0.0083923,-0.007782,-0.0042758,-0.00061035,2.5015,4.9792,0.00061035
-0.00076294,-0.004425,-0.0042758,0.00015259,2.5015,4.9786,0.00061035
-0.0068665,0.016022,-0.0042758,0.0042725,2.5012,4.9792,-0.0015259
-0.0076294,0.029297,-0.0042758,0.004425,2.5015,4.9802,0
-0.0074768,0.033264,-0.0042758,0.0041199,2.5012,4.9792,-0.00030518
-0.0074768,0.027924,-0.0047509,0.0035095,2.5015,4.9796,0.00030518
-0.007782,-0.0048828,-0.005226,0.0010681,2.5012,4.9792,0.00030518
-0.004425,-0.044403,-0.005226,0.00015259,2.5018,4.9792,0
-0.00076294,-0.04776,-0.0047509,0.0028992,2.5018,4.9783,0
0.0073242,-0.034332,-0.005226,0.0038147,2.5021,4.9786,0.00030518
0.012207,-0.026703,-0.0033257,0.0041199,2.5015,4.9792,-0.00030518
0.00076294,-0.0062561,-0.005701,0.0041199,2.5012,4.9786,-0.00030518
-0.014496,0.026855,-0.0038007,0.0035095,2.5015,4.9796,0
-0.014954,0.042572,-0.005226,0.0015259,2.5015,4.9792,0.00061035
-0.010071,0.031128,-0.0047509,0.0015259,2.5015,4.9792,-0.00030518
-0.0059509,0.01236,-0.0038007,0.0024414,2.5021,4.9792,0.00030518
0.0056458,-0.0012207,-0.0047509,0.0010681,2.5012,4.9789,0
0.0053406,-0.0059509,-0.0042758,0.0013733,2.5015,4.9789,0.00061035
-0.0065613,-0.013885,-0.0047509,0.0019836,2.5006,4.9786,-0.00091553
-0.0065613,-0.03891,-0.0038007,0.0039673,2.5009,4.9789,0.00030518
-0.004425,-0.062256,-0.0038007,0.0074768,2.5012,4.9786,0
0.0038147,-0.075836,-0.0042758,0.0079346,2.5012,4.9789,0.00030518
0.013733,-0.074921,-0.0042758,0.0036621,2.5018,4.9786,0.00030518
0.017548,-0.053864,-0.0042758,-0.00015259,2.5021,4.9792,-0.00030518
0.01236,-0.024872,-0.0033257,-0.00015259,2.5015,4.9786,0.00061035
0.0086975,-0.0085449,-0.0042758,-0.0022888,2.5012,4.9789,-0.00030518
0.0073242,-0.005188,-0.0038007,-0.0042725,2.5009,4.9792,-0.00030518
0.0054932,-0.0082397,-0.0038007,-0.0048828,2.5006,4.9786,0
0.00015259,-0.012054,-0.0047509,-0.004425,2.5018,4.9777,0.00061035
0.0088501,-0.009613,-0.0047509,-0.0064087,2.5012,4.9786,0.00030518
0.010986,-0.010681,-0.005226,-0.0074768,2.5015,4.9786,0.00030518
0.0042725,-0.017395,-0.0047509,-0.0085449,2.5018,4.9789,0.00061035
-0.0027466,-0.022736,-0.005226,-0.0028992,2.5006,4.9789,0.00030518
-0.00030518,-0.0074768,-0.0047509,0.00091553,2.5015,4.9792,0.00030518
0.0045776,0.016785,-0.0033257,-0.0024414,2.5012,4.9796,0.00061035
0.004425,0.029602,-0.0038007,-0.0032043,2.5024,4.9792,0
-0.0015259,0.029144,-0.0047509,-0.0028992,2.5006,4.9789,0.00061035
-0.002594,0.028839,-0.0042758,-0.0033569,2.5012,4.9799,-0.00061035
-0.0012207,0.033722,-0.0042758,-0.0045776,2.5009,4.9786,0.00030518
0.01236,0.037537,-0.0047509,-0.0035095,2.5015,4.9786,0.00030518
0.018616,0.040741,-0.0033257,-0.0035095,2.5012,4.978,0
0.021362,0.036163,-0.0038007,-0.0048828,2.5015,4.9783,0.00061035
0.0091553,0.021362,-0.0042758,-0.0053406,2.5006,4.9786,-0.00030518
0.0030518,0.0059509,-0.0042758,-0.0054932,2.5024,4.9777,-0.00030518
0.0033569,0.0054932,-0.0042758,-0.0067139,2.5009,4.9777,0.00030518
0.0027466,0.016022,-0.0047509,-0.0068665,2.5015,4.9786,0.00030518
0.002594,0.023651,-0.0047509,-0.0097656,2.5012,4.9786,0.00030518
0.0016785,0.028229,-0.0042758,-0.015411,2.5024,4.9783,-0.00030518
-0.0013733,0.016937,-0.0042758,-0.017548,2.5021,4.9768,0.00030518
0.0018311,-0.0094604,-0.0033257,-0.020294,2.5018,4.9774,0.00030518
0.0010681,-0.028839,-0.0042758,-0.025024,2.5018,4.9774,0
0.00061035,-0.023804,-0.0047509,-0.028076,2.5009,4.9783,-0.00030518
0.0013733,0.0038147,-0.0038007,-0.032501,2.5015,4.9771,0
0.0083923,0.043182,-0.0047509,-0.032959,2.5015,4.9786,0
0.013275,0.070801,-0.005226,-0.028534,2.5021,4.9792,0.00030518
0.0091553,0.073547,-0.0038007,-0.02594,2.5018,4.9786,0.00061035
0.0018311,0.034943,-0.0033257,-0.020142,2.5012,4.978,-0.00061035
-0.0042725,-0.018311,-0.0047509,-0.01236,2.5006,4.9792,-0.00030518
-0.0024414,-0.041962,-0.0047509,-0.012054,2.5015,4.9783,0
0.0086975,-0.027008,-0.0038007,-0.011902,2.5009,4.9783,0.00030518
0.0045776,0.00030518,-0.0047509,-0.010376,2.5024,4.9789,0
0.0059509,0.0090027,-0.0038007,-0.014496,2.5015,4.9786,0.00030518
0.012817,-0.0010681,-0.005226,-0.021667,2.5018,4.9786,-0.00030518
0.01236,-0.02182,-0.0042758,-0.023804,2.5012,4.9796,0
0.0082397,-0.037384,-0.0047509,-0.021515,2.5018,4.9789,0.00030518
0.010986,-0.035706,-0.005226,-0.020599,2.5015,4.9786,0.00061035
0.012665,-0.026245,-0.0047509,-0.017395,2.5018,4.9789,0
0.0082397,-0.024109,-0.0047509,-0.012665,2.5006,4.9789,-0.00030518
0.0036621,-0.036621,-0.0042758,-0.017853,2.5021,4.978,0
0.018158,-0.04837,-0.0042758,-0.024719,2.5006,4.9796,0.00030518
0.023651,-0.050812,-0.0042758,-0.027924,2.5015,4.9786,0.00030518
0.01358,-0.036469,-0.0042758,-0.027161,2.5009,4.9796,0.00030518
0.011444,-0.025482,-0.005226,-0.028839,2.5018,4.9786,0
0.022583,-0.025177,-0.0047509,-0.027618,2.5012,4.9799,-0.00061035
0.024414,-0.023804,-0.0042758,-0.023804,2.5018,4.9789,0.00061035
0.019684,-0.0082397,-0.0033257,-0.019989,2.5006,4.9789,0.00030518
0.0094604,0.0041199,-0.0042758,-0.020294,2.5009,4.9792,0
0.0054932,0.0016785,-0.0042758,-0.023346,2.5012,4.9792,0.00030518
0.0059509,-0.0099182,-0.0038007,-0.02533,2.5009,4.9796,0.00061035
0.015564,-0.014801,-0.0042758,-0.026398,2.5009,4.9796,0.00030518
0.013123,-0.010071,-0.005701,-0.025024,2.5021,4.9789,0
0.0068665,-0.0024414,-0.0038007,-0.021057,2.5015,4.9789,0.00030518
0.004425,0.0019836,-0.0042758,-0.016785,2.5003,4.9796,0.00030518
0.0028992,0.0050354,-0.0047509,-0.014343,2.5018,4.9792,0.00061035
0.0030518,0.0076294,-0.0042758,-0.015717,2.5012,4.9796,0
0.0085449,0.0090027,-0.0047509,-0.021057,2.5018,4.9792,0.00030518
0.026855,0.010376,-0.0047509,-0.020447,2.5006,4.9792,0
0.027771,0.021973,-0.0042758,-0.016022,2.5015,4.9792,0
0.041504,0.032043,-0.0042758,-0.015411,2.5009,4.978,0.00030518
0.039978,0.038452,-0.0042758,-0.015259,2.5006,4.9789,0.00030518
0.0057983,0.037689,-0.0033257,-0.015717,2.5009,4.9789,0
-0.0061035,0.025787,-0.0042758,-0.017242,2.5015,4.9786,0.00030518
0.0033569,0.0067139,-0.0047509,-0.020905,2.5021,4.9786,0.00030518
0.0065613,-0.0085449,-0.0047509,-0.028534,2.5012,4.978,0
0.0059509,-0.0024414,-0.005226,-0.032196,2.5012,4.9783,0.00030518
0.0041199,0.0082397,-0.0042758,-0.029144,2.5018,4.9796,-0.00030518
0.0016785,0.0050354,-0.0047509,-0.024261,2.5018,4.9783,0
-0.00045776,0.0079346,-0.0042758,-0.026093,2.5021,4.9792,0.00091553
-0.0028992,0.03067,-0.0033257,-0.027161,2.5015,4.9783,-0.00030518
0.0045776,0.048065,-0.0042758,-0.025635,2.5012,4.9786,0.00030518
0.0042725,0.046082,-0.0047509,-0.023346,2.5006,4.9786,0.00030518
-0.0019836,0.024414,-0.005226,-0.021515,2.5015,4.9786,-0.00061035
-0.00030518,-0.021057,-0.0047509,-0.02243,2.5003,4.9792,0.00030518
0.0045776,-0.068207,-0.0042758,-0.02182,2.5009,4.9792,-0.00030518
-0.0013733,-0.074005,-0.0042758,-0.019226,2.5006,4.9789,-0.00061035
-0.004425,-0.050354,-0.0042758,-0.018311,2.5012,4.9792,0
-0.0010681,-0.029602,-0.0038007,-0.019379,2.5012,4.9789,0.00030518
0.0013733,-0.016479,-0.0047509,-0.019989,2.5009,4.9786,0
-0.0042725,-0.0074768,-0.0047509,-0.0177,2.5015,4.9783,0.00030518
-0.0022888,0.0028992,-0.0047509,-0.015106,2.5018,4.9783,0.00030518
0.0030518,0.020447,-0.0042758,-0.014954,2.5015,4.9786,-0.00061035
-0.00030518,0.047607,-0.0042758,-0.015106,2.5012,4.9792,-0.00030518
-0.0030518,0.079041,-0.0038007,-0.015411,2.5009,4.9783,-0.00030518
-0.0030518,0.089264,-0.0042758,-0.016479,2.5,4.9796,0
-0.0015259,0.059052,-0.005226,-0.015106,2.5006,4.9799,0.00030518
0.0028992,0.0042725,-0.0047509,-0.010529,2.5009,4.9783,0.00030518
0.004425,-0.055389,-0.0047509,-0.0071716,2.5015,4.9789,0.00030518
0.0033569,-0.079803,-0.005701,-0.0012207,2.5009,4.9789,0.00030518
-0.0033569,-0.064392,-0.0047509,0,2.5012,4.9802,-0.00030518
0.0019836,-0.032654,-0.0042758,-0.0045776,2.5018,4.9789,0
0.005188,-0.011749,-0.0047509,-0.0018311,2.5018,4.978,0
-0.0061035,-0.007019,-0.0042758,0.0057983,2.5009,4.978,0
-0.012054,-0.010223,-0.0042758,0.004425,2.5015,4.9777,0.00091553
-0.0099182,-0.009613,-0.0047509,0,2.5018,4.9777,-0.00030518
-0.004425,0.005188,-0.0042758,-0.0010681,2.5024,4.9786,-0.00061035
-0.0038147,0.030212,-0.0038007,0.0074768,2.5006,4.978,0.00030518
-0.0090027,0.040894,-0.0038007,0.021057,2.5015,4.9786,0.00091553
-0.01358,0.035095,-0.0047509,0.027924,2.5006,4.9783,-0.00030518
-0.023956,0.018311,-0.0042758,0.029755,2.5012,4.9771,0.00030518
-0.02594,-0.012512,-0.0042758,0.032043,2.5015,4.9768,0.00030518
-0.018616,-0.029449,-0.0038007,0.03006,2.5015,4.9774,0.00030518
-0.0047302,-0.012817,-0.0047509,0.029449,2.5009,4.9777,-0.00061035
-0.002594,0.014954,-0.0038007,0.028687,2.5018,4.978,0
-0.007019,0.030365,-0.005226,0.028839,2.5006,4.9777,0
-0.0018311,0.037231,-0.0042758,0.028992,2.5018,4.9783,0.00030518
0.024414,0.038147,-0.0033257,0.03067,2.5006,4.9792,-0.00030518
0.007019,0.022583,-0.0042758,0.029297,2.5012,4.9783,-0.00061035
-0.022736,0,-0.0042758,0.027161,2.5012,4.9789,0.00061035
-0.028229,-0.0038147,-0.005226,0.027466,2.5006,4.9789,0.00030518
-0.016632,0.0036621,-0.0047509,0.028839,2.5015,4.9777,0
-0.020142,0.011749,-0.0047509,0.022888,2.5012,4.9786,0.00030518
-0.028229,0.011444,-0.0047509,0.012817,2.5009,4.9792,0.00030518
-0.023804,-0.0064087,-0.0042758,0.0047302,2.5009,4.9786,-0.00061035
-0.017242,-0.026398,-0.0042758,-0.00061035,2.5024,4.9783,0
-0.012512,-0.033875,-0.0042758,-0.0094604,2.5006,4.9789,-0.00061035
-0.0090027,-0.026855,-0.0047509,-0.014496,2.5018,4.9789,0.00030518
-0.0079346,-0.016632,-0.0042758,-0.013885,2.5,4.9786,0.00030518
-0.0061035,-0.023651,-0.0038007,-0.011292,2.5018,4.9789,0
-0.0083923,-0.040588,-0.0038007,-0.010529,2.5009,4.978,0
0.007019,-0.031891,-0.0038007,-0.011292,2.5018,4.9789,-0.00030518
0.007782,0.0088501,-0.0047509,-0.016479,2.5009,4.9786,0
0.0033569,0.052185,-0.0042758,-0.02121,2.5018,4.9796,0
0.029602,0.074768,-0.0042758,-0.018311,2.5012,4.9796,-0.00030518
0.018921,0.074463,-0.0047509,-0.010681,2.5009,4.9792,0
-0.0061035,0.048065,-0.005226,-0.0053406,2.5015,4.9789,0
-0.007019,-0.0019836,-0.0047509,-0.0036621,2.5021,4.9783,-0.00061035
0.0028992,-0.056152,-0.0038007,-0.0018311,2.5012,4.9789,0
-0.0015259,-0.07782,-0.005226,0.0024414,2.5012,4.9799,0
-0.011139,-0.054779,-0.0047509,0.0073242,2.5015,4.9789,0.00061035
-0.005188,-0.018921,-0.0047509,0.0097656,2.5015,4.9789,0
-0.0057983,0.004425,-0.005226,0.0082397,2.5015,4.9789,0.00030518
-0.015869,0.013885,-0.0042758,0.007019,2.5009,4.9792,0
-0.020599,0.010986,-0.0042758,0.007019,2.5009,4.9802,0.00091553
-0.0027466,0.0091553,-0.0042758,0.0083923,2.5003,4.9789,0
-0.0042725,0.013275,-0.0047509,0.0088501,2.5012,4.9789,0.00030518
-0.023193,0.02243,-0.0047509,0.0086975,2.5012,4.9796,0
-0.03479,0.032806,-0.0047509,0.0086975,2.5015,4.9796,-0.00030518
-0.03418,0.040131,-0.0047509,0.014343,2.5021,4.9792,0
-0.035095,0.041199,-0.005226,0.021515,2.5012,4.978,0.00091553
-0.026245,0.020752,-0.005701,0.024872,2.5009,4.9783,0.00030518
-0.028534,-0.018921,-0.0047509,0.024414,2.5009,4.9792,0.00030518
-0.027771,-0.045624,-0.0042758,0.02243,2.5009,4.9783,-0.00030518
-0.018158,-0.039215,-0.0042758,0.02243,2.5012,4.9799,0.00030518
-0.0041199,-0.015869,-0.0047509,0.025024,2.5012,4.9789,0
0.00076294,0.0015259,-0.0042758,0.028076,2.5015,4.9786,0
-0.015717,0.0062561,-0.005226,0.030975,2.5018,4.9786,-0.00030518
-0.017548,-0.005188,-0.0047509,0.03479,2.5003,4.9786,-0.00061035
-0.016022,-0.015564,-0.0038007,0.039215,2.5012,4.9792,0.00030518
-0.020905,-0.015411,-0.0033257,0.042114,2.5015,4.9792,0.00030518
-0.016937,-0.009613,-0.0038007,0.040741,2.5018,4.9789,0.00030518
-0.020294,-0.0064087,-0.0042758,0.0383,2.5018,4.9789,0
-0.024414,-0.0093079,-0.0047509,0.036621,2.5015,4.9786,0.00030518
-0.026093,-0.0079346,-0.005226,0.0354,2.5015,4.9777,-0.00091553
-0.020599,0.004425,-0.0038007,0.037842,2.5009,4.9792,-0.00030518
0.007019,0.018921,-0.005226,0.039673,2.5,4.978,-0.00030518
0.032806,0.021057,-0.0038007,0.038147,2.5015,4.9789,0
0.00091553,0.015564,-0.0042758,0.034027,2.5006,4.9783,0.00061035
-0.02533,0.012512,-0.0047509,0.03418,2.5012,4.9783,-0.00030518
-0.028839,0.0019836,-0.0047509,0.037537,2.5012,4.9774,0
-0.01709,-0.0036621,-0.0042758,0.041199,2.5021,4.9783,0.00030518
-0.014496,-0.0013733,-0.0042758,0.042877,2.5012,4.9786,0.00091553
-0.016174,0.00091553,-0.0047509,0.040588,2.5027,4.9786,-0.00030518
-0.0091553,0.0057983,-0.0042758,0.033569,2.5015,4.978,0.00061035
-0.0012207,0.011139,-0.005226,0.026855,2.5006,4.9796,0.00030518
-0.0013733,0.010529,-0.0042758,0.024414,2.5018,4.9786,-0.00030518
-0.0028992,0.0057983,-0.0042758,0.022736,2.5012,4.9786,0.00030518
-0.0022888,0.0067139,-0.005226,0.023804,2.5012,4.9799,-0.00061035
-0.0061035,0.019531,-0.005226,0.028534,2.5015,4.9799,0
-0.005188,0.034637,-0.0042758,0.034637,2.5012,4.9796,0
-0.0059509,0.037537,-0.005226,0.040741,2.5015,4.9796,0.00061035
-0.025177,0.024719,-0.0038007,0.04364,2.5024,4.9783,0.00030518
-0.035095,0.0028992,-0.0038007,0.046539,2.5009,4.9777,0
-0.025635,-0.0045776,-0.005226,0.047302,2.5009,4.9789,0.00030518
-0.014343,0.0088501,-0.0042758,0.04364,2.5009,4.9774,0.00030518
-0.013275,0.024872,-0.0047509,0.039368,2.5009,4.978,0.00061035
-0.02121,0.033112,-0.0042758,0.0383,2.5009,4.978,-0.00030518
-0.029755,0.024872,-0.0047509,0.040283,2.5015,4.9789,0
-0.034943,0.0050354,-0.0047509,0.039825,2.5003,4.978,-0.00061035
-0.03418,-0.005188,-0.0047509,0.0354,2.5018,4.9771,0.00061035
-0.016937,-0.0039673,-0.0047509,0.03006,2.5009,4.978,0
-0.011902,-0.018768,-0.0033257,0.023804,2.5006,4.9777,-0.00091553
-0.01236,-0.040131,-0.0047509,0.020447,2.5015,4.9777,0
-0.015411,-0.042725,-0.0047509,0.019379,2.5021,4.9777,0.00030518
-0.013885,-0.02594,-0.005226,0.018768,2.5009,4.9771,-0.00030518
-0.0074768,0.002594,-0.0042758,0.017395,2.5012,4.9789,0
-0.0050354,0.024567,-0.0047509,0.01709,2.5,4.978,0.00030518
-0.00015259,0.016174,-0.0042758,0.017853,2.5012,4.978,-0.00061035
0.022736,-0.018158,-0.0047509,0.016632,2.5018,4.9786,0.00030518
0.01236,-0.044861,-0.0047509,0.01358,2.5015,4.9796,-0.00030518
-0.0016785,-0.045471,-0.0038007,0.013885,2.5015,4.9802,0.00030518
-0.0062561,-0.023956,-0.0047509,0.015564,2.5,4.9789,0
-0.0062561,0.0059509,-0.0042758,0.014648,2.5012,4.9783,0.00061035
-0.0088501,0.024414,-0.0047509,0.0097656,2.5012,4.9789,-0.00030518
-0.010529,0.012817,-0.0047509,0.002594,2.5015,4.9786,-0.00030518
-0.005188,-0.016174,-0.0047509,0.0010681,2.5015,4.9786,0
0.0085449,-0.033722,-0.0042758,0.0047302,2.5024,4.9792,0.00061035
0.0083923,-0.028534,-0.0047509,0.0071716,2.5009,4.9792,0.00030518
0.0067139,-0.01297,-0.0042758,0.0038147,2.5021,4.9792,0.00030518
0.0012207,-0.0024414,-0.005226,0.002594,2.5015,4.9774,0
0.017242,-0.0042725,-0.0047509,0.0041199,2.5009,4.978,-0.00030518
0.036011,-0.0094604,-0.005226,0.0074768,2.5021,4.9786,-0.00030518
0.011444,0.00015259,-0.005226,0.0083923,2.5015,4.9786,-0.00091553
-0.0064087,0.0177,-0.0042758,0.0053406,2.5009,4.9796,-0.00030518
-0.0054932,0.027924,-0.0047509,0.0024414,2.5012,4.9805,0.00030518
-0.0022888,0.024109,-0.0042758,-0.00061035,2.5012,4.9789,-0.00030518
0.0024414,0.016479,-0.005226,-0.00045776,2.5021,4.9792,0
0.0080872,0.023499,-0.0047509,0.0028992,2.5006,4.9799,0
0.0099182,0.03418,-0.0047509,0.0062561,2.5009,4.9799,0
0.0056458,0.032959,-0.0042758,0.0099182,2.5021,4.9792,-0.00091553
0.010376,0.0057983,-0.0042758,0.011292,2.5012,4.9789,-0.00030518
0.0086975,-0.018768,-0.005226,0.011597,2.5024,4.9792,0
0.0065613,-0.016174,-0.0033257,0.011597,2.5018,4.9783,0.00030518
0.0080872,0.0018311,-0.0042758,0.011444,2.5024,4.9783,0
0.0090027,0.0057983,-0.0042758,0.0093079,2.5018,4.9789,0.00030518
-0.00015259,-0.0093079,-0.005226,0.007019,2.5021,4.9796,0.00030518
-0.012665,-0.02533,-0.0042758,0.011902,2.5009,4.9789,0
-0.019836,-0.020599,-0.005226,0.016937,2.5012,4.9796,-0.00061035
-0.015259,-0.0082397,-0.0047509,0.018158,2.5006,4.9792,0.00061035
-0.010529,-0.0071716,-0.0047509,0.015717,2.5012,4.978,0
-0.00076294,-0.0056458,-0.005226,0.014648,2.5012,4.9786,-0.00061035
-0.0015259,-0.0065613,-0.0042758,0.014648,2.5015,4.9786,0
-0.0050354,-0.017242,-0.0038007,0.016479,2.5009,4.9789,0.00061035
-0.0061035,-0.030975,-0.0047509,0.020599,2.5009,4.978,0.00030518
-0.0083923,-0.023499,-0.0047509,0.024109,2.5006,4.9789,-0.00030518
-0.011292,-0.0022888,-0.0042758,0.024719,2.5018,4.9796,0.00061035
-0.014191,0.0088501,-0.0047509,0.02655,2.5006,4.9786,0.00030518
-0.010071,0.0033569,-0.005226,0.023499,2.5018,4.9786,-0.00030518
-0.0085449,-0.010681,-0.0042758,0.019684,2.5021,4.9792,0.00030518
-0.0036621,-0.018463,-0.0042758,0.017242,2.5012,4.9796,0.00030518
0.0059509,-0.010376,-0.0042758,0.015259,2.5009,4.978,0
0.0053406,0.0073242,-0.0047509,0.014191,2.5015,4.9799,-0.00061035
0.0048828,0.028381,-0.005226,0.012817,2.5015,4.9789,0.00061035
0.0050354,0.057373,-0.0047509,0.013733,2.5009,4.9792,0.00030518
0.005188,0.079346,-0.0042758,0.013733,2.5015,4.9792,0.00030518
0.0045776,0.079803,-0.0042758,0.01297,2.5009,4.9786,-0.00030518
0.0010681,0.068207,-0.0042758,0.015717,2.5021,4.9783,-0.00030518
-0.0010681,0.041656,-0.0047509,0.0177,2.5015,4.9799,0.00061035
0.0056458,0.0074768,-0.0047509,0.016174,2.5018,4.9786,-0.00091553
0.0019836,-0.0090027,-0.0042758,0.011597,2.5012,4.978,0.00030518
0.0019836,-0.01297,-0.0038007,0.010071,2.5018,4.9786,0.00030518
0.005188,-0.025024,-0.0038007,0.0094604,2.5006,4.9792,-0.00061035
0.01236,-0.037994,-0.0042758,0.011139,2.5024,4.9789,0
0.020142,-0.042114,-0.0047509,0.01236,2.5003,4.9792,0
0.0094604,-0.038452,-0.0047509,0.016632,2.5009,4.978,-0.00030518
-0.0076294,-0.023651,-0.0047509,0.016174,2.5012,4.9789,0
-0.0090027,-0.011292,-0.005226,0.013275,2.5018,4.9786,-0.00030518
-0.0083923,-0.011902,-0.0047509,0.010071,2.5012,4.9789,0.00030518
-0.012665,-0.014343,-0.0042758,0.0080872,2.5009,4.9789,0.00030518
-0.015259,-0.011292,-0.0042758,0.0090027,2.5009,4.9792,0.00030518
0.010529,-0.0021362,-0.005226,0.011597,2.5018,4.9792,0
0.012054,0.0042725,-0.0042758,0.007019,2.5009,4.9789,0.00030518
0.00045776,0.00091553,-0.0042758,0,2.5015,4.9783,-0.00030518
0.0012207,-0.012817,-0.0042758,0.0039673,2.5015,4.978,-0.00030518
0.0012207,-0.015106,-0.005226,0.014648,2.5009,4.978,0
-0.0088501,0.0065613,-0.0047509,0.022736,2.5009,4.978,0.00061035
-0.016022,0.033264,-0.005226,0.023651,2.5021,4.9777,0.00030518
-0.020905,0.043793,-0.0047509,0.019989,2.5018,4.9786,0.00030518
-0.015106,0.036621,-0.0042758,0.01297,2.5018,4.978,-0.00061035
-0.0010681,0.010529,-0.0042758,0.013123,2.5012,4.9774,-0.00061035
0.0091553,-0.028229,-0.0033257,0.018005,2.5012,4.9774,0
0.0099182,-0.059052,-0.0042758,0.018005,2.5015,4.9777,0.00030518
0.018005,-0.061646,-0.0047509,0.011139,2.5015,4.9774,0.00061035
0.021057,-0.037537,-0.005226,0.002594,2.5009,4.9777,0.00091553
0.020752,-0.012665,-0.0042758,-0.0036621,2.5024,4.978,-0.00061035
0.02121,-0.007019,-0.0047509,-0.0086975,2.5015,4.9789,0.00030518
0.019989,-0.016327,-0.0042758,-0.010834,2.5003,4.9792,0.00030518
0.01709,-0.02594,-0.0042758,-0.0068665,2.5009,4.9786,0
0.0085449,-0.030212,-0.0033257,-0.0027466,2.5009,4.9789,0
-0.0032043,-0.017548,-0.0047509,-0.0019836,2.5012,4.9792,0.00061035
-0.0048828,0.007782,-0.0047509,0.0033569,2.5006,4.9789,-0.00030518
-0.0093079,0.024414,-0.0042758,0.0086975,2.5021,4.9783,0.00091553
-0.0097656,0.031433,-0.0028506,0.0091553,2.5024,4.9792,0.00061035
-0.0019836,0.029602,-0.0038007,0.0073242,2.5009,4.9789,0.00030518
0.0019836,0.020294,-0.0042758,0.005188,2.5009,4.9786,-0.00091553
0.0010681,0.0085449,-0.0033257,0.0035095,2.5003,4.9789,-0.00030518
0.00030518,-0.0090027,-0.0047509,0.00045776,2.5009,4.9792,0
0.0019836,-0.021973,-0.0047509,-0.0033569,2.5021,4.9789,0
0.0076294,-0.020142,-0.0047509,-0.0024414,2.5012,4.9786,-0.00030518
0.0012207,-0.004425,-0.0047509,0.0016785,2.5012,4.9783,0.00030518
0.0068665,0.0038147,-0.0047509,0.0016785,2.5012,4.9786,-0.00061035
0.010681,0.005188,-0.0038007,-0.00076294,2.5006,4.9796,0
0.0012207,0.0071716,-0.0042758,0.00061035,2.5021,4.9792,0.00030518
-0.0082397,0.0047302,-0.0047509,0.0036621,2.5015,4.9783,0.00030518
-0.012665,-0.0068665,-0.0038007,0.0048828,2.5015,4.9796,0
-0.019073,-0.01236,-0.005226,0.00045776,2.5018,4.9786,0
-0.021667,-0.0090027,-0.0047509,-0.0036621,2.5009,4.9786,0.00030518
-0.02182,-0.0065613,-0.0042758,0.0022888,2.5012,4.9789,0.00061035
-0.022736,-0.0039673,-0.0042758,0.010986,2.5021,4.9799,-0.00030518
-0.02182,0.00061035,-0.0047509,0.016937,2.5012,4.9792,0
-0.0091553,-0.00076294,-0.0047509,0.017853,2.5015,4.9789,0
-0.0042725,-0.0065613,-0.0042758,0.013428,2.5015,4.9789,-0.00030518
-0.0068665,-0.0082397,-0.0038007,0.0080872,2.5009,4.9792,-0.00030518
-0.0048828,-0.00030518,-0.0028506,0.0010681,2.5012,4.9783,-0.00030518
-0.00030518,0.0080872,-0.0042758,-0.0045776,2.5012,4.9786,-0.00061035
0.0054932,0.0068665,-0.0047509,-0.0065613,2.5009,4.9792,-0.00030518
0.004425,0.0050354,-0.0042758,-0.0013733,2.5015,4.9792,0.00091553
-0.0099182,0.0082397,-0.0047509,0.0074768,2.5015,4.9792,0
-0.017548,0.013733,-0.0042758,0.0093079,2.5018,4.9792,0.00030518
-0.016174,0.014801,-0.0047509,0.004425,2.5015,4.978,0.00030518
-0.0032043,0.0086975,-0.0047509,0.0019836,2.5009,4.9786,-0.00030518
-0.0019836,0.0054932,-0.0047509,0.004425,2.5018,4.9796,0
-0.005188,0.013733,-0.005226,0.0056458,2.5015,4.9789,0.00030518
-0.0064087,0.023804,-0.005701,0.0041199,2.5015,4.9786,-0.00091553
-0.0045776,0.027924,-0.0047509,-0.00045776,2.5,4.9789,0
0.0013733,0.027466,-0.0033257,-0.0016785,2.5018,4.9792,0
0.0065613,0.023956,-0.0042758,0,2.4997,4.9789,-0.00030518
0.0059509,0.027466,-0.0042758,0.00030518,2.5018,4.9789,-0.00030518
0.00061035,0.051575,-0.0047509,0.0032043,2.5009,4.9783,0.00030518
-0.0054932,0.070953,-0.0038007,0.013275,2.5012,4.9789,0.00030518
0.00061035,0.067902,-0.0042758,0.022125,2.5015,4.9786,0.00061035
-0.005188,0.057983,-0.0042758,0.022583,2.5015,4.9792,0
-0.01297,0.03891,-0.005226,0.015259,2.5009,4.9789,0.00030518
-0.014648,-0.0033569,-0.0047509,0.0090027,2.5012,4.9789,0
-0.013428,-0.051727,-0.0038007,0.0057983,2.5006,4.9792,0.00030518
-0.007782,-0.073853,-0.005226,0.0067139,2.5015,4.9789,0
0.0015259,-0.060883,-0.0033257,0.0093079,2.5009,4.9786,0
0.0041199,-0.0383,-0.0042758,0.0079346,2.5012,4.9786,0
0.0024414,-0.011139,-0.0042758,0.007782,2.5009,4.9792,0
-0.00076294,0.030518,-0.0042758,0.0099182,2.5012,4.978,0
0.011444,0.061646,-0.0042758,0.0083923,2.5015,4.9774,-0.00061035
0.018311,0.059509,-0.0047509,0.005188,2.5009,4.9783,0.00030518
0.012817,0.023193,-0.0033257,0.0074768,2.5015,4.9796,0
0.0059509,-0.039063,-0.0047509,0.0076294,2.5012,4.9802,-0.00030518
0.0050354,-0.077209,-0.0038007,0.0019836,2.5012,4.9792,0
0.0013733,-0.067749,-0.0038007,-0.0016785,2.5012,4.9786,0
0.0027466,-0.033264,-0.0047509,-0.0047302,2.5015,4.978,0.00061035
0.0042725,-0.0071716,-0.005226,-0.0071716,2.5015,4.9792,-0.00091553
0.02594,0.0021362,-0.0038007,-0.0073242,2.5012,4.9792,-0.00091553
0.06012,-0.0039673,-0.0028506,-0.0057983,2.5015,4.9792,0.00030518
0.033722,-0.013733,-0.0047509,-0.0030518,2.5009,4.9796,0
0.0030518,-0.020142,-0.0047509,-0.0048828,2.5009,4.978,0.00030518
-0.0093079,-0.022278,-0.0028506,-0.0019836,2.5024,4.9777,-0.00091553
-0.0041199,-0.021515,-0.0042758,0,2.5009,4.9777,0.00061035
0.00076294,-0.017853,-0.0047509,-0.0013733,2.5021,4.9777,-0.00030518
0.0013733,-0.010529,-0.0042758,-0.0080872,2.5009,4.978,0.00030518
0.0047302,-0.0024414,-0.0047509,-0.014954,2.5012,4.9774,-0.00030518
0.0067139,0.0036621,-0.0042758,-0.0177,2.5012,4.9783,0.00030518
0.0065613,0.010376,-0.0047509,-0.020752,2.5003,4.9774,0.00030518
-0.002594,0.016022,-0.0061761,-0.019989,2.5015,4.9759,0.00061035
-0.0032043,0.01709,-0.0042758,-0.018005,2.5009,4.9777,0.00030518
-0.0073242,0.015106,-0.005701,-0.020599,2.5009,4.9777,-0.00030518
-0.0099182,0.0090027,-0.0047509,-0.019379,2.5012,4.9771,0
-0.0088501,-0.0056458,-0.005226,-0.009613,2.5009,4.9768,0.00030518
-0.0088501,-0.015869,-0.0047509,-0.0013733,2.5009,4.9777,-0.00061035
-0.007019,-0.018311,-0.0042758,-0.0042725,2.5024,4.9777,0.00061035
-0.0048828,-0.011597,-0.0042758,-0.010834,2.5015,4.978,0.00030518
-0.0024414,0.0013733,-0.0047509,-0.007782,2.5012,4.9789,0.00030518
-0.00045776,0.0074768,-0.0047509,-0.00015259,2.5009,4.9789,-0.00030518
-0.0038147,0.010376,-0.0042758,0.0021362,2.5006,4.9789,0
0.0038147,0.011444,-0.0047509,-0.0018311,2.5015,4.9792,0.00030518
0.011597,0.010223,-0.0038007,-0.0028992,2.5009,4.9789,0
0.014191,0.011139,-0.0047509,-0.00076294,2.5012,4.9789,-0.00030518
0.020599,0.018005,-0.005226,0.0036621,2.5021,4.9799,0.00030518
0.016632,0.02243,-0.0047509,0.0091553,2.5009,4.9789,-0.00030518
0.004425,0.012665,-0.0038007,0.010223,2.5012,4.9792,-0.00061035
0.0012207,0.00061035,-0.0038007,0.0080872,2.5006,4.9783,0.00030518
-0.0013733,-0.002594,-0.0038007,0.007782,2.5021,4.978,-0.00030518
-0.0053406,-0.0019836,-0.005226,0.010681,2.5012,4.9771,0.00030518
-0.010986,-0.0035095,-0.0047509,0.015564,2.5021,4.9786,0.00030518
-0.0018311,-0.005188,-0.005226,0.01709,2.5018,4.9789,0.00030518
0.005188,-0.0039673,-0.0038007,0.013428,2.5006,4.9786,0
0.0083923,-0.00061035,-0.005701,0.0097656,2.5012,4.9792,-0.00030518
0.011749,-0.00030518,-0.005701,0.010529,2.5015,4.9786,0.00030518
0.0085449,0.00091553,-0.0047509,0.010834,2.5015,4.9792,0.00061035
0.0016785,0.0015259,-0.0047509,0.009613,2.5009,4.9796,0
-0.0045776,0.0059509,-0.0038007,0.0076294,2.5021,4.9796,0.00030518
-0.0061035,0.015564,-0.0042758,0.0039673,2.5018,4.9789,-0.00030518
-0.0053406,0.037689,-0.0038007,0.00061035,2.5012,4.9799,-0.00030518
-0.0076294,0.056152,-0.0047509,0.0024414,2.5015,4.9786,-0.00030518
0.0047302,0.053864,-0.0047509,0.0013733,2.5015,4.9792,0.00061035
0.0082397,0.027161,-0.005226,-0.0019836,2.5003,4.9789,0.00030518
0.002594,-0.010376,-0.0033257,-0.0064087,2.5015,4.9789,0.00030518
-0.0036621,-0.049286,-0.0038007,-0.0085449,2.5012,4.9783,0.00030518
-0.004425,-0.061951,-0.0038007,-0.0062561,2.5012,4.9789,0.00030518
-0.0094604,-0.035553,-0.0042758,-0.0027466,2.5009,4.9786,-0.00030518
-0.011444,-0.0021362,-0.0042758,-0.0019836,2.5015,4.9792,0
-0.0027466,0.011597,-0.005226,-0.00045776,2.5006,4.9792,0.00030518
0.0036621,0.0088501,-0.0047509,0.0019836,2.5015,4.9796,-0.00030518
0.0012207,-0.00030518,-0.005226,0.0024414,2.5012,4.9786,0.00030518
0.00091553,-0.010681,-0.005226,0.0035095,2.5006,4.9786,-0.00030518
-0.0024414,-0.016785,-0.0047509,0.0038147,2.5012,4.9792,0
-0.0036621,-0.01358,-0.0047509,0.0022888,2.5003,4.9792,0.00030518
-0.00061035,-0.0045776,-0.0042758,0.00015259,2.5018,4.9796,0.00030518
0.0041199,0.0030518,-0.0042758,-0.00015259,2.5018,4.9796,0
0.0080872,0.0045776,-0.0047509,0.0018311,2.5024,4.9783,0
0.015411,0.0032043,-0.0033257,0.0065613,2.5021,4.9789,0
0.014648,0.0061035,-0.005226,0.010986,2.5018,4.978,0.00061035
0.0057983,0.009613,-0.0042758,0.016174,2.5,4.9783,0
0.002594,0.0057983,-0.0042758,0.022583,2.5009,4.9777,-0.00061035
0.010986,0.0012207,-0.0042758,0.021667,2.5015,4.9783,0.00030518
0.010529,-0.0030518,-0.0042758,0.017548,2.5015,4.9777,0.00030518
0.0050354,-0.011749,-0.0047509,0.013123,2.5003,4.978,0.00030518
0.0024414,-0.012054,-0.005226,0.0083923,2.5003,4.9792,-0.00030518
0.0068665,-0.0015259,-0.0042758,0.0057983,2.5009,4.9792,0
0.014191,0.0061035,-0.0042758,0.0057983,2.5012,4.9786,0
0.014038,0.00076294,-0.005226,0.0056458,2.5009,4.9789,-0.00030518
0.0085449,-0.0091553,-0.0042758,0.010223,2.5021,4.9799,0.00030518
-0.0024414,-0.0057983,-0.0038007,0.014801,2.5021,4.9789,0
-0.018768,0.0073242,-0.0042758,0.017395,2.5015,4.9774,0
-0.016174,0.019989,-0.0047509,0.014343,2.5009,4.9783,0
-0.014648,0.02655,-0.0047509,0.0094604,2.5006,4.9796,0.00061035
-0.013733,0.016174,-0.0033257,0.0073242,2.5012,4.9792,0.00030518
-0.012054,-0.0018311,-0.0042758,0.0073242,2.5003,4.9792,0
-0.0068665,-0.0064087,-0.0042758,0.0080872,2.5003,4.9789,0.00030518
-0.0010681,0.0016785,-0.005226,0.0082397,2.5003,4.9796,0.00030518
-0.0091553,0.0045776,-0.0042758,0.013275,2.5021,4.9789,0
-0.012054,0.0016785,-0.0047509,0.019073,2.5006,4.9789,0
0.00045776,-0.010986,-0.0038007,0.02182,2.5018,4.9796,0.00030518
0.0083923,-0.031738,-0.0047509,0.019531,2.5015,4.9796,0.00030518
0.017853,-0.045929,-0.0038007,0.014343,2.5012,4.9789,-0.00030518
0.010071,-0.037842,-0.0047509,0.011749,2.5009,4.9777,0.00030518
-0.0019836,-0.015411,-0.0038007,0.0094604,2.5012,4.9783,0.00030518
-0.0057983,-0.0032043,-0.005701,0.0067139,2.5015,4.9771,-0.00030518
-0.0036621,-0.0010681,-0.0042758,0.0016785,2.5024,4.9777,-0.00030518
-0.0021362,0.0036621,-0.005226,0.00076294,2.5006,4.9783,-0.00030518
-0.0080872,0.014191,-0.0047509,0.0036621,2.5021,4.978,-0.00030518
-0.009613,0.019989,-0.005226,0.0080872,2.5018,4.9783,0
-0.010681,0.018616,-0.005226,0.012817,2.5015,4.9786,0
-0.012817,0.007782,-0.0047509,0.01709,2.5006,4.9765,0.00030518
-0.0073242,-0.0027466,-0.0047509,0.017242,2.5012,4.9771,0
-0.0079346,-0.00030518,-0.005226,0.012665,2.5015,4.978,-0.00061035
-0.0067139,0.013885,-0.005701,0.010681,2.5018,4.9777,-0.00061035
-0.0033569,0.026855,-0.0042758,0.0059509,2.5015,4.978,0.00030518
0.0010681,0.030975,-0.0042758,-0.00030518,2.5009,4.9777,-0.00030518
0.007019,0.03418,-0.005701,-0.0024414,2.5015,4.9783,0.00030518
0.024109,0.038147,-0.0042758,-0.0027466,2.5009,4.9783,0.00030518
0.035706,0.033722,-0.0042758,-0.002594,2.5018,4.9789,-0.00030518
0.0048828,0.016174,-0.005701,0.0010681,2.5021,4.9789,-0.00030518
-0.016022,-0.0065613,-0.0047509,0.0059509,2.5012,4.9789,0
-0.0018311,-0.025635,-0.0047509,0.0045776,2.5015,4.9792,0
0.010376,-0.031586,-0.005226,0.00030518,2.5015,4.9789,-0.00030518
0.017242,-0.023041,-0.0042758,-0.0048828,2.5018,4.9783,0.00030518
0.01709,-0.010529,-0.0038007,-0.0067139,2.5021,4.9792,-0.00030518
0.0094604,-0.00061035,-0.005226,-0.002594,2.5009,4.9786,0.00030518
-0.0028992,0.00045776,-0.005226,0.0010681,2.5009,4.9792,0.00061035
-0.0056458,-0.004425,-0.0042758,0.0024414,2.5015,4.9799,0.00030518
0.0015259,-0.012817,-0.0047509,-0.0012207,2.5006,4.9799,0
0.010986,-0.019836,-0.005226,-0.0048828,2.5009,4.9789,0
0.011444,-0.023346,-0.0047509,-0.0067139,2.5012,4.9783,-0.00061035
0.014648,-0.026398,-0.0042758,-0.0074768,2.5018,4.9786,-0.00030518
0.011902,-0.024414,-0.0042758,-0.0056458,2.5021,4.9786,0
0.00091553,-0.014801,-0.0042758,-0.0018311,2.5027,4.9789,-0.00030518
-0.011292,-0.0053406,-0.0047509,0.00015259,2.5009,4.9796,-0.00030518
-0.01358,-0.0028992,-0.0047509,0.00045776,2.5021,4.9789,0.00061035
-0.016632,-0.0039673,-0.0047509,0.0015259,2.5009,4.9786,0.00030518
-0.02243,0.0028992,-0.0042758,0.0042725,2.5015,4.9786,-0.00030518
-0.025177,0.018616,-0.0047509,0.0086975,2.5012,4.9792,0
-0.023499,0.028076,-0.0047509,0.010529,2.5015,4.9792,0.00091553
-0.020599,0.02655,-0.0047509,0.0093079,2.5015,4.9789,0.00061035
-0.0056458,0.014038,-0.0042758,0.004425,2.5012,4.9799,0
-0.0013733,0.0036621,-0.005226,0.0028992,2.5006,4.9796,0.00030518
-0.005188,0.0054932,-0.0038007,0.0039673,2.5009,4.9802,0.0012207
-0.009613,0.010681,-0.005226,0.0071716,2.5009,4.9799,0.00061035
-0.013275,0.014954,-0.005701,0.0086975,2.5018,4.9796,0.00030518
-0.011444,0.012512,-0.005226,0.0068665,2.5015,4.9789,-0.00030518
-0.010529,0.0030518,-0.0047509,0.005188,2.5018,4.9786,0.00030518
-0.0097656,-0.012665,-0.0047509,0.0021362,2.5015,4.9799,0
-0.0048828,-0.024872,-0.0047509,-0.0013733,2.5024,4.9792,0
-0.0068665,-0.014191,-0.005226,-0.0021362,2.5015,4.9777,0
-0.0021362,0.0076294,-0.005226,-0.0010681,2.5015,4.9786,0
-0.0038147,0.010529,-0.005226,0.0010681,2.5015,4.9786,0
-0.0064087,-0.0038147,-0.005226,0.0021362,2.5009,4.9786,0.00030518
-0.0033569,-0.014038,-0.0042758,0.004425,2.5012,4.9796,0
0.0036621,-0.012207,-0.0042758,0.0064087,2.5018,4.978,0.00061035
0.013275,-0.01297,-0.005226,0.0016785,2.5012,4.9789,0.00030518
0.022278,-0.017242,-0.005226,-0.0079346,2.5018,4.9783,-0.00030518
0.0177,-0.014496,-0.005226,-0.010834,2.5012,4.9789,-0.00030518
0.0021362,-0.012817,-0.0047509,-0.0059509,2.5012,4.9789,-0.00061035
-0.0097656,-0.019226,-0.0042758,0.0022888,2.5009,4.9786,0.00091553
0.0033569,-0.01709,-0.0042758,0.0065613,2.5009,4.9786,-0.00030518
0.0054932,-0.01297,-0.0042758,0.011444,2.5021,4.9786,0
-0.0024414,-0.005188,-0.005226,0.010681,2.5009,4.9792,0.00030518
-0.0050354,0.0039673,-0.005701,0.0047302,2.5018,4.9792,0
0.0030518,0.014648,-0.0042758,0.0015259,2.5024,4.9786,0
0.013885,0.023041,-0.005226,-0.0015259,2.5012,4.9783,-0.00030518
0.020905,0.024414,-0.0042758,-0.0030518,2.5006,4.9789,-0.00061035
0.023804,0.019073,-0.0042758,-0.0054932,2.5018,4.9786,0
0.024872,0.0071716,-0.005226,-0.0080872,2.5012,4.9783,0
0.024872,-0.0041199,-0.0042758,-0.0073242,2.5018,4.9783,0.00030518
0.019684,-0.010529,-0.0047509,-0.0016785,2.5012,4.9783,-0.00061035
0.0027466,-0.0088501,-0.005701,-0.00061035,2.5018,4.9789,0.00030518
-0.0073242,-0.0010681,-0.0047509,-0.0030518,2.5015,4.9789,-0.00030518
-0.0041199,0.0030518,-0.0047509,-0.0059509,2.5009,4.9796,0
0.00091553,0.0028992,-0.0047509,-0.007019,2.5012,4.9789,0
0.0038147,0.0018311,-0.0047509,-0.004425,2.5015,4.9792,-0.00061035
0.0036621,-0.0033569,-0.0047509,-0.0024414,2.5009,4.9792,0.00030518
0.0013733,-0.0067139,-0.0042758,0.0032043,2.5015,4.9796,-0.00061035
-0.0033569,0.0042725,-0.005226,0.010223,2.5015,4.9786,0.00030518
0.0019836,0.014496,-0.0042758,0.013123,2.5009,4.9792,0.00091553
0.011597,0.010223,-0.005226,0.012665,2.5015,4.9789,-0.00030518
-0.0090027,-0.00091553,-0.0042758,0.01236,2.5006,4.978,0
-0.024414,-0.0065613,-0.0042758,0.013123,2.5012,4.978,0
-0.02121,0,-0.0047509,0.011292,2.5015,4.9774,0.00030518
-0.013275,0.0064087,-0.0042758,0.0065613,2.5018,4.978,0.00061035
-0.009613,0.0050354,-0.0047509,0.005188,2.5012,4.9777,0
-0.0091553,0.005188,-0.0047509,0.0053406,2.5012,4.9777,0.00030518
-0.0091553,0.0074768,-0.005701,0.00045776,2.5006,4.9774,-0.00061035
-0.0091553,0.010071,-0.0038007,-0.0056458,2.5015,4.978,0.00030518
-0.011902,0.0073242,-0.0047509,-0.0048828,2.5018,4.9762,0.00030518
-0.0064087,0.0047302,-0.0042758,0.0028992,2.5012,4.9768,0
-0.007019,0.0059509,-0.0042758,0.013123,2.5006,4.9774,0
-0.018463,0.0093079,-0.0042758,0.020294,2.5015,4.9768,0
-0.02243,0.007019,-0.0042758,0.02121,2.5015,4.9777,0.00091553
-0.0177,0.0022888,-0.0047509,0.019073,2.5015,4.9783,0
-0.015717,-0.0027466,-0.0042758,0.015106,2.5015,4.9789,0.00061035
-0.010834,-0.0076294,-0.005701,0.0085449,2.5021,4.9792,-0.00030518
-0.0054932,-0.0074768,-0.0047509,0.0028992,2.5006,4.9792,0
-0.00045776,-0.0061035,-0.005226,0.0041199,2.5009,4.9789,0.00030518
0.00045776,-0.0042725,-0.0047509,0.010986,2.5012,4.9786,0.00030518
0.0041199,0.00061035,-0.005701,0.015259,2.5012,4.9796,0.00030518
0.0016785,0.00061035,-0.0038007,0.015717,2.5006,4.9783,0.00030518
-0.00076294,-0.00030518,-0.0047509,0.013428,2.5006,4.9783,0.00061035
0.0056458,0.00076294,-0.0038007,0.012665,2.5018,4.9789,0
0.0056458,0.0013733,-0.005226,0.014496,2.5009,4.9789,0.00030518
-0.0036621,0.0059509,-0.0047509,0.010681,2.5012,4.9786,-0.00030518
-0.0039673,0.0097656,-0.0047509,0.0054932,2.5012,4.9789,0
0.00030518,0.011444,-0.0047509,-0.00045776,2.5018,4.9786,0.00030518
0,0.010223,-0.0047509,-0.002594,2.5012,4.9789,-0.00061035
-0.0068665,0.0038147,-0.0047509,-0.004425,2.5012,4.9774,0.00030518
-0.0012207,-0.00091553,-0.0042758,-0.0022888,2.5015,4.9789,0
0.0030518,-0.0053406,-0.005226,0.0030518,2.5012,4.9786,0.00061035
0.0018311,-0.0073242,-0.005226,0.0038147,2.5018,4.9799,0.00030518
0.0030518,-0.0093079,-0.005226,0.0019836,2.5021,4.9786,0
0.004425,-0.0073242,-0.0042758,0.0059509,2.5009,4.9792,0
-0.00076294,0.0036621,-0.005226,0.0056458,2.5018,4.9786,0
-0.00091553,0.017853,-0.0047509,0.0024414,2.5006,4.9792,0.00061035
0.0036621,0.02594,-0.0047509,0.0038147,2.5012,4.9796,0
-0.00091553,0.025787,-0.0042758,0.0074768,2.5009,4.9789,0.00030518
-0.01297,0.016327,-0.0047509,0.0088501,2.5018,4.9796,-0.00030518
-0.010681,0.0041199,-0.0042758,0.0099182,2.5012,4.9796,0.00030518
-0.0090027,0.0012207,-0.0042758,0.012817,2.5018,4.9792,0
-0.0054932,0.0053406,-0.005226,0.012207,2.5009,4.9783,-0.00030518
-0.0033569,0.0073242,-0.005226,0.011597,2.5009,4.9792,0
-0.0054932,0.0065613,-0.005226,0.011139,2.5012,4.9796,-0.00061035
-0.0061035,0.0090027,-0.0042758,0.01297,2.5015,4.9789,-0.00030518
-0.010529,0.0093079,-0.005226,0.01358,2.5012,4.9796,0.00030518
-0.012817,0.0067139,-0.0042758,0.01236,2.5012,4.9796,0.00030518
-0.0094604,0.0057983,-0.0042758,0.012512,2.5015,4.9799,0.00030518
-0.0028992,0.00091553,-0.0047509,0.014648,2.5012,4.978,0.00030518
-0.0091553,-0.0074768,-0.005226,0.015106,2.5012,4.9777,0.00030518
-0.02121,-0.007782,-0.0042758,0.016479,2.5012,4.9789,0
-0.024414,0.00045776,-0.0042758,0.019226,2.5015,4.9796,0
-0.017548,0.010986,-0.005701,0.019226,2.5018,4.9799,0.00030518
-0.011292,0.018005,-0.0061761,0.018768,2.5018,4.9792,0
-0.0086975,0.021057,-0.0042758,0.016479,2.5009,4.9783,0.00061035
-0.012054,0.017395,-0.0047509,0.01709,2.5003,4.9792,-0.00030518
-0.013123,0.0080872,-0.0047509,0.014954,2.5018,4.9789,-0.00061035
-0.010529,0.0016785,-0.005226,0.011749,2.5018,4.9796,0.00061035
-0.013733,-0.0028992,-0.0042758,0.015106,2.5006,4.9792,-0.00030518
-0.0056458,-0.0022888,-0.0038007,0.018005,2.5021,4.9786,0.00030518
-0.0059509,0.0056458,-0.005226,0.018158,2.5009,4.9786,0
-0.014496,0.011749,-0.0047509,0.014801,2.5015,4.9789,0.00030518
-0.016022,0.007019,-0.005226,0.0073242,2.5012,4.9789,0.00030518
-0.0093079,0.00061035,-0.005226,0.00045776,2.5009,4.9786,0.00061035
-0.0035095,0,-0.0047509,-0.0010681,2.5012,4.9786,0.00030518
-0.0064087,-0.0013733,-0.0047509,-0.0022888,2.5012,4.9789,0.00030518
-0.0064087,-0.0056458,-0.0042758,0.00091553,2.5009,4.9783,-0.00061035
-0.0024414,-0.0076294,-0.0047509,0.010834,2.5012,4.9796,0
0.0016785,-0.010529,-0.0042758,0.012512,2.5015,4.9783,-0.00091553
0.015564,-0.018005,-0.0042758,0.0056458,2.5015,4.9786,0
0.0071716,-0.022888,-0.0047509,0.0033569,2.5021,4.9786,0.00030518
0.0041199,-0.026245,-0.005226,0.0047302,2.5015,4.9796,0.00030518
0.0073242,-0.028381,-0.0042758,0.0030518,2.5018,4.9792,0.00030518
0.0059509,-0.021667,-0.0047509,0.0033569,2.5009,4.9789,-0.00091553
0.0068665,-0.010529,-0.0047509,0.0091553,2.5006,4.9792,0.00030518
0.012207,-0.0019836,-0.0042758,0.013428,2.5018,4.9799,0.00030518
0.0048828,0.0013733,-0.0038007,0.010376,2.5015,4.9792,-0.00061035
-0.0047302,0.004425,-0.0047509,0.0048828,2.5012,4.9799,0
-0.010681,0.0086975,-0.0042758,0.0041199,2.5021,4.9789,0.00030518
-0.0015259,0.010681,-0.0047509,0.0019836,2.5003,4.9789,-0.00030518
-0.00030518,0.0076294,-0.005226,-0.0010681,2.5012,4.9783,0
-0.004425,0.0038147,-0.0042758,-0.0018311,2.5012,4.978,0.00030518
-0.0073242,0.0073242,-0.005226,0.00045776,2.5009,4.9771,0
-0.0082397,0.016022,-0.005226,0.0024414,2.5015,4.978,-0.00030518
-0.0062561,0.015259,-0.0047509,-0.00076294,2.5009,4.9777,0.00091553
-0.0061035,0.013885,-0.005701,-0.0059509,2.5006,4.9768,-0.00030518
-0.0038147,0.019226,-0.005226,-0.0039673,2.5012,4.978,-0.00030518
0.00076294,0.02121,-0.0047509,-0.00015259,2.5012,4.9777,0.00030518
-0.0027466,0.019073,-0.005226,0.00030518,2.5009,4.9774,0.00030518
0.0061035,0.0073242,-0.0047509,0.0036621,2.5009,4.978,0.00030518
0.0083923,-0.0071716,-0.005226,0.007782,2.5006,4.9777,0
0.0013733,-0.016327,-0.0033257,0.0035095,2.5009,4.9786,-0.00030518
-0.0028992,-0.015564,-0.0042758,-0.0035095,2.5003,4.9774,-0.00030518
-0.00045776,-0.0097656,-0.0028506,-0.009613,2.5003,4.978,0
0.0083923,-0.0076294,-0.0042758,-0.010681,2.5024,4.9783,0
0.029907,-0.007782,-0.0047509,-0.012054,2.5015,4.9789,0
0.031433,-0.010986,-0.005226,-0.019073,2.5012,4.9789,0
0.013428,-0.013733,-0.0038007,-0.023499,2.5018,4.9786,0
0.005188,-0.0082397,-0.0033257,-0.024109,2.5006,4.9796,0.00061035
0.016937,-0.00045776,-0.0038007,-0.018463,2.5009,4.9789,0.00061035
0.013885,0.0047302,-0.0038007,-0.0091553,2.5021,4.9792,0
0.0057983,0.0064087,-0.005226,-0.004425,2.5021,4.9792,-0.00030518
0.0094604,-0.0012207,-0.0042758,-0.010529,2.5015,4.9789,0
0.0094604,-0.013275,-0.005226,-0.017548,2.5009,4.9789,-0.00091553
0.007019,-0.014648,-0.0042758,-0.018158,2.5012,4.9796,0
0.0068665,-0.0053406,-0.0042758,-0.010529,2.5003,4.978,0.00030518
0.0042725,0.0042725,-0.0047509,-0.0024414,2.5009,4.9786,0.00030518
-0.0053406,0.0041199,-0.0042758,-0.00076294,2.5006,4.9792,0
-0.011597,0,-0.0042758,-0.0019836,2.5021,4.9783,0.00061035
-0.00076294,0.00061035,-0.0047509,-0.00030518,2.5021,4.9786,-0.00030518
0.0010681,0.0010681,-0.0042758,0.0039673,2.5003,4.9796,-0.00030518
0.0035095,0.0015259,-0.0038007,0.0036621,2.5021,4.9799,0
0.015411,0.00061035,-0.0047509,-0.00030518,2.5012,4.9783,-0.00030518
0.018921,-0.00061035,-0.005226,-0.00061035,2.5015,4.9786,-0.00061035
0.014648,-0.0022888,-0.0047509,0.0015259,2.5024,4.9792,0.00030518
0.013123,-0.0039673,-0.0042758,0.004425,2.5021,4.9792,0.00030518
0.013733,-0.0041199,-0.0042758,0.0028992,2.5021,4.9792,-0.00030518
0.0091553,-0.00091553,-0.0038007,0.0016785,2.5009,4.9792,0.00061035
-0.0019836,0.0028992,-0.0047509,0.0053406,2.5012,4.9792,0
-0.0012207,0.0042725,-0.005226,0.010223,2.5015,4.9796,0.00030518
-0.0061035,0.0056458,-0.0042758,0.012817,2.5021,4.9786,0
-0.010986,0.011444,-0.0047509,0.01297,2.5009,4.978,0.00030518
-0.00091553,0.015564,-0.0042758,0.0085449,2.5003,4.9796,-0.00061035
0.0036621,0.013885,-0.0042758,0.0042725,2.5003,4.9783,0.00030518
0.0047302,0.0091553,-0.0047509,0.0056458,2.5018,4.9789,0.00030518
0.0039673,0.0033569,-0.0047509,0.0080872,2.5,4.9792,0
0.011139,-0.0012207,-0.0042758,0.0080872,2.5012,4.9786,0.00061035
0.033264,-0.0015259,-0.0042758,0.0057983,2.5021,4.9789,0
0.0086975,-0.0036621,-0.0038007,0.0041199,2.5009,4.9777,0
-0.00015259,-0.013275,-0.0047509,0.0032043,2.5006,4.9783,-0.00030518
0.002594,-0.018616,-0.0047509,0.0054932,2.5009,4.9796,0
0.0053406,-0.010681,-0.0047509,0.0050354,2.5015,4.9786,0.00030518
0.0090027,0.00030518,-0.0047509,-0.00045776,2.5024,4.9783,0.00030518
0.014191,0.007019,-0.0047509,-0.0047302,2.5024,4.9789,0.00030518
0.018768,0.0057983,-0.0047509,-0.0088501,2.5006,4.9792,0.00030518
0.013733,-0.00061035,-0.0042758,-0.01236,2.5009,4.9792,0.00061035
0.0048828,-0.010986,-0.0042758,-0.0090027,2.5012,4.9783,0
-0.0048828,-0.010986,-0.0033257,-0.0033569,2.5009,4.9783,0
-0.01358,0.00045776,-0.0042758,-0.0016785,2.5015,4.9789,0.00061035
-0.016937,0.0086975,-0.005226,-0.0053406,2.5009,4.9783,0.00030518
-0.017853,0.0048828,-0.005226,-0.011749,2.5018,4.9789,0.00030518
-0.015717,-0.0033569,-0.005226,-0.010834,2.5012,4.9786,-0.00030518
-0.015411,-0.0054932,-0.005226,-0.0019836,2.5015,4.9786,0
-0.014801,-0.00045776,-0.0042758,0.0048828,2.5018,4.9792,0
-0.0065613,0.0073242,-0.0047509,0.0083923,2.5015,4.9786,0.00030518
-0.01236,0.0079346,-0.0047509,0.010529,2.5009,4.9789,0.00030518
-0.0088501,0.0057983,-0.005226,0.0094604,2.5015,4.9789,-0.00030518
-0.0045776,0.0045776,-0.0047509,0.007019,2.5024,4.9789,0
-0.010223,0.00045776,-0.0061761,0.0033569,2.5012,4.978,0.00030518
-0.0059509,-0.0035095,-0.0047509,0.00030518,2.5012,4.9783,0
-0.0042725,-0.010681,-0.005226,-0.00030518,2.5003,4.9789,0
-0.0019836,-0.016632,-0.0047509,0.00030518,2.5012,4.9796,0
-0.00015259,-0.017242,-0.0042758,0.0042725,2.5006,4.9786,-0.00061035
-0.005188,-0.010376,-0.0047509,0.013123,2.5018,4.9786,0.00061035
-0.0097656,-0.0065613,-0.0047509,0.018768,2.5021,4.9796,-0.00030518
-0.010834,-0.0073242,-0.0047509,0.018005,2.5012,4.9796,0
-0.0053406,-0.0067139,-0.0042758,0.01236,2.5009,4.9799,0.00030518
0.0027466,-0.0057983,-0.005701,0.0021362,2.5018,4.9789,-0.00030518
0.0018311,-0.0056458,-0.0038007,-0.0021362,2.5012,4.9786,0.00091553
0.0057983,-0.0041199,-0.0042758,0.0022888,2.5018,4.9799,-0.00030518
0.0015259,-0.00030518,-0.0047509,0.0074768,2.5015,4.9783,0
-0.0038147,0.0024414,-0.0047509,0.012207,2.5012,4.9777,0.00030518
-0.0050354,-0.0013733,-0.0042758,0.01297,2.5012,4.9771,0
-0.0033569,-0.0033569,-0.0047509,0.010223,2.5012,4.9774,0
0.0035095,0.00076294,-0.0042758,0.0083923,2.5009,4.9777,0.00061035
0.012054,0.0057983,-0.0042758,0.010681,2.5015,4.978,0.00030518
0.014191,0.013885,-0.0038007,0.020447,2.5021,4.9783,0.00061035
0.0053406,0.015106,-0.005226,0.020599,2.5006,4.9783,0
-0.0028992,0.0065613,-0.005226,0.010223,2.5018,4.9765,0
0.002594,-0.0082397,-0.0042758,0.0048828,2.5006,4.9771,0
0.0022888,-0.019836,-0.0028506,0.0093079,2.5012,4.9777,-0.00030518
-0.0028992,-0.018768,-0.005226,0.019989,2.5006,4.9771,0
-0.0061035,-0.013428,-0.0047509,0.029907,2.5018,4.9777,-0.00061035
-0.00061035,-0.0030518,-0.0038007,0.031586,2.5015,4.9786,0.00030518
0.0050354,0.0082397,-0.0042758,0.024567,2.5021,4.9774,0
0.011444,0.011444,-0.0042758,0.016937,2.5015,4.9789,0.00030518
0.010834,0.0090027,-0.0042758,0.011749,2.5015,4.9783,-0.00030518
0.0067139,0.0045776,-0.0033257,0.012512,2.5021,4.9783,0.00091553
-0.0019836,0,-0.0042758,0.019684,2.5006,4.9786,0.00030518
0.0019836,-0.0041199,-0.0047509,0.030365,2.5015,4.9792,0.00030518
-0.0071716,-0.0038147,-0.0042758,0.037079,2.5003,4.9792,0
-0.014801,0.00076294,-0.0047509,0.037537,2.5009,4.9786,0.00030518
-0.011292,0.0036621,-0.0047509,0.037842,2.5012,4.9789,0.00030518
-0.0047302,0.0041199,-0.0047509,0.035706,2.5012,4.9783,0.00061035
-0.0018311,0.0041199,-0.0047509,0.029297,2.5009,4.9786,0
-0.0054932,0.0053406,-0.005226,0.024109,2.5024,4.978,0.00030518
-0.011139,0.0088501,-0.0042758,0.024414,2.5006,4.9789,0.00030518
-0.026855,0.011292,-0.0042758,0.025787,2.5018,4.9789,-0.00091553
-0.034332,0.0088501,-0.005226,0.02121,2.5006,4.9777,0.00030518
-0.014496,0.0059509,-0.0038007,0.016327,2.5015,4.9796,0
-0.0019836,0.0018311,-0.0038007,0.01236,2.5018,4.9786,-0.00030518
-0.0013733,-0.0015259,-0.005226,0.0091553,2.5015,4.9789,0.00030518
-0.0027466,-0.004425,-0.0047509,0.0039673,2.5009,4.9796,0.00030518
-0.0010681,-0.0036621,-0.0033257,0.0012207,2.5012,4.9799,-0.00091553
-0.0065613,-0.00045776,-0.0047509,0.0038147,2.5006,4.9786,-0.00061035
-0.007019,0.0027466,-0.0047509,0.0068665,2.5018,4.9783,0.00030518
-0.00091553,0.0012207,-0.0047509,0.0071716,2.5012,4.978,-0.00061035
-0.0080872,-0.00030518,-0.005226,0.007782,2.5015,4.9792,0
-0.015564,0.00076294,-0.0038007,0.0094604,2.5021,4.9789,-0.00061035
-0.0048828,-0.0012207,-0.0042758,0.0071716,2.5015,4.9792,0.00030518
-0.0036621,-0.0039673,-0.0042758,0.0022888,2.5021,4.9786,0
-0.011139,-0.0015259,-0.0047509,0.0018311,2.5015,4.9796,0
-0.014038,0.0010681,-0.005701,0.0010681,2.5015,4.9789,-0.00061035
-0.009613,0,-0.0042758,-0.0021362,2.5021,4.9786,0
-0.0030518,-0.0032043,-0.0047509,-0.0064087,2.5021,4.9789,0
0.020905,-0.0033569,-0.0042758,-0.009613,2.5003,4.9799,-0.00030518
0.066223,-0.0019836,-0.0042758,-0.010529,2.5012,4.9792,-0.00030518
0.052948,-0.00076294,-0.0033257,-0.012207,2.5012,4.9792,0.00061035
0.010529,0.00076294,-0.0038007,-0.014191,2.5012,4.9783,-0.00091553
0.0091553,0.0028992,-0.0042758,-0.016022,2.5015,4.9783,0
0.015564,0.0038147,-0.0042758,-0.019836,2.5015,4.9786,0
0.0061035,0,-0.0042758,-0.020294,2.5018,4.9786,-0.00091553
-0.0024414,-0.0010681,-0.0042758,-0.017853,2.5015,4.978,0
0.0036621,0.00061035,-0.0047509,-0.013428,2.5006,4.9796,0
0.004425,0.0016785,-0.0047509,-0.0076294,2.5012,4.9789,0
0.0061035,0.004425,-0.0042758,-0.0045776,2.5015,4.9796,-0.00061035
0.0042725,0.0022888,-0.0038007,-0.0050354,2.5003,4.9796,0
-0.0024414,0.0015259,-0.0047509,-0.0071716,2.5009,4.9789,0
-0.0059509,0.0028992,-0.0047509,-0.0071716,2.5012,4.9792,0.00030518
0.0062561,0.0038147,-0.0042758,-0.0054932,2.5006,4.9792,0.00030518
0.0041199,0.0027466,-0.0038007,-0.0015259,2.5021,4.9786,0
-0.0079346,0.0033569,-0.005226,0.0027466,2.5018,4.9796,0.00030518
-0.010071,0.0053406,-0.0047509,0.0073242,2.5024,4.9792,-0.00030518
0.0057983,0.0010681,-0.0042758,0.007782,2.5018,4.9799,0.00030518
0.014801,-0.0019836,-0.005226,0.0018311,2.5009,4.9796,0
0.010223,-0.00030518,-0.0047509,-0.0022888,2.5006,4.978,0.00030518
0.0047302,0.0039673,-0.0038007,0.00030518,2.5009,4.9786,0.00030518
0.0016785,0.0048828,-0.0042758,0.0022888,2.5006,4.9799,0.00030518
-0.0015259,0.004425,-0.0047509,-0.0013733,2.5012,4.9777,0
0.0067139,0.0027466,-0.0047509,-0.0061035,2.5009,4.9789,0
0.0099182,0.0019836,-0.0038007,-0.0067139,2.5012,4.9796,0.00030518
0.0074768,0.0018311,-0.0038007,-0.00091553,2.5012,4.9783,0
0.0022888,0.0028992,-0.0047509,0.0080872,2.5003,4.9786,0.00030518
-0.0022888,0.0038147,-0.0028506,0.013733,2.5021,4.9786,0.00061035
-0.0079346,0.0027466,-0.0033257,0.015869,2.5015,4.9799,0.00030518
-0.0047302,-0.00061035,-0.0038007,0.013275,2.5012,4.9786,0
0.0050354,-0.0024414,-0.005226,0.011749,2.5009,4.9792,0.00061035
0.012207,-0.0016785,-0.0047509,0.010071,2.5018,4.9799,0
0.0074768,-0.00091553,-0.0047509,0.0093079,2.5006,4.9789,0.00030518
0.0080872,-0.0019836,-0.005226,0.0091553,2.5018,4.9789,0.00030518
0.0061035,-0.0024414,-0.0047509,0.010071,2.5009,4.9789,-0.00061035
0.0059509,-0.0024414,-0.0042758,0.0061035,2.5,4.978,0
0.0056458,-0.0015259,-0.0042758,0.0036621,2.5012,4.9774,0.00030518
0.0061035,-0.0021362,-0.0042758,0.0065613,2.5009,4.9783,0.00030518
0.017242,-0.0016785,-0.0033257,0.011292,2.5021,4.978,0.00030518
0.0021362,0.00061035,-0.005226,0.010834,2.5012,4.9777,0.00030518
-0.019073,0.0030518,-0.0038007,0.0064087,2.5021,4.9786,-0.00030518
-0.022736,0.0039673,-0.0042758,0.0028992,2.5012,4.9777,0
-0.018158,0.0013733,-0.0042758,0.0022888,2.5018,4.9765,0.00030518
-0.0068665,0.00091553,-0.0047509,0.0019836,2.5018,4.9771,-0.00061035
-0.0076294,0.0015259,-0.0042758,0.0041199,2.5015,4.978,0
-0.012665,0.0016785,-0.0042758,0.0086975,2.5009,4.978,-0.00061035
-0.02243,-0.00076294,-0.0042758,0.015106,2.5027,4.9777,0.00061035
-0.025482,-0.0039673,-0.0038007,0.01709,2.5021,4.9777,0.00030518
-0.023499,-0.0039673,-0.0047509,0.018158,2.5015,4.9783,0
-0.023499,-0.0033569,-0.0042758,0.018921,2.5003,4.9799,0
-0.021057,-0.0016785,-0.0042758,0.018616,2.5018,4.9786,0.00061035
-0.016632,-0.00076294,-0.0042758,0.017395,2.5012,4.9796,0
-0.021362,0.0019836,-0.0047509,0.017242,2.5015,4.9796,0.00061035
-0.018616,0.0065613,-0.0042758,0.019836,2.5012,4.9786,-0.00061035
-0.014496,0.0035095,-0.0042758,0.026245,2.5015,4.9789,0
-0.0076294,-0.0012207,-0.0047509,0.030823,2.5012,4.9792,-0.00030518
-0.0054932,-0.0028992,-0.0038007,0.030823,2.5009,4.9792,-0.00030518
-0.0056458,-0.0019836,-0.0042758,0.032959,2.5021,4.9789,-0.00030518
-0.0032043,0,-0.0042758,0.0354,2.5012,4.9783,0
0,0.0013733,-0.0047509,0.0354,2.5009,4.9792,0.00030518
0.00076294,0.00030518,-0.0042758,0.031738,2.5018,4.9792,0.00030518
-0.0035095,-0.0018311,-0.0038007,0.030823,2.5015,4.9799,0.00030518
0.0015259,-0.0042725,-0.0047509,0.028687,2.5012,4.9777,0
0.010681,-0.0013733,-0.0038007,0.024872,2.5006,4.9792,0
0.00076294,0.0022888,-0.005226,0.018768,2.5006,4.9789,0
-0.0074768,0.0012207,-0.0042758,0.014038,2.5021,4.9792,0.00030518
-0.0074768,-0.0019836,-0.0042758,0.011749,2.5015,4.9786,-0.00030518
0.01709,-0.0027466,-0.0042758,0.0099182,2.5012,4.9799,0.00030518
0.028534,-0.00061035,-0.0047509,0.0061035,2.5018,4.9792,0.00030518
0.011444,0.002594,-0.0047509,0,2.5009,4.9789,-0.00030518
0.012665,0.0039673,-0.005226,-0.004425,2.5009,4.9796,0.00030518
0.018921,0.0041199,-0.0033257,-0.0064087,2.5021,4.9796,0
-0.0053406,0.0028992,-0.0042758,-0.0045776,2.5009,4.9789,0.00030518
-0.0094604,-0.0018311,-0.0042758,-0.0048828,2.5018,4.9802,-0.00030518
-0.00091553,-0.0032043,-0.0038007,-0.0032043,2.5015,4.9789,0
0.0093079,0.00045776,-0.005226,0,2.5012,4.9796,0.00030518
0.0012207,0.0033569,-0.0047509,0.00045776,2.5009,4.9792,-0.00030518
-0.010376,0.0012207,-0.0042758,-0.0027466,2.5021,4.9789,0.00030518
-0.015259,-0.00030518,-0.0042758,-0.0010681,2.5003,4.9786,0
-0.015259,-0.00061035,-0.005226,0.002594,2.5021,4.9786,-0.00030518
-0.015717,-0.0021362,-0.0042758,0.004425,2.5015,4.9792,0
-0.018768,-0.0013733,-0.0042758,0.0048828,2.5006,4.9796,0.00061035
-0.013885,0.00030518,-0.005226,0.00030518,2.5009,4.978,0.00061035
-0.0032043,0.0013733,-0.005226,-0.0054932,2.5009,4.9786,0.00030518
-0.009613,0.0033569,-0.0033257,-0.0039673,2.5021,4.9789,0.00030518
-0.010834,0.0027466,-0.0042758,-0.00045776,2.5009,4.9799,-0.00030518
-0.00076294,0.00045776,-0.0047509,-0.0022888,2.5021,4.9792,0
0.0035095,-0.0030518,-0.0042758,-0.0047302,2.5021,4.9786,0.00030518
-0.0015259,-0.0047302,-0.0042758,-0.0062561,2.5009,4.9789,0.00030518
-0.010223,-0.0013733,-0.0033257,-0.0015259,2.5012,4.9789,-0.00030518
-0.012207,0.0010681,-0.0042758,0.0045776,2.5009,4.9792,0
-0.014496,0.0032043,-0.005226,0.010071,2.5021,4.9792,-0.00030518
-0.013123,0.0038147,-0.0042758,0.012512,2.5012,4.9792,-0.00091553
-0.0021362,0.0027466,-0.0047509,0.0091553,2.5,4.9789,0
-0.00076294,0.0021362,-0.005226,0.0021362,2.5003,4.9789,-0.00030518
0.0010681,0.0016785,-0.0042758,-0.0041199,2.5015,4.9789,-0.00061035
0.0061035,-0.0022888,-0.0038007,-0.0091553,2.5015,4.9789,0.00061035
0.0033569,-0.0018311,-0.0047509,-0.0062561,2.5015,4.9786,-0.00030518
-0.0016785,-0.002594,-0.0042758,-0.00045776,2.5015,4.9789,-0.00091553
-0.00045776,-0.0064087,-0.005226,0.0032043,2.5009,4.9786,0.00061035
0.0012207,-0.0056458,-0.0042758,0.0056458,2.5009,4.9783,-0.00030518
0.00045776,-0.0012207,-0.0047509,0.0064087,2.5018,4.9796,-0.00030518
0.00061035,-0.0016785,-0.0033257,0.004425,2.5021,4.9774,0.00091553
0.0054932,-0.0013733,-0.0042758,0.0027466,2.5021,4.9783,0
0.0024414,0.00091553,-0.0042758,0.0024414,2.5027,4.9789,0
0.0018311,0.0013733,-0.0038007,0.0035095,2.5009,4.9796,0.00030518
0.012512,0.00045776,-0.0042758,0.0016785,2.5003,4.9792,-0.00061035
0.032043,-0.0015259,-0.005226,-0.0022888,2.5006,4.9786,0.00030518
0.0071716,0,-0.005226,-0.0067139,2.5018,4.9792,0
-0.01709,0,-0.005226,-0.0048828,2.5015,4.9786,0
-0.016479,0.00061035,-0.0042758,0.0013733,2.5009,4.9792,0
-0.009613,0.0015259,-0.0042758,0.0062561,2.5006,4.9786,0.00030518
-0.0079346,0.0032043,-0.0047509,0.0073242,2.5015,4.9789,0.00061035
0.0022888,0.002594,-0.0038007,0.0057983,2.5015,4.9792,0.00030518
0.0053406,-0.0018311,-0.0042758,-0.00045776,2.5015,4.9789,0.00061035
0.0083923,-0.0062561,-0.0038007,-0.004425,2.5009,4.978,-0.00030518
0.015564,-0.011749,-0.0047509,-0.0067139,2.5003,4.9777,0.00030518
0.019684,-0.013275,-0.0047509,-0.004425,2.5021,4.9786,-0.00061035
0.042419,-0.011597,-0.0033257,0.0036621,2.5018,4.9777,0
0.058746,-0.0056458,-0.0047509,0.012207,2.5012,4.978,-0.00030518
0.0083923,-0.0012207,-0.005226,0.018616,2.5009,4.9789,0.00061035
-0.028839,0.00091553,-0.0033257,0.020905,2.5018,4.9777,-0.00030518
-0.020142,0.00015259,-0.0042758,0.014648,2.5015,4.9765,0.00030518
0.0024414,-0.00045776,-0.0033257,0.009613,2.5018,4.9774,0.00030518
0.0018311,-0.00045776,-0.0042758,0.0080872,2.5012,4.9777,-0.00061035
-0.0045776,-0.0021362,-0.005226,0.0074768,2.5,4.9777,-0.00061035
-0.0048828,-0.00015259,-0.0038007,0.0073242,2.5018,4.9777,0
-0.010071,0.0012207,-0.0042758,0.010376,2.5006,4.9777,-0.00030518
-0.017242,0.0013733,-0.0047509,0.013733,2.5018,4.9786,0
-0.020905,0.00045776,-0.0038007,0.014801,2.5018,4.9789,0
-0.020599,-0.00061035,-0.0042758,0.013123,2.5015,4.9789,0
-0.017853,-0.0019836,-0.0042758,0.012054,2.5009,4.9783,0
-0.019226,-0.0027466,-0.0047509,0.011292,2.5015,4.9786,0.00030518
-0.010071,-0.0016785,-0.0042758,0.0071716,2.5009,4.9792,0
-0.0059509,-0.00091553,-0.0042758,0.0013733,2.5015,4.9786,0
-0.0080872,-0.0047302,-0.0042758,-0.0032043,2.5,4.9786,0
-0.0067139,-0.0071716,-0.0047509,-0.0067139,2.5009,4.9796,0.00030518
-0.0015259,-0.002594,-0.0033257,-0.0091553,2.5015,4.9789,0.00061035
0.0036621,0.00045776,-0.0038007,-0.0083923,2.5006,4.9789,0.00091553
0.0062561,0.0013733,-0.0033257,-0.0079346,2.5006,4.9786,-0.00030518
0.0045776,0.0057983,-0.0033257,-0.0079346,2.5021,4.9786,-0.00030518
0.0036621,0.01236,-0.005226,-0.0074768,2.5015,4.9799,0
0.0048828,0.013275,-0.0033257,-0.0054932,2.5021,4.9774,0.00061035
0.021667,0.0088501,-0.0042758,0,2.5015,4.9789,-0.00030518
0.010681,0.0056458,-0.0028506,0.0041199,2.5009,4.9786,0.00061035
-0.0027466,0.0016785,-0.005226,0.0018311,2.5015,4.9792,-0.00030518
0.00061035,0,-0.0042758,-0.0022888,2.5006,4.9792,-0.00061035
-0.0073242,0.0047302,-0.0042758,-0.0013733,2.5018,4.9792,0.00030518
-0.019226,0.0093079,-0.0038007,-0.00061035,2.5006,4.9792,0.00030518
-0.023499,0.0097656,-0.0042758,0.0016785,2.5015,4.9796,0.00061035
-0.021057,0.0094604,-0.0047509,0.005188,2.5009,4.9792,0.00061035
-0.016327,0.0050354,-0.0047509,0.0085449,2.5018,4.9796,0.00030518
-0.015869,0.0012207,-0.0042758,0.011139,2.5003,4.9789,0
-0.0019836,0.0010681,-0.0042758,0.0062561,2.5015,4.9792,0.00030518
0.004425,-0.0010681,-0.005226,-0.00015259,2.5006,4.9792,0.00030518
0.0019836,-0.0068665,-0.0038007,-0.0024414,2.5018,4.9805,-0.00030518
-0.0012207,-0.0083923,-0.005226,-0.0022888,2.5015,4.9792,0
-0.0053406,-0.007019,-0.0042758,0.0015259,2.5012,4.9789,0.00030518
-0.01358,-0.004425,-0.0042758,0.007019,2.5015,4.9789,0.00030518
-0.016022,-0.00061035,-0.0042758,0.010376,2.5018,4.9792,-0.00061035
-0.015411,0.0027466,-0.0042758,0.013275,2.5012,4.9792,0.00061035
-0.023346,-0.0012207,-0.0028506,0.013428,2.5024,4.9789,0
-0.0354,-0.007019,-0.0042758,0.010376,2.5024,4.978,-0.00061035
-0.027466,-0.0071716,-0.0042758,0.0064087,2.5012,4.9783,-0.00030518
-0.015869,-0.0045776,-0.0042758,0.005188,2.5021,4.9786,0.00030518
-0.0093079,-0.00076294,-0.005226,0.0090027,2.5027,4.9783,0
-0.005188,0.0036621,-0.0038007,0.0062561,2.5006,4.9792,0
-0.0036621,0.010681,-0.0028506,0.00045776,2.5015,4.9792,0
-0.00091553,0.016022,-0.0047509,-0.0038147,2.5015,4.9789,0.00030518
0.00015259,0.01709,-0.0042758,-0.0032043,2.5003,4.9789,0.00030518
0.00030518,0.015259,-0.0042758,-0.0012207,2.5015,4.9789,0
-0.0021362,0.013123,-0.0042758,0.0028992,2.5009,4.9789,0
-0.0038147,0.011749,-0.0047509,0.0061035,2.5018,4.9789,0
0.0021362,0.0090027,-0.0047509,0.0091553,2.5015,4.9796,-0.00030518
0.0047302,0.00061035,-0.0047509,0.0088501,2.5018,4.9789,-0.00061035
0.010681,-0.007019,-0.0042758,0.0099182,2.5009,4.9789,-0.00030518
0.023193,-0.007782,-0.0038007,0.0076294,2.5018,4.9789,0.00030518
0.0080872,-0.0090027,-0.0042758,0.0032043,2.5003,4.9786,0.00030518
0.0024414,-0.0082397,-0.005226,0.00045776,2.5018,4.9786,-0.00030518
0.01236,-0.0094604,-0.0042758,-0.00061035,2.5012,4.9792,0.00030518
0.0090027,-0.010376,-0.0042758,-0.0019836,2.5009,4.9799,0
0.0012207,-0.0091553,-0.0047509,-0.00076294,2.5009,4.9792,0
-0.007019,-0.0068665,-0.005226,0.0013733,2.5009,4.9774,0
-0.0010681,-0.0041199,-0.0047509,0.0038147,2.5012,4.9792,-0.00030518
-0.0022888,-0.00076294,-0.0042758,0.0061035,2.5006,4.9792,0
-0.0091553,-0.00030518,-0.0033257,0.0083923,2.5003,4.9805,0
-0.01297,0.00091553,-0.0038007,0.010834,2.5018,4.9786,-0.00061035
-0.011597,0.0028992,-0.0042758,0.010834,2.5012,4.9792,0.00030518
-0.0076294,0.0036621,-0.0047509,0.0080872,2.5009,4.9783,0.00061035
-0.0082397,0.0038147,-0.005701,0.0056458,2.5018,4.9792,0
-0.007019,0.0068665,-0.0047509,0.0064087,2.5003,4.9792,0
-0.0047302,0.0088501,-0.005226,0.010223,2.5021,4.9786,0.00061035
-0.0061035,0.0076294,-0.0033257,0.012817,2.5015,4.9789,0.00061035
0.0042725,0.0028992,-0.0047509,0.014496,2.5015,4.9789,0.00030518
0.00045776,-0.0024414,-0.0042758,0.01709,2.5015,4.9786,-0.00030518
-0.012665,-0.0048828,-0.0047509,0.023193,2.5018,4.978,0
-0.019379,-0.0079346,-0.0042758,0.022125,2.5006,4.9774,0.00091553
-0.01236,-0.0085449,-0.0042758,0.014191,2.5018,4.978,-0.00061035
0.002594,-0.0042725,-0.0042758,0.0062561,2.5012,4.978,0.00030518
0.029907,-0.0016785,-0.0042758,0.0056458,2.5024,4.978,-0.00061035
0.027008,0.00091553,-0.0042758,0.010986,2.5006,4.9783,0.00030518
0.0073242,0.0057983,-0.0042758,0.014954,2.5012,4.9783,0
-0.021362,0.0099182,-0.0042758,0.015106,2.5018,4.9774,0
-0.0088501,0.0083923,-0.0042758,0.010681,2.5012,4.9774,0.00030518
-0.013428,0.0073242,-0.0047509,0.0039673,2.5012,4.9777,0.00061035
-0.012207,0.007782,-0.005226,-0.00091553,2.5018,4.9783,0
-0.0030518,0.0090027,-0.0042758,-0.00091553,2.5018,4.9777,-0.00061035
-0.0048828,0.0076294,-0.0042758,0.0059509,2.5012,4.978,-0.00030518
-0.020447,0.0083923,-0.0038007,0.011292,2.5009,4.9783,0
-0.021362,0.0065613,-0.0038007,0.0093079,2.5009,4.9783,0.00030518
-0.005188,0.0048828,-0.005226,0.0038147,2.5012,4.9789,0.00061035
0.01358,0.0028992,-0.0047509,-0.002594,2.5018,4.9792,-0.00030518
0.020905,0.00076294,-0.0042758,-0.0041199,2.5024,4.9777,0.00030518
0.014038,-0.0042725,-0.0047509,-0.0019836,2.5012,4.9789,0.00030518
0.0033569,-0.0088501,-0.0042758,0.0010681,2.5009,4.9796,-0.00030518
0.0059509,-0.0088501,-0.0042758,0.0033569,2.5006,4.9783,-0.00061035
0.026093,-0.0071716,-0.0042758,0.0038147,2.5015,4.9789,-0.00030518
0.011139,-0.0056458,-0.0042758,0.0050354,2.5,4.9792,0
-0.011292,-0.0054932,-0.0042758,0.0080872,2.5021,4.9783,-0.00061035
-0.012817,-0.0057983,-0.0042758,0.009613,2.5012,4.9792,0.00030518
0.00015259,-0.0083923,-0.0033257,0.0057983,2.5012,4.9789,0.00030518
0.007782,-0.007019,-0.0047509,0.0010681,2.5006,4.9792,0.00030518
-0.0022888,-0.0061035,-0.005226,-0.0016785,2.5018,4.978,0
-0.0048828,-0.0045776,-0.0038007,-0.0012207,2.5073,4.9789,0
-0.0050354,-0.0019836,-0.005226,0.0010681,2.5015,4.9783,0
-0.0054932,0.0028992,-0.005226,0.0024414,2.5012,4.9796,0
-0.0083923,0.0088501,-0.0042758,0.0054932,2.5009,4.9796,0.00061035
-0.0091553,0.01236,-0.0038007,0.007019,2.5003,4.9789,0
-0.0088501,0.015106,-0.0042758,0.0035095,2.5012,4.9783,-0.00030518
-0.01236,0.016174,-0.005701,0.0010681,2.5018,4.9783,0.00061035
-0.012512,0.015106,-0.0047509,0.00076294,2.5015,4.9796,0.00030518
-0.007019,0.016022,-0.0042758,0.007019,2.5021,4.9789,0
-0.0074768,0.015106,-0.005701,0.012817,2.5012,4.9792,0
0.0091553,0.011902,-0.005226,0.010529,2.5009,4.9792,-0.00030518
0.037689,0.0083923,-0.0047509,0.007019,2.5012,4.9799,-0.00030518
0.020752,0.0068665,-0.0042758,0.0093079,2.5031,4.9792,0.00030518
-0.007019,0.0053406,-0.0047509,0.014648,2.5012,4.9789,0.00030518
-0.0086975,0.00030518,-0.0038007,0.019989,2.5018,4.9799,0.00030518
-0.0041199,-0.0036621,-0.0042758,0.022278,2.5018,4.9792,0.00030518
-0.0021362,-0.0021362,-0.0047509,0.019989,2.5012,4.9786,0
0.0013733,-0.0010681,-0.0038007,0.0177,2.5012,4.9802,0.00030518
0.0035095,-0.00061035,-0.0038007,0.014343,2.5018,4.9792,0.00030518
0.0045776,-0.00061035,-0.005226,0.0097656,2.5009,4.978,0.00030518
0.013123,0.0019836,-0.0042758,0.004425,2.5018,4.9786,0.00061035
0.0093079,0.0021362,-0.005701,0.0035095,2.5015,4.9792,0.00061035
0.0024414,0.0018311,-0.0038007,0.010223,2.5015,4.9792,0
0.004425,0.0030518,-0.0047509,0.018616,2.5006,4.9792,0.00061035
0.0094604,0.005188,-0.0047509,0.017853,2.5006,4.9786,0.00030518
0.010071,0.0065613,-0.0042758,0.010529,2.5021,4.9783,-0.00061035
0.0071716,0.0067139,-0.0047509,0.004425,2.5018,4.9786,0
0.010376,0.0038147,-0.0042758,0.0035095,2.5015,4.9792,0
0.0091553,0.00076294,-0.0042758,0.0019836,2.5024,4.978,0.00030518
0.0053406,-0.0030518,-0.0047509,-0.0010681,2.5015,4.9796,0.00030518
0.018311,-0.0027466,-0.0042758,-0.00030518,2.5015,4.9792,0
0.018921,0.0013733,-0.005226,0.0033569,2.5012,4.9786,0
0.011292,-0.00030518,-0.0061761,0.007782,2.5003,4.9799,0.00061035
0.0083923,-0.0035095,-0.0042758,0.0099182,2.5027,4.9789,-0.00030518
0.014038,-0.0065613,-0.0042758,0.0079346,2.5015,4.9786,0.00030518
0.015411,-0.0091553,-0.0042758,0.0064087,2.5009,4.9789,0
0.0068665,-0.007782,-0.0038007,0.0091553,2.5018,4.978,-0.00030518
-0.0038147,0.00061035,-0.0042758,0.011139,2.5012,4.9771,-0.00030518
-0.013123,0.0065613,-0.0042758,0.010223,2.5012,4.9777,0
-0.0177,0.004425,-0.0047509,0.0097656,2.5024,4.9774,0.00030518
-0.007782,0.0010681,-0.0047509,0.010529,2.5012,4.9783,-0.00030518
-0.0079346,0.0012207,-0.0042758,0.0067139,2.5015,4.9783,0.00061035
-0.0086975,0.0028992,-0.0042758,-0.0015259,2.5024,4.9786,-0.00030518
-0.0071716,0.0036621,-0.005226,-0.0054932,2.5006,4.9783,0.00061035
-0.0056458,0.0028992,-0.0042758,-0.0012207,2.5021,4.9792,0.00030518
-0.0042725,0.0018311,-0.0042758,0.0038147,2.5021,4.9792,-0.00030518
-0.0030518,-0.0018311,-0.005226,0.0056458,2.5015,4.9789,0.00030518
-0.0010681,-0.0045776,-0.0038007,0.0030518,2.5009,4.9789,0.00030518
0.010681,-0.002594,-0.0042758,0.0015259,2.5009,4.9792,0.00030518
0.031586,-0.0010681,-0.0047509,-0.00091553,2.5003,4.9796,0.00030518
0.032806,-0.00091553,-0.0042758,-0.0016785,2.5009,4.9799,0.00030518
0.013428,-0.0022888,-0.0042758,-0.0033569,2.5012,4.9786,0
0.007782,-0.0041199,-0.0047509,0.00015259,2.5012,4.9796,0.00030518
0.012207,-0.0054932,-0.0042758,0.0018311,2.5015,4.9786,0
0.0099182,-0.0068665,-0.0042758,-0.0013733,2.5012,4.9783,-0.00030518
0.0080872,-0.007782,-0.0042758,-0.0057983,2.5009,4.9771,0
0.009613,-0.0094604,-0.0042758,-0.0059509,2.5018,4.978,0
0.011292,-0.0073242,-0.005701,0.0021362,2.5012,4.9768,-0.00030518
0.0088501,-0.010223,-0.0047509,0.011597,2.5021,4.978,0.00030518
0.0032043,-0.012665,-0.0042758,0.013733,2.5024,4.978,0
0.0061035,-0.011597,-0.0047509,0.013428,2.5006,4.978,0.0012207
0.0022888,-0.010986,-0.0033257,0.014801,2.5018,4.978,-0.00030518
-0.00076294,-0.010681,-0.0042758,0.012512,2.5009,4.9774,0
-0.00076294,-0.010376,-0.0033257,0.0090027,2.5003,4.978,0.00030518
-0.0015259,-0.0062561,-0.005701,0.0019836,2.5009,4.978,0.00061035
0.0062561,-0.0038147,-0.005226,-0.0048828,2.5009,4.9786,0.00030518
0.0094604,0.0035095,-0.0047509,-0.0065613,2.5009,4.9786,-0.00061035
0.0065613,0.009613,-0.0042758,-0.0038147,2.5003,4.9789,0.00030518
0.014191,0.013733,-0.005701,0.00076294,2.5009,4.9796,0.00030518
0.010529,0.019989,-0.0042758,0.0065613,2.5018,4.9792,-0.00061035
0.013275,0.025482,-0.0038007,0.0067139,2.5021,4.9789,0.00030518
0.016632,0.025177,-0.0047509,-0.0013733,2.5024,4.9783,0
0.018616,0.023193,-0.0042758,-0.005188,2.5015,4.9792,0.00030518
0.017548,0.020294,-0.0047509,-0.0013733,2.5009,4.9792,0.00030518
0.011292,0.019226,-0.005701,0.0053406,2.5012,4.9792,0.00091553
0.0056458,0.016022,-0.0042758,0.0057983,2.5009,4.9786,-0.00030518
0.0050354,0.014496,-0.005226,0.0015259,2.5012,4.9792,-0.00061035
0.0068665,0.014191,-0.005226,0.00045776,2.5018,4.9789,0
0.0062561,0.017853,-0.0047509,0.0015259,2.5006,4.9792,0
0.0028992,0.022278,-0.005701,0.0036621,2.5009,4.978,0.00030518
0.0099182,0.019531,-0.0038007,0.0064087,2.5015,4.978,0.00030518
0.011292,0.0079346,-0.005226,0.009613,2.5012,4.9786,0
0.0061035,-0.0068665,-0.0047509,0.0099182,2.5012,4.9786,0
0.0053406,-0.015411,-0.0047509,0.010529,2.5021,4.9796,-0.00030518
0.0064087,-0.013733,-0.005226,0.0073242,2.5012,4.9792,-0.00030518
0.0045776,-0.0083923,-0.0042758,0.0028992,2.5021,4.9786,0
-0.0062561,-0.0021362,-0.005226,0.0048828,2.5012,4.9796,-0.00030518
-0.011139,0.002594,-0.0042758,0.0054932,2.5009,4.9796,0.00030518
-0.0065613,0.0010681,-0.0047509,0.0041199,2.5018,4.9789,0.00030518
-0.0064087,-0.002594,-0.0047509,0.0061035,2.5021,4.9796,-0.00061035
-0.004425,-0.010529,-0.0042758,0.0093079,2.5021,4.9796,0.00030518
-0.019073,-0.02121,-0.005226,0.014496,2.5021,4.9799,0
-0.02594,-0.028839,-0.0047509,0.0177,2.5015,4.9789,0.00030518
-0.015106,-0.033264,-0.0042758,0.015717,2.5018,4.9789,-0.00061035
-0.0071716,-0.031891,-0.005226,0.011597,2.5009,4.9792,0.00030518
-0.0059509,-0.024872,-0.0028506,0.010071,2.5021,4.9796,0.00030518
-0.012054,-0.011902,-0.0042758,0.011444,2.5015,4.9799,-0.00030518
-0.0177,-0.0021362,-0.0042758,0.015106,2.5018,4.9792,0
-0.018158,0.0010681,-0.005226,0.016937,2.5006,4.9786,-0.00030518
-0.0038147,0.0018311,-0.0047509,0.014343,2.5012,4.9786,0
0.0076294,0.004425,-0.0047509,0.009613,2.5015,4.9792,0.00030518
-0.0054932,0.0062561,-0.0047509,0.0071716,2.5006,4.9783,0
-0.015411,0.0053406,-0.0033257,0.0054932,2.5031,4.9786,-0.00030518
-0.010376,0.010529,-0.0042758,0.0065613,2.5006,4.9783,-0.00061035
-0.012207,0.021057,-0.0047509,0.010223,2.5021,4.9789,0
-0.021362,0.028229,-0.0047509,0.011444,2.5009,4.9786,0.00030518
-0.025635,0.025482,-0.005226,0.011749,2.5018,4.9799,0
-0.0061035,0.015564,-0.005226,0.010986,2.5009,4.9789,0
-0.00061035,0.0038147,-0.0038007,0.007019,2.5012,4.9796,-0.00061035
-0.0094604,-0.0071716,-0.0042758,-0.00076294,2.5018,4.9786,-0.00030518
-0.014648,-0.011749,-0.0047509,-0.0062561,2.5012,4.9786,0
-0.014191,-0.0085449,-0.0047509,-0.0057983,2.5012,4.9786,-0.00030518
-0.017853,-0.0053406,-0.0038007,-0.0028992,2.5012,4.9783,-0.00061035
-0.020905,-0.0032043,-0.0047509,-0.0048828,2.5018,4.9789,-0.00030518
-0.012817,-0.00030518,-0.0042758,-0.0074768,2.5018,4.9796,0.00030518
-0.0013733,0.007019,-0.0042758,-0.0047302,2.5015,4.9789,-0.00030518
-0.0032043,0.011749,-0.0047509,-0.004425,2.5015,4.9792,-0.00061035
-0.0091553,0.015106,-0.0042758,-0.0073242,2.5015,4.9789,-0.00061035
-0.011902,0.012054,-0.0042758,-0.011597,2.5012,4.9792,0
-0.011749,0.0059509,-0.0038007,-0.014954,2.5009,4.9774,0
-0.0054932,-0.0013733,-0.005226,-0.010986,2.5018,4.9789,0
-0.0177,-0.0088501,-0.0047509,-0.0045776,2.5003,4.9792,0.00030518
-0.029449,-0.012054,-0.0042758,-0.0022888,2.5009,4.9802,0.00030518
-0.016327,-0.012665,-0.005226,0.00061035,2.5009,4.9783,0.00061035
0.0016785,-0.0062561,-0.0047509,0.0013733,2.5009,4.9792,0
0.0048828,0.0021362,-0.0042758,0.0030518,2.5012,4.9796,0.00030518
-0.0042725,0.0073242,-0.0042758,0.0067139,2.5009,4.9799,0
-0.0054932,0.0093079,-0.0038007,0.0065613,2.5018,4.9789,0.00030518
0.007019,0.011902,-0.005226,0.0065613,2.5015,4.9808,0
-0.00015259,0.01358,-0.0047509,0.01297,2.5018,4.9786,0.00030518
-0.0094604,0.0030518,-0.0042758,0.012817,2.5018,4.9783,-0.00030518
0.010834,-0.0071716,-0.0042758,0.010223,2.5009,4.9783,-0.00030518
0.015717,-0.0067139,-0.0042758,0.012512,2.5018,4.9786,0.00030518
-0.0068665,-0.0015259,-0.005226,0.013275,2.5012,4.9783,0
-0.0038147,-0.00045776,-0.0038007,0.0032043,2.5009,4.9786,0
0.0027466,-0.00030518,-0.0042758,-0.0056458,2.5009,4.978,0.00030518
0.0010681,-0.00061035,-0.0042758,-0.0079346,2.5009,4.9777,0
0.0067139,0.00091553,-0.0047509,-0.007782,2.5006,4.978,0
0.0018311,-0.0036621,-0.0038007,-0.0038147,2.5012,4.9783,0
-0.0080872,-0.0086975,-0.0042758,0.0028992,2.5015,4.9771,0.00030518
0.010071,-0.011444,-0.0042758,0.010529,2.5018,4.9768,0.00061035
0.0073242,-0.0047302,-0.0042758,0.014496,2.5024,4.9783,0.00030518
-0.0059509,0.007019,-0.0042758,0.0177,2.5009,4.9777,0
-0.0059509,0.011597,-0.0047509,0.020905,2.5006,4.9777,0.00030518
-0.0041199,0.014496,-0.0033257,0.022583,2.5018,4.9768,-0.00030518
0.004425,0.021515,-0.005226,0.020905,2.5021,4.978,0.00030518
0.015411,0.027771,-0.0042758,0.014343,2.5018,4.978,0.00061035
0.011902,0.027771,-0.0038007,0.0093079,2.5015,4.978,0
-0.0038147,0.025787,-0.0042758,0.011597,2.5018,4.9786,-0.00061035
-0.011292,0.022583,-0.0042758,0.016479,2.5015,4.9786,0
0.0097656,0.020294,-0.0033257,0.019684,2.5018,4.9792,0.00030518
0.012665,0.015106,-0.0042758,0.023804,2.5,4.9789,-0.00030518
0.016022,0.009613,-0.0042758,0.021515,2.5015,4.9796,0.00030518
0.021515,0.0033569,-0.0047509,0.016479,2.5012,4.9789,0.00030518
0.015717,-0.00015259,-0.0047509,0.012207,2.5006,4.9786,-0.00030518
0.016785,-0.0032043,-0.005226,0.016174,2.5006,4.9783,-0.00030518
0.016785,-0.0067139,-0.005226,0.022736,2.5012,4.9789,0.00030518
0.0059509,-0.0062561,-0.0038007,0.024414,2.5015,4.9789,-0.00030518
-0.005188,-0.0032043,-0.0047509,0.017395,2.5015,4.9786,-0.00030518
-0.0071716,0.0042725,-0.0038007,0.013275,2.5015,4.9777,0
-0.0013733,0.010834,-0.0042758,0.016327,2.5027,4.9786,0.00030518
-0.010529,0.010834,-0.0042758,0.017853,2.5,4.9792,0.00030518
-0.023804,0.0038147,-0.0033257,0.015106,2.5018,4.9792,0.00030518
-0.02243,-0.0067139,-0.005226,0.010376,2.5018,4.9789,0
-0.015869,-0.022583,-0.0038007,0.007782,2.5018,4.9789,0.00061035
-0.015259,-0.0383,-0.0047509,0.0067139,2.5012,4.9783,0.00030518
-0.01297,-0.051117,-0.0038007,0.0042725,2.5012,4.9796,-0.00030518
-0.0093079,-0.05722,-0.0047509,0.0013733,2.5015,4.9792,0.00030518
-0.012054,-0.054779,-0.0047509,-0.00030518,2.5012,4.9792,0
-0.014343,-0.043488,-0.0038007,-0.0027466,2.5012,4.9792,0.00030518
0.0016785,-0.03418,-0.0038007,-0.007019,2.5015,4.9802,-0.00061035
0.0028992,-0.02121,-0.0033257,-0.010071,2.5021,4.9786,-0.00030518
-0.010529,-0.0067139,-0.0042758,-0.007019,2.5024,4.9792,0
-0.019531,0.007019,-0.005226,-0.0038147,2.5015,4.9805,0.00030518
-0.022583,0.012817,-0.005226,-0.0013733,2.5012,4.9792,0.00030518
-0.016174,0.011597,-0.0042758,0,2.5021,4.9789,0
0.0042725,0.01236,-0.0038007,-0.004425,2.5009,4.9799,0.00030518
0.0039673,0.015259,-0.0047509,-0.010223,2.5012,4.9792,0.00030518
-0.0039673,0.022736,-0.0042758,-0.011749,2.5006,4.9796,0
-0.0086975,0.026093,-0.005226,-0.0094604,2.5021,4.9789,0
-0.004425,0.021057,-0.0028506,-0.0085449,2.5006,4.9786,-0.00061035
-0.0076294,0.010681,-0.0042758,-0.009613,2.5018,4.9792,0
-0.010223,0.0027466,-0.0042758,-0.007782,2.4997,4.9792,0
-0.0094604,0.0068665,-0.0038007,-0.0048828,2.5021,4.978,0.00030518
-0.0073242,0.014648,-0.0047509,-0.0042725,2.5009,4.9792,0.00030518
-0.011749,0.0085449,-0.0028506,-0.0015259,2.5021,4.9792,0.00030518
-0.013885,0.0021362,-0.0038007,0.0022888,2.5015,4.9796,0
-0.015106,0.005188,-0.0042758,0.0015259,2.5021,4.9789,0.00091553
-0.0099182,0.0065613,-0.0042758,0,2.5,4.9789,0.00030518
-0.0073242,0.0012207,-0.0033257,0.0039673,2.5012,4.9786,0
0.0010681,-0.011292,-0.0038007,0.0056458,2.5024,4.9783,-0.00030518
-0.0021362,-0.021057,-0.0047509,0.0036621,2.5015,4.9792,0.00061035
-0.0053406,-0.021973,-0.0042758,0.0035095,2.5018,4.9799,-0.00030518
-0.004425,-0.020599,-0.0047509,0.0018311,2.5012,4.9792,-0.00030518
-0.0012207,-0.022888,-0.0038007,-0.00076294,2.5012,4.9799,0.00030518
0.0015259,-0.016479,-0.0042758,-0.00061035,2.5015,4.978,0.00061035
0.007019,0.004425,-0.0047509,0.0035095,2.5015,4.9796,0
0.0086975,0.025177,-0.0042758,0.007019,2.5009,4.9789,-0.00030518
0.0099182,0.031738,-0.0038007,0.0093079,2.5027,4.9792,0
0.012054,0.033112,-0.0042758,0.010986,2.5015,4.9777,0.00030518
0.037842,0.033569,-0.0038007,0.011749,2.5015,4.9786,0.00030518
0.037689,0.029449,-0.005226,0.011902,2.5015,4.9786,-0.00030518
0.020447,0.025635,-0.0033257,0.012665,2.5006,4.9792,0.00030518
0.014801,0.023956,-0.0042758,0.011292,2.5012,4.9783,0
0.0041199,0.020142,-0.0042758,0.013275,2.5015,4.9783,0.00030518
-0.0013733,0.0090027,-0.0038007,0.013275,2.5012,4.9796,0.00061035
0.0022888,-0.00076294,-0.0038007,0.010681,2.5015,4.9792,0
0.0033569,-0.00076294,-0.0042758,0.009613,2.5012,4.9789,-0.00061035
-0.0033569,-0.00030518,-0.0038007,0.010223,2.5006,4.9802,0.00030518
-0.010376,-0.00045776,-0.0047509,0.011749,2.5015,4.9796,0
0.0030518,-0.0018311,-0.0042758,0.010071,2.5009,4.9783,0.00030518
0.0041199,-0.0027466,-0.0047509,0.0057983,2.5018,4.978,0.00030518
-0.0019836,-0.0016785,-0.0038007,0.0035095,2.5006,4.9789,0
-0.00061035,0.0045776,-0.0047509,0.0033569,2.5015,4.9777,-0.00030518
0.0045776,0.010834,-0.0047509,0.0018311,2.5015,4.978,0
0.0035095,0.0067139,-0.0023755,-0.0015259,2.5009,4.978,0.00030518
0.0013733,0,-0.005226,-0.0022888,2.5024,4.9774,0.00030518
0.0018311,-0.0024414,-0.0047509,-0.0013733,2.5018,4.9777,0.00030518
-0.0013733,-0.0028992,-0.0038007,0,2.5012,4.9783,-0.00030518
-0.0097656,-0.0033569,-0.0042758,0.0048828,2.5015,4.9771,-0.00030518
-0.0056458,-0.0056458,-0.0033257,0.0099182,2.5012,4.9777,0
-0.00045776,-0.0073242,-0.0028506,0.01297,2.5012,4.9777,0.00030518
0.0035095,-0.0057983,-0.0047509,0.014801,2.5012,4.978,0
0.0038147,-0.015869,-0.0042758,0.013123,2.5015,4.9768,0.00061035
-0.0021362,-0.036163,-0.0047509,0.012817,2.5006,4.9768,0.00030518
-0.0065613,-0.046844,-0.0042758,0.017242,2.5015,4.978,0
-0.0088501,-0.042725,-0.0042758,0.020752,2.5003,4.9783,0
-0.011292,-0.032959,-0.0047509,0.022888,2.5018,4.9792,0
-0.015259,-0.017853,-0.0042758,0.023956,2.5003,4.9789,0.00030518
-0.020142,0.0033569,-0.0028506,0.022888,2.5027,4.9783,-0.00030518
-0.010223,0.012512,-0.0042758,0.015869,2.5018,4.9792,0.00030518
-0.0036621,0.0071716,-0.0047509,0.0079346,2.5012,4.9792,-0.00061035
0.00030518,0.00045776,-0.0033257,0.0028992,2.5009,4.9777,0.00091553
0.0038147,-0.0019836,-0.0047509,-0.00030518,2.5015,4.9786,0.00030518
0.01358,-0.0033569,-0.005226,-0.0042725,2.5015,4.9792,0.00061035
0.042114,-0.0013733,-0.0038007,-0.0083923,2.5015,4.9789,0.00030518
0.03418,0.0018311,-0.0042758,-0.014496,2.5012,4.9792,0.00030518
0.0047302,0.0062561,-0.0042758,-0.016632,2.5015,4.9792,0
-0.007019,0.010071,-0.0038007,-0.015259,2.5003,4.9792,0.00030518
-0.0041199,0.01236,-0.0047509,-0.009613,2.5009,4.978,0.00061035
0.010986,0.012817,-0.0042758,-0.0028992,2.5018,4.9783,0.00061035
0.0061035,0.014648,-0.0042758,0.00045776,2.5027,4.9789,0.00030518
0.0013733,0.016022,-0.0042758,0.00015259,2.5024,4.9786,0.00030518
0.012054,0.014648,-0.0047509,-0.0067139,2.5003,4.9783,0.00030518
0.018158,0.011749,-0.0038007,-0.010071,2.5012,4.9799,0.00061035
0.010986,0.010834,-0.0038007,-0.005188,2.5009,4.9789,0
-0.0033569,0.012665,-0.005226,0.00030518,2.5021,4.9789,-0.00030518
-0.009613,0.01236,-0.0042758,0.0048828,2.5006,4.9786,-0.00030518
-0.0085449,0.010681,-0.005226,0.0065613,2.5015,4.9796,0
-0.012207,0.0080872,-0.0038007,0.0080872,2.5018,4.9799,0
-0.009613,0.0068665,-0.0047509,0.009613,2.5012,4.9796,0
-0.0090027,0.012054,-0.005226,0.012817,2.5,4.9786,0.00061035
-0.0093079,0.016937,-0.0047509,0.01297,2.5018,4.9783,0.00030518
-0.0097656,0.013123,-0.0042758,0.0097656,2.5009,4.9799,0.00030518
-0.018921,0.0086975,-0.0042758,0.012207,2.5015,4.9792,0
-0.028992,0.0041199,-0.0042758,0.01709,2.5018,4.9789,0.00061035
-0.034332,-0.0042725,-0.0047509,0.015564,2.5006,4.9789,-0.00030518
-0.026093,-0.013275,-0.0042758,0.013428,2.5009,4.9792,-0.00030518
-0.012817,-0.016632,-0.0042758,0.015717,2.5021,4.9796,0
-0.011444,-0.015106,-0.0047509,0.01709,2.5018,4.9783,0.00030518
-0.0035095,-0.0093079,-0.0042758,0.013733,2.5018,4.9783,0
-0.004425,-0.0022888,-0.0038007,0.012054,2.5015,4.9792,0.00061035
-0.007782,0.0022888,-0.0047509,0.011292,2.5015,4.978,-0.00091553
-0.01297,0.0053406,-0.005226,0.010071,2.5021,4.9783,-0.00030518
-0.010834,0.0024414,-0.0038007,0.010071,2.5006,4.9796,0.00030518
-0.0082397,-0.0039673,-0.0042758,0.013885,2.5018,4.9799,0.00030518
-0.0091553,-0.007019,-0.0042758,0.013428,2.5012,4.9786,-0.00030518
-0.010986,-0.005188,-0.0042758,0.010681,2.5021,4.9783,0.00030518
-0.011444,-0.0035095,-0.0047509,0.010834,2.5003,4.9792,0.00030518
-0.014038,-0.0047302,-0.0042758,0.014038,2.5015,4.9792,0.00030518
-0.01297,-0.0048828,-0.0047509,0.012817,2.5006,4.9796,-0.00030518
-0.018158,-0.0042725,-0.005226,0.0054932,2.5009,4.9789,0
-0.018768,-0.004425,-0.0047509,0.0019836,2.5003,4.9789,0.00030518
-0.015411,-0.002594,-0.0047509,0.0047302,2.5015,4.9796,0.00030518
-0.010681,0,-0.0047509,0.0076294,2.5009,4.9789,0.00030518
-0.0085449,-0.0010681,-0.0047509,0.0076294,2.5015,4.9783,-0.00061035
-0.011749,-0.0024414,-0.005226,0.010681,2.5018,4.9786,0.00030518
-0.018463,-0.0042725,-0.0047509,0.015564,2.5012,4.9792,-0.00030518
-0.018005,-0.0039673,-0.0047509,0.019379,2.5006,4.9789,0
-0.014954,-0.0047302,-0.0047509,0.016937,2.5024,4.978,0.00030518
-0.005188,-0.0065613,-0.0047509,0.0073242,2.5021,4.9786,0.00061035
-0.0033569,-0.0032043,-0.0047509,0.0050354,2.5009,4.978,0.00061035
-0.0097656,0.002594,-0.0042758,0.013428,2.5009,4.9789,0
-0.016632,0.0057983,-0.0047509,0.021362,2.5012,4.9786,0.00030518
-0.017395,0.0050354,-0.0047509,0.019684,2.5012,4.9789,0
-0.018158,0.0027466,-0.0038007,0.014648,2.5006,4.9786,0.00061035
-0.01709,0.00076294,-0.0042758,0.014343,2.5018,4.9792,0.00061035
-0.019836,0.0064087,-0.0047509,0.015411,2.5012,4.9796,0.00030518
-0.014954,0.013123,-0.0047509,0.013733,2.5015,4.9796,0.00030518
-0.016479,0.012054,-0.0047509,0.007782,2.5003,4.9805,0
-0.0059509,0.0059509,-0.0038007,0.00076294,2.5006,4.9796,0.00030518
0.0022888,0.0013733,-0.0042758,0.00015259,2.5015,4.9799,0.00030518
-0.0027466,-0.0016785,-0.0042758,0.0024414,2.5015,4.9792,-0.00061035
-0.011749,-0.0013733,-0.0047509,0.0039673,2.5012,4.9774,0
-0.014038,0.00061035,-0.0047509,0.0032043,2.5018,4.978,0.00061035
-0.0033569,0.0013733,-0.0047509,0.0056458,2.5015,4.9774,0
-0.010834,0.0018311,-0.0047509,0.0064087,2.5015,4.9783,-0.00091553
-0.013885,0.0033569,-0.0042758,0.0088501,2.5009,4.9783,0.00030518
-0.0088501,0.0041199,-0.0038007,0.012817,2.5021,4.9777,0.00061035
-0.012665,0.0056458,-0.005226,0.016479,2.5015,4.9765,0
-0.0068665,0.010681,-0.0047509,0.021667,2.5012,4.9768,0
-0.005188,0.012054,-0.005226,0.02243,2.5009,4.9771,0.00030518
-0.005188,0.005188,-0.0047509,0.020142,2.5015,4.9783,0.00030518
0.0015259,-0.00061035,-0.0047509,0.023041,2.5003,4.9777,0.00061035
0.016327,0.0010681,-0.005226,0.028076,2.5012,4.9783,0
0.015869,0.0050354,-0.005701,0.027924,2.5018,4.9783,0.00030518
0.0057983,0.0050354,-0.0042758,0.028229,2.5018,4.978,-0.00030518
0.010529,0.0030518,-0.0042758,0.027161,2.5015,4.9786,0.00030518
0.0086975,0.0035095,-0.0033257,0.025635,2.5009,4.9789,0.00030518
0.0032043,0,-0.0047509,0.021057,2.5021,4.9789,0
0.014954,-0.0024414,-0.0047509,0.019073,2.5018,4.9792,0.00030518
0.018768,-0.0016785,-0.0042758,0.015869,2.5021,4.9786,0.00061035
0.016632,-0.00076294,-0.0042758,0.015411,2.5009,4.9786,0.00030518
0.018005,-0.00076294,-0.0047509,0.016327,2.5006,4.9792,0.00061035
0.023804,-0.0021362,-0.0047509,0.015411,2.5009,4.9789,0.00030518
0.03006,-0.0041199,-0.0047509,0.014038,2.5015,4.9783,-0.00030518
0.032501,-0.0038147,-0.005226,0.011292,2.5015,4.9789,0.00030518
0.027924,-0.0021362,-0.0042758,0.012512,2.5009,4.9792,0.00030518
0.019531,-0.0019836,-0.0047509,0.018311,2.5012,4.9789,0.00030518
0.013428,-0.0042725,-0.0042758,0.020752,2.5009,4.9774,0.0012207
0.018921,-0.0062561,-0.005226,0.020447,2.5018,4.9783,0
0.016022,-0.0038147,-0.0047509,0.023193,2.5009,4.9789,-0.00061035
0.011139,0.0056458,-0.0047509,0.024872,2.5018,4.978,-0.00061035
0.013885,0.010376,-0.005226,0.021362,2.5024,4.9789,-0.00030518
0.018921,0.010376,-0.005701,0.015106,2.5012,4.9786,-0.00030518
0.023956,0.010529,-0.0047509,0.010681,2.5009,4.9799,-0.00030518
0.030365,0.011597,-0.005701,0.0073242,2.5006,4.9796,0
0.033722,0.010223,-0.0047509,0.005188,2.5009,4.9789,0.00030518
0.027313,0.0079346,-0.0042758,0.004425,2.5015,4.9789,0.00030518
0.02533,0.0045776,-0.0047509,0.0045776,2.5015,4.9796,0
0.037994,-0.00045776,-0.0033257,0.004425,2.5015,4.9786,0.00030518
0.035858,-0.0024414,-0.0042758,-0.0024414,2.5018,4.9796,0
0.025482,-0.0041199,-0.005701,-0.0094604,2.5018,4.9786,0.00061035
0.020905,-0.0039673,-0.0042758,-0.010376,2.5015,4.9799,0.00030518
0.011902,-0.00061035,-0.0042758,-0.0082397,2.5024,4.9792,0
0.00061035,0.0065613,-0.0038007,-0.0041199,2.5006,4.9792,0.00061035
-0.0067139,0.0091553,-0.0038007,-0.00015259,2.5012,4.9796,0.00061035
-0.00045776,0.0093079,-0.0042758,-0.00030518,2.5015,4.9802,-0.00030518
0.0048828,0.0090027,-0.005226,-0.0022888,2.5015,4.9796,-0.00030518
0.0015259,0.007782,-0.0038007,-0.0057983,2.5003,4.9783,0.00091553
0.013275,0.0079346,-0.0042758,-0.012207,2.5021,4.978,-0.00030518
0.015259,0.0050354,-0.005226,-0.014648,2.5021,4.978,-0.00030518
0.018463,-0.00030518,-0.0047509,-0.015564,2.5012,4.9789,-0.00030518
0.019684,-0.0010681,-0.0042758,-0.013885,2.5015,4.9796,-0.00061035
0.014038,-0.0021362,-0.0047509,-0.0062561,2.5015,4.9786,0.00061035
0.013885,-0.0013733,-0.0038007,-0.00030518,2.5018,4.9789,0
0.020752,-0.0024414,-0.0047509,0.0030518,2.5012,4.9789,0.00030518
0.022583,-0.0024414,-0.0042758,0.0045776,2.5009,4.9789,-0.00061035
0.020599,-0.0016785,-0.0038007,0.007019,2.5015,4.9789,0.00091553
0.015259,0.00045776,-0.0042758,0.0064087,2.5009,4.9786,0.00030518
0.027466,-0.0022888,-0.0042758,0.0024414,2.5015,4.9789,0.00030518
0.032806,-0.0048828,-0.0042758,-0.0038147,2.5015,4.9799,0.00061035
0.033417,-0.0042725,-0.0042758,-0.010223,2.5003,4.9796,0
0.037079,-0.0019836,-0.0047509,-0.014038,2.5021,4.9792,-0.00030518
0.042267,-0.0038147,-0.0042758,-0.014038,2.5009,4.9789,0.00030518
0.037689,-0.0062561,-0.0047509,-0.0088501,2.5021,4.9786,0.00061035
0.02655,-0.0018311,-0.0047509,-0.0013733,2.5015,4.9789,0
0.021362,0.0062561,-0.0042758,0.0028992,2.5009,4.9792,0.00030518
0.02182,0.013428,-0.0038007,0.0042725,2.5009,4.9789,-0.00030518
0.023193,0.014343,-0.0038007,0.0067139,2.5018,4.9783,-0.00061035
0.026703,0.0061035,-0.0042758,0.010071,2.5009,4.9783,-0.00030518
0.0177,-0.0035095,-0.0042758,0.01236,2.5015,4.9789,0
0.013885,-0.007019,-0.005226,0.010376,2.5012,4.9783,0.00030518
0.022125,-0.0042725,-0.0047509,0.007782,2.5015,4.9802,-0.00030518
0.02655,-0.0013733,-0.005226,0.0073242,2.5015,4.9789,0
0.041962,0.00030518,-0.0038007,0.0094604,2.5015,4.978,0
0.066071,0.0012207,-0.0042758,0.012512,2.5024,4.9799,0.00030518
0.027466,0.0013733,-0.0042758,0.013733,2.5018,4.9789,0.00061035
-0.011444,-0.0021362,-0.0042758,0.014038,2.5012,4.9796,0
-0.017242,-0.0090027,-0.0038007,0.014648,2.5012,4.9799,0.00030518
0.0016785,-0.01358,-0.0038007,0.016632,2.5009,4.9789,0
0.0010681,-0.015259,-0.0047509,0.021667,2.5003,4.9789,0.00061035
-0.007782,-0.014191,-0.0042758,0.024261,2.5012,4.9789,0
-0.011444,-0.013275,-0.0042758,0.021515,2.5003,4.9783,0.00030518
-0.015717,-0.014191,-0.0042758,0.01297,2.5009,4.9783,0.00061035
-0.023804,-0.013885,-0.0042758,0.0059509,2.5018,4.9777,0
-0.029297,-0.0091553,-0.0038007,0.0015259,2.5006,4.978,-0.00061035
-0.028839,-0.0047302,-0.0042758,-0.00015259,2.5018,4.9777,-0.00030518
-0.031738,-0.0035095,-0.005701,-0.00091553,2.5015,4.9783,0.00061035
-0.036469,-0.0032043,-0.0042758,-0.0036621,2.5015,4.9768,0
-0.024261,-0.00015259,-0.0038007,-0.010376,2.5018,4.9774,0
-0.021515,0.0027466,-0.0042758,-0.016632,2.5018,4.9777,0
-0.025787,0.0041199,-0.005226,-0.014191,2.5021,4.9774,-0.00030518
-0.024261,0.0039673,-0.0038007,-0.012207,2.5009,4.9786,0.00030518
-0.017395,0.0039673,-0.0047509,-0.015869,2.5006,4.9783,0.00030518
-0.01358,0.0028992,-0.0042758,-0.023499,2.5003,4.9783,0.00030518
-0.012512,0.0045776,-0.0047509,-0.027466,2.5009,4.9789,0
-0.0076294,0.0076294,-0.0047509,-0.031586,2.5012,4.9792,-0.00030518
-0.0083923,0.0073242,-0.005701,-0.037689,2.5018,4.9792,0.00030518
-0.01358,0.0056458,-0.0042758,-0.040741,2.5009,4.9792,-0.00030518
-0.0085449,0.0016785,-0.0042758,-0.039368,2.5012,4.9792,0.00061035
-0.0073242,-0.0028992,-0.0038007,-0.036163,2.5018,4.9792,-0.00091553
-0.010529,-0.0073242,-0.0033257,-0.03891,2.5018,4.9792,0
-0.0094604,-0.0088501,-0.005701,-0.043793,2.5015,4.9783,0.00091553
-0.0061035,-0.0054932,-0.0033257,-0.042877,2.5021,4.9789,0.00030518
-0.0073242,0.0018311,-0.0042758,-0.039978,2.5009,4.9786,0.00030518
-0.019226,0.0041199,-0.0042758,-0.035095,2.5009,4.9786,-0.00061035
-0.027313,0.00045776,-0.005226,-0.034027,2.5009,4.9789,-0.00030518
-0.025177,-0.00076294,-0.0042758,-0.038452,2.5015,4.9789,-0.00030518
-0.026093,0.0033569,-0.0047509,-0.037079,2.5012,4.9777,-0.00061035
-0.023041,0.0083923,-0.0042758,-0.029144,2.5015,4.9786,-0.00030518
-0.032196,0.0094604,-0.0038007,-0.019684,2.5012,4.9789,-0.00030518
-0.03952,0.0068665,-0.005226,-0.016022,2.5006,4.9783,0.00091553
-0.035706,0.0035095,-0.0047509,-0.015564,2.5015,4.9792,0
-0.028229,-0.00061035,-0.0038007,-0.015411,2.5012,4.9792,0.00061035
-0.02121,-0.002594,-0.0042758,-0.013428,2.5018,4.9786,-0.00061035
-0.024261,-0.004425,-0.005226,-0.010223,2.5009,4.9792,0.00030518
-0.026855,-0.0065613,-0.0042758,-0.011139,2.5015,4.9786,0
-0.025787,-0.0064087,-0.0042758,-0.010223,2.5012,4.9792,0.00030518
-0.03479,-0.0056458,-0.0047509,-0.007019,2.5,4.9789,0
-0.016022,-0.0028992,-0.0042758,-0.0065613,2.5009,4.9796,0.00030518
-0.0090027,-0.0027466,-0.005226,-0.0094604,2.5021,4.9792,0.00030518
-0.016632,-0.002594,-0.0047509,-0.013885,2.5009,4.9802,0.00030518
-0.014648,-0.00061035,-0.0042758,-0.016632,2.5012,4.9792,-0.00030518
-0.011902,0.0012207,-0.0042758,-0.016479,2.5003,4.9796,0.00030518
-0.0097656,0.00045776,-0.0042758,-0.018768,2.5009,4.9792,0.00030518
-0.015411,-0.00045776,-0.0033257,-0.019073,2.5009,4.9796,0
-0.023346,0.0019836,-0.0042758,-0.014496,2.5015,4.9792,0
-0.027771,0.0062561,-0.0047509,-0.0093079,2.5018,4.9792,0.00061035
-0.031281,0.0068665,-0.0033257,-0.0064087,2.5018,4.9783,-0.00030518
-0.022888,0.0028992,-0.0042758,-0.0045776,2.5,4.9789,0.00030518
-0.019989,-0.0024414,-0.0047509,-0.0073242,2.5018,4.9789,0
-0.019684,-0.0033569,-0.0042758,-0.011292,2.5012,4.9792,0.00030518
-0.015259,0.00076294,-0.0042758,-0.01358,2.5018,4.9789,0.00030518
-0.015717,0.0088501,-0.005226,-0.010681,2.5021,4.9786,-0.00030518
-0.014496,0.01297,-0.0042758,-0.0045776,2.5012,4.9789,-0.00061035
-0.0050354,0.0071716,-0.0038007,-0.0022888,2.5006,4.9792,0.00061035
0.00076294,-0.0010681,-0.005226,0.0016785,2.5012,4.9796,-0.00030518
-0.011902,-0.0086975,-0.0042758,0.0080872,2.5012,4.978,0
-0.016937,-0.016174,-0.0047509,0.0088501,2.5009,4.9777,-0.00030518
-0.0083923,-0.018005,-0.005226,0.0056458,2.5012,4.9786,0
-0.0042725,-0.015564,-0.0042758,0.002594,2.5006,4.9789,0.00061035
-0.0028992,-0.010681,-0.0042758,0.00091553,2.5012,4.9792,0
-0.0038147,-0.0083923,-0.0042758,0.0036621,2.5015,4.9789,-0.00030518
0.00076294,-0.0039673,-0.0047509,0.0064087,2.5006,4.9792,0.00091553
0.021973,0.0041199,-0.0047509,0.0041199,2.5018,4.9786,-0.00030518
0.023804,0.009613,-0.0042758,0.0033569,2.5012,4.9786,0
0.012512,0.009613,-0.0033257,0.007782,2.5018,4.9789,0
0.0028992,0.010529,-0.0038007,0.014191,2.5009,4.9792,0.00061035
-0.0042725,0.0082397,-0.005701,0.016632,2.5015,4.9774,-0.00030518
0.005188,0.0030518,-0.0047509,0.013733,2.5015,4.9792,0.00061035
0.0053406,-0.0027466,-0.0042758,0.012817,2.5003,4.9786,0.00061035
-0.0076294,-0.0038147,-0.0047509,0.015259,2.5015,4.9783,0.00030518
-0.012817,-0.0018311,-0.0038007,0.015869,2.5015,4.9783,0.00030518
-0.0083923,-0.00076294,-0.005226,0.013885,2.5009,4.978,0.00091553
0.00061035,0.0076294,-0.0042758,0.0088501,2.5006,4.9786,0.00030518
0.0068665,0.013733,-0.0042758,0.0061035,2.5009,4.9786,-0.00030518
-0.0015259,0.012054,-0.0047509,0.007019,2.5009,4.9789,0
-0.0054932,0.0073242,-0.005226,0.011902,2.5021,4.9786,0
-0.0068665,0.0021362,-0.0042758,0.017853,2.5012,4.9796,0.00061035
0.0041199,-0.00015259,-0.0047509,0.020599,2.5015,4.9799,-0.00030518
0.0016785,0.00061035,-0.0033257,0.017395,2.5021,4.9777,0.00061035
-0.0032043,0.0041199,-0.0042758,0.016632,2.5006,4.9774,0
0.0010681,0.0048828,-0.0047509,0.018158,2.5009,4.978,0.00030518
0.016327,0.0041199,-0.0038007,0.019073,2.5015,4.9783,-0.00030518
0.02182,0.0057983,-0.0042758,0.019684,2.5015,4.978,-0.00030518
0.0035095,0.0074768,-0.0042758,0.020599,2.5021,4.9777,0.00061035
-0.004425,0.0061035,-0.0042758,0.019226,2.5015,4.9783,0.00030518
-0.0059509,0.0032043,-0.0042758,0.018463,2.5015,4.978,0.00030518
-0.011902,0.0019836,-0.0047509,0.021515,2.5006,4.9777,-0.00030518
-0.0030518,0.0016785,-0.0047509,0.021667,2.5018,4.9777,0.00030518
0.0047302,0.00045776,-0.0042758,0.018768,2.5015,4.9768,0.00030518
0.013885,-0.00030518,-0.0042758,0.018311,2.5015,4.978,0.00061035
-0.00061035,-0.00045776,-0.0047509,0.01709,2.5018,4.9777,0.00030518
-0.0064087,-0.00061035,-0.0047509,0.015106,2.5018,4.978,0.00061035
0,0.00076294,-0.0047509,0.013885,2.5015,4.9783,0
0.0061035,0,-0.0033257,0.012054,2.5015,4.9786,-0.00030518
0.0090027,-0.0032043,-0.0028506,0.009613,2.5021,4.9783,0.00091553
0.00061035,-0.0036621,-0.0042758,0.0067139,2.5018,4.9786,0.00030518
-0.0045776,-0.00076294,-0.0047509,0.007782,2.5015,4.9786,0.00030518
0.020752,-0.0042725,-0.0042758,0.007019,2.5012,4.9783,0
0.03891,-0.010071,-0.005226,0.0054932,2.5006,4.9783,-0.00061035
0.010986,-0.013428,-0.0028506,0.0053406,2.4991,4.9792,-0.00091553
-0.0056458,-0.013428,-0.0047509,0.0099182,2.5018,4.9783,0.00030518
0.0019836,-0.012817,-0.0047509,0.014801,2.5006,4.9789,0.00030518
0.0062561,-0.012817,-0.0028506,0.018768,2.5021,4.9789,0
-0.00076294,-0.0099182,-0.0047509,0.022125,2.5021,4.9792,0.00061035
-0.0033569,-0.0073242,-0.0047509,0.02121,2.5009,4.9786,0
-0.0035095,-0.004425,-0.0047509,0.018158,2.5018,4.9792,0
-0.011139,-0.0032043,-0.005701,0.024872,2.5015,4.9774,0.00061035
-0.0038147,-0.0028992,-0.005226,0.0354,2.5018,4.9783,0.00030518
-0.0057983,-0.0015259,-0.0042758,0.037079,2.5015,4.9786,0
-0.0068665,-0.0021362,-0.0042758,0.032349,2.5018,4.9796,0
-0.00076294,-0.0013733,-0.0047509,0.031586,2.5003,4.9796,0.00061035
0.0010681,-0.0016785,-0.0047509,0.031738,2.5009,4.9786,0.00030518
-0.0030518,-0.0028992,-0.005226,0.034943,2.5006,4.9792,0
-0.0090027,-0.0041199,-0.0033257,0.038147,2.5018,4.9792,0
-0.016327,-0.0039673,-0.0047509,0.040131,2.5015,4.9796,-0.00030518
-0.018616,-0.0036621,-0.0047509,0.035553,2.5021,4.978,0.00061035
-0.013123,-0.0028992,-0.0047509,0.02594,2.5009,4.9796,0.00061035
0.0054932,-0.0030518,-0.0047509,0.02243,2.5009,4.9789,-0.00061035
0.004425,-0.0059509,-0.0047509,0.021362,2.5015,4.978,-0.00030518
0.0016785,-0.0033569,-0.0047509,0.019989,2.5021,4.9796,-0.00030518
0.01709,0.002594,-0.005226,0.021057,2.5012,4.9799,0.00030518
0.0062561,0.0057983,-0.0042758,0.022125,2.5018,4.9786,0.00091553
-0.0085449,0.0050354,-0.0042758,0.023651,2.5015,4.9789,-0.00030518
-0.011749,0.0028992,-0.0047509,0.02533,2.5006,4.9792,0.00030518
-0.010223,0.0033569,-0.0042758,0.023346,2.5009,4.9796,0.00030518
-0.0093079,0.0053406,-0.005701,0.017242,2.5012,4.9789,0
-0.0091553,0.0064087,-0.0042758,0.013428,2.5009,4.9777,0
0.0024414,0.0038147,-0.005226,0.014343,2.5018,4.9792,0
0.0024414,0.00091553,-0.005226,0.017395,2.5021,4.9783,0.00030518
-0.00076294,-0.00030518,-0.0042758,0.016632,2.5012,4.9789,-0.00061035
0.0022888,-0.00045776,-0.005226,0.01297,2.5015,4.9789,-0.00030518
0.0016785,-0.0021362,-0.0042758,0.010376,2.5006,4.9786,-0.00030518
-0.0032043,-0.00015259,-0.0047509,0.0083923,2.5018,4.9796,-0.00030518
-0.0076294,-0.00015259,-0.0042758,0.011139,2.5018,4.9783,-0.00030518
-0.0093079,0.0010681,-0.0047509,0.016937,2.5015,4.9786,-0.00061035
-0.0094604,0.0030518,-0.0042758,0.019989,2.5021,4.9786,0
-0.0062561,0.0038147,-0.0042758,0.019684,2.5015,4.9786,0.00030518
0.0061035,0.0018311,-0.0047509,0.019073,2.5018,4.9799,-0.00030518
0.0050354,-0.0015259,-0.0042758,0.018921,2.5012,4.9789,-0.00030518
0.0021362,-0.00015259,-0.0042758,0.017395,2.5009,4.9789,0.00030518
0.0021362,0.002594,-0.005226,0.017548,2.5018,4.9783,0
0.0018311,0.0036621,-0.0047509,0.016785,2.5015,4.9792,0.00061035
0.0012207,0.0041199,-0.0042758,0.011902,2.5012,4.9783,-0.00091553
-0.00076294,0.0038147,-0.0042758,0.0088501,2.5012,4.9796,0
-0.005188,0.0053406,-0.0042758,0.010834,2.5009,4.9796,0.00030518
-0.0079346,0.0038147,-0.0042758,0.013275,2.5009,4.9796,0.00030518
-0.0085449,0.0012207,-0.0047509,0.013428,2.5015,4.9783,0
0.00076294,-0.0016785,-0.0042758,0.011597,2.5021,4.9792,-0.00061035
0.0033569,-0.0030518,-0.005226,0.016174,2.5009,4.9792,0.00030518
-0.007782,-0.0030518,-0.0042758,0.024567,2.5015,4.9796,0.00030518
-0.011902,-0.00015259,-0.0042758,0.028229,2.5012,4.9799,0
-0.01358,0.0027466,-0.005701,0.030975,2.5018,4.9789,0.00030518
-0.012207,0.0022888,-0.0047509,0.034485,2.5015,4.9805,0
-0.010071,0.00076294,-0.0038007,0.033417,2.5018,4.9789,0
-0.0079346,-0.00030518,-0.0042758,0.028229,2.5012,4.9792,-0.00030518
-0.0082397,0.0033569,-0.005226,0.02533,2.5012,4.9796,0.00030518
-0.011749,0.0073242,-0.0047509,0.023956,2.5009,4.9796,0.00030518
-0.0061035,0.0045776,-0.0047509,0.021973,2.5009,4.9792,-0.00030518
-0.0028992,0.0041199,-0.0042758,0.017242,2.5009,4.978,0.00030518
0.0033569,0.0030518,-0.0047509,0.011597,2.5018,4.9789,-0.00030518
0.0032043,-0.0035095,-0.0038007,0.0080872,2.5018,4.978,0.00061035
0.00091553,-0.0056458,-0.005226,0.0061035,2.5009,4.9783,0
-0.0010681,-0.0041199,-0.0042758,0.0022888,2.5006,4.9774,0.00030518
0.00015259,-0.0062561,-0.0033257,0.0027466,2.5018,4.9789,0.00061035
0.0042725,-0.0090027,-0.005701,0.0010681,2.5009,4.9783,-0.00061035
0.0074768,-0.0073242,-0.005226,-0.0036621,2.5024,4.9783,0.00030518
0.0079346,-0.0050354,-0.0042758,-0.0080872,2.5018,4.9768,0.00061035
0.011292,-0.0045776,-0.005226,-0.0094604,2.5018,4.9771,0
0.0073242,-0.010834,-0.0038007,-0.0080872,2.5009,4.9783,0
0.0036621,-0.011749,-0.0042758,-0.0041199,2.5018,4.978,0.00091553
0.004425,-0.005188,-0.0047509,0.00061035,2.5006,4.9783,0
0.011444,0.002594,-0.0042758,0.0041199,2.5015,4.9774,0.00030518
0.013275,0.0088501,-0.005226,0.002594,2.5021,4.978,0.00030518
0.0061035,0.011139,-0.0047509,-0.0015259,2.5003,4.9786,0.00030518
-0.0061035,0.01297,-0.0047509,-0.0059509,2.5015,4.9786,0.00030518
-0.0050354,0.013733,-0.0042758,-0.0056458,2.5009,4.9783,0.00030518
0.01236,0.014191,-0.005226,-0.0047302,2.5012,4.9792,0
0.0097656,0.0073242,-0.0042758,-0.0015259,2.5009,4.9792,0.00030518
0.0022888,0.0016785,-0.0038007,0.002594,2.5018,4.9796,-0.00030518
0.0036621,0.0022888,-0.0042758,0.0057983,2.5006,4.9786,0
0.011444,0.0064087,-0.0042758,0.007019,2.5018,4.9786,-0.00061035
0.0085449,0.0074768,-0.0047509,0.0082397,2.5009,4.9786,-0.00061035
0.00015259,0.0054932,-0.0042758,0.0068665,2.5012,4.9789,-0.00061035
-0.007019,0.0045776,-0.0047509,0.0047302,2.5009,4.9789,0
-0.010376,0.0028992,-0.005701,0.0019836,2.5021,4.9789,0.00030518
-0.015259,0.00061035,-0.0038007,0.0030518,2.5015,4.9789,0.00030518
-0.016479,-0.004425,-0.0047509,0.0033569,2.5006,4.9783,0.00030518
-0.0039673,-0.0071716,-0.0042758,0.00030518,2.5,4.9786,0.00030518
-0.0054932,-0.0067139,-0.005226,0.0010681,2.5006,4.9789,0
-0.0094604,-0.0045776,-0.0047509,0.00091553,2.5012,4.9796,0.00030518
-0.007782,-0.0035095,-0.0047509,-0.0024414,2.5018,4.978,-0.00030518
-0.0024414,-0.00030518,-0.005226,-0.0076294,2.5021,4.9792,0.00030518
0.0032043,0.0039673,-0.0033257,-0.0076294,2.5003,4.9786,0.00030518
0.00030518,0.0076294,-0.0038007,-0.0042725,2.5018,4.9789,0
-0.00015259,0.010071,-0.0038007,0.00015259,2.5003,4.9799,-0.00030518
0.007019,0.012817,-0.0042758,0.0028992,2.5034,4.9799,0.00030518
0.012207,0.012207,-0.005226,-0.00015259,2.5015,4.9789,-0.00061035
0.010529,0.010681,-0.0047509,-0.005188,2.5015,4.9789,0.00030518
0.0068665,0.0079346,-0.0042758,-0.0079346,2.5003,4.9792,0.00061035
0.005188,0.0083923,-0.0042758,-0.010376,2.5012,4.9789,0.00030518
0.005188,0.010223,-0.0047509,-0.015717,2.5006,4.9792,-0.00030518
0.0057983,0.0053406,-0.0047509,-0.018311,2.5012,4.9789,0
0.010223,0.0027466,-0.0038007,-0.016022,2.5006,4.9799,-0.00030518
0.011597,0.00030518,-0.0042758,-0.012665,2.5012,4.9799,0
0.015106,-0.0015259,-0.0042758,-0.0057983,2.5015,4.9799,-0.00030518
0.014801,0.0010681,-0.0047509,0.0021362,2.5018,4.9802,0.00030518
0.013428,0.0048828,-0.005226,0.0071716,2.5006,4.9783,0.00030518
0.021515,0.0050354,-0.0047509,0.0085449,2.5009,4.9783,0
0.032349,0.0028992,-0.0047509,0.0065613,2.5006,4.9796,0.00030518
0.018921,-0.00076294,-0.0042758,0.00061035,2.5012,4.9796,0.00030518
-0.00015259,-0.0039673,-0.005226,0.00076294,2.5024,4.9786,0
-0.0012207,-0.0080872,-0.0047509,0.0076294,2.5009,4.9802,0.00030518
0.0032043,-0.0086975,-0.0042758,0.0086975,2.5018,4.9783,-0.00030518
0.0064087,-0.0053406,-0.0047509,0.0010681,2.5003,4.9792,0.00030518
0.0054932,-0.0038147,-0.0047509,-0.0042725,2.5021,4.9783,0
0.0019836,-0.0016785,-0.0042758,-0.0094604,2.5015,4.9792,0.00030518
-0.0018311,-0.00076294,-0.0033257,-0.014954,2.5015,4.9789,0
0.0090027,0.0019836,-0.0028506,-0.020447,2.5012,4.9789,0.00061035
0.0093079,0.0022888,-0.0047509,-0.025787,2.5006,4.9786,0
0.017548,-0.00045776,-0.0047509,-0.026703,2.5,4.9802,0
0.0076294,0.00030518,-0.0047509,-0.024872,2.5018,4.9792,-0.00061035
0.0015259,0.002594,-0.0038007,-0.018921,2.5015,4.9783,0
-0.007782,0.002594,-0.0042758,-0.01236,2.5027,4.9796,0.00061035
-0.016632,-0.00061035,-0.0042758,-0.01236,2.5015,4.9789,-0.00061035
-0.021362,-0.0039673,-0.0047509,-0.013885,2.5015,4.9789,-0.00030518
-0.011292,-0.0041199,-0.0038007,-0.011292,2.5006,4.9802,0.00030518
-0.0067139,-0.0021362,-0.0047509,-0.0088501,2.5009,4.978,0
-0.0039673,-0.0021362,-0.005226,-0.010529,2.5012,4.9789,0.00030518
-0.0032043,-0.0027466,-0.005226,-0.013885,2.5024,4.9792,0.00061035
0,-0.0032043,-0.0047509,-0.013733,2.5015,4.9796,-0.00030518
-0.0018311,-0.0045776,-0.0047509,-0.0090027,2.5,4.9792,0
-0.0021362,-0.0093079,-0.0042758,-0.0088501,2.5018,4.9789,-0.00030518
-0.0080872,-0.0094604,-0.0042758,-0.012054,2.5015,4.9786,0.00030518
-0.007019,-0.0057983,-0.0042758,-0.0086975,2.5012,4.9786,0.00030518
-0.0042725,-0.0010681,-0.0038007,-0.0042725,2.5018,4.9792,0.00030518
-0.0061035,-0.00030518,-0.0047509,-0.0039673,2.5018,4.9792,-0.00061035
-0.013275,-0.00045776,-0.0047509,-0.0035095,2.5003,4.9796,0.00030518
-0.0021362,0.00076294,-0.0047509,-0.0012207,2.5012,4.9796,0
0.0047302,0.00015259,-0.0047509,0.00030518,2.5003,4.9786,0.00030518
-0.0086975,-0.0030518,-0.0038007,0.0057983,2.5021,4.978,-0.00061035
-0.016327,-0.0064087,-0.0042758,0.014038,2.5018,4.9774,-0.00061035
-0.022278,-0.007782,-0.0042758,0.022125,2.5003,4.9777,0.00030518
-0.023804,-0.005188,-0.0042758,0.020599,2.5015,4.9777,0.00091553
-0.021973,-0.0024414,-0.0047509,0.014343,2.5003,4.9777,0.00030518
-0.018463,-0.00076294,-0.0042758,0.010681,2.5009,4.9777,0.00030518
-0.019226,-0.0019836,-0.005226,0.015259,2.5009,4.9777,0
-0.02594,-0.0013733,-0.0047509,0.023956,2.5006,4.9762,0.00030518
-0.018768,0.00061035,-0.0028506,0.033722,2.5018,4.9774,0.00061035
-0.021973,0.0015259,-0.0047509,0.040131,2.5009,4.9765,0
-0.033722,0.0018311,-0.005226,0.041046,2.5009,4.978,0
-0.036163,0.0016785,-0.0047509,0.038757,2.5012,4.9777,-0.00030518
-0.024719,0.0032043,-0.0042758,0.032654,2.5018,4.9771,0
-0.020294,0.0022888,-0.0042758,0.027924,2.5009,4.9786,0.00030518
-0.029755,0.00076294,-0.0047509,0.032806,2.5012,4.9783,0.00061035
-0.041046,-0.00061035,-0.0042758,0.039825,2.5015,4.9789,0.00030518
-0.046997,-0.0021362,-0.0028506,0.043488,2.5009,4.9786,0
-0.06012,-0.0028992,-0.0042758,0.042419,2.5018,4.9789,0.00030518
-0.059357,-0.0042725,-0.0047509,0.043945,2.5009,4.9796,0
-0.059509,-0.002594,-0.0042758,0.049438,2.5012,4.9796,0.00061035
-0.063477,0.0013733,-0.0047509,0.054779,2.5015,4.9792,0.00061035
-0.063324,0.0035095,-0.005226,0.063171,2.5024,4.9789,0
-0.055695,0.0042725,-0.0042758,0.071716,2.5009,4.9786,0.00030518
-0.037689,0.004425,-0.0042758,0.084686,2.5009,4.9796,0
-0.045624,0.0041199,-0.0042758,0.10223,2.5009,4.9789,0
-0.061188,0.0071716,-0.0042758,0.11826,2.5015,4.978,-0.00061035
-0.067444,0.0057983,-0.0047509,0.12924,2.5012,4.9774,0.00030518
-0.07431,0.0032043,-0.005701,0.13992,2.5018,4.978,0.00061035
-0.070953,0.0018311,-0.0042758,0.15274,2.5021,4.9792,-0.00030518
-0.081635,0.0030518,-0.0047509,0.16479,2.5009,4.9786,0.00030518
-0.097046,0.0013733,-0.0028506,0.17639,2.5009,4.9786,0
-0.11444,0.0010681,-0.005226,0.19211,2.5021,4.9786,0.00030518
-0.13199,0.0032043,-0.0047509,0.20782,2.5009,4.978,0.00030518
-0.14267,0.002594,-0.0047509,0.21271,2.5018,4.9789,0
-0.14145,0.0021362,-0.0038007,0.2182,2.5009,4.9796,0.00030518
-0.14175,0.0033569,-0.0047509,0.22949,2.5009,4.9799,0
-0.14969,0.0027466,-0.0028506,0.24384,2.5012,4.9792,0.00030518
-0.15671,0.00076294,-0.0038007,0.25223,2.5009,4.9789,0.00030518
-0.14587,0.00076294,-0.0042758,0.25314,2.5009,4.9789,-0.00030518
-0.1416,0.0045776,-0.0047509,0.26215,2.5009,4.9802,0
-0.15503,0.0064087,-0.005226,0.27924,2.5018,4.9808,0.00091553
-0.1767,0.0064087,-0.005226,0.29663,2.5015,4.9792,0
-0.18372,0.005188,-0.0042758,0.30746,2.5012,4.9789,0
-0.17883,0.00045776,-0.0042758,0.31525,2.5024,4.9792,0
-0.17334,-0.0024414,-0.0042758,0.32623,2.5027,4.9789,0.00061035
-0.17151,-0.0013733,-0.0042758,0.33737,2.5012,4.9799,0
-0.16953,0.0021362,-0.0047509,0.35522,2.5015,4.9796,0.00061035
-0.16266,0.0024414,-0.005226,0.37445,2.5012,4.9786,-0.00030518
-0.13672,0.0022888,-0.0047509,0.38788,2.5009,4.9786,-0.00030518
-0.11993,0.0045776,-0.0038007,0.39658,2.5006,4.9786,-0.00030518
-0.1207,0.0062561,-0.0047509,0.40222,2.5015,4.9789,-0.00030518
-0.12436,0.0038147,-0.005226,0.4071,2.5009,4.9799,0.00030518
-0.11032,0.0012207,-0.0047509,0.41718,2.5021,4.9789,0.00030518
-0.085754,-0.0015259,-0.0047509,0.42389,2.5015,4.9796,0.00030518
-0.06012,-0.0016785,-0.0047509,0.41748,2.5012,4.9789,-0.00030518
-0.04776,-0.0010681,-0.0047509,0.40634,2.5009,4.9786,0.00030518
-0.038147,0.00076294,-0.005226,0.39597,2.5015,4.9789,0.00030518
-0.024719,0.00030518,-0.005226,0.38055,2.5018,4.9792,0.00030518
0.0068665,-0.00061035,-0.0042758,0.35446,2.5018,4.9792,0.00030518
0.039673,-0.00076294,-0.0042758,0.32471,2.5015,4.9792,0.00061035
0.062561,-0.0033569,-0.0038007,0.28885,2.5012,4.9789,0.00030518
0.069122,-0.0065613,-0.005226,0.24719,2.5012,4.9792,0.00091553
0.086365,-0.0073242,-0.0042758,0.20767,2.5009,4.9786,0.00030518
0.11169,-0.0079346,-0.0047509,0.16739,2.5015,4.9792,0.00030518
0.14511,-0.0094604,-0.0042758,0.12253,2.5012,4.9786,-0.00030518
0.17929,-0.013275,-0.0047509,0.080872,2.5018,4.9796,0.00091553
0.20218,-0.010681,-0.005226,0.04776,2.5018,4.9796,0.00061035
0.21957,-0.0086975,-0.0028506,0.013733,2.5009,4.978,0.00030518
0.2623,-0.0068665,-0.0033257,-0.020905,2.5009,4.9783,-0.00061035
0.28976,-0.0041199,-0.005701,-0.053406,2.5021,4.9796,0.00030518
0.28488,-0.0018311,-0.0047509,-0.088196,2.5012,4.9789,0
0.29419,0.0030518,-0.0042758,-0.12466,2.5015,4.9802,0.00061035
0.31586,0.0073242,-0.0042758,-0.15854,2.5009,4.9783,0.00091553
0.33005,0.0076294,-0.0033257,-0.19012,2.5015,4.9792,-0.00030518
0.33173,0.0068665,-0.0042758,-0.22354,2.5015,4.9796,0.00030518
0.34088,0.010986,-0.0033257,-0.25421,2.5015,4.9792,0
0.36987,0.013123,-0.0047509,-0.27969,2.5012,4.9805,0
0.40985,0.011139,-0.0042758,-0.30884,2.5015,4.9799,-0.00030518
0.44968,0.0074768,-0.0038007,-0.3447,2.5015,4.9783,-0.00061035
0.46066,0.0036621,-0.0042758,-0.38361,2.5012,4.9789,0.00030518
0.46265,0.0050354,-0.005701,-0.41824,2.5009,4.9786,-0.00030518
0.47302,0.0059509,-0.0038007,-0.44937,2.5006,4.978,0
0.47867,0.0039673,-0.0042758,-0.4718,2.5012,4.9774,0
0.48264,0.0035095,-0.0038007,-0.49408,2.5006,4.9777,0.00030518
0.48035,0.0082397,-0.0033257,-0.51956,2.5018,4.978,-0.00091553
0.47607,0.009613,-0.0047509,-0.54825,2.5012,4.9783,0
0.47028,0.0062561,-0.0042758,-0.57327,2.5009,4.9783,-0.00030518
0.45853,0.0062561,-0.005701,-0.58975,2.5012,4.9774,0.00061035
0.45654,0.0064087,-0.0028506,-0.60257,2.5012,4.9774,0
0.44617,0.007782,-0.0047509,-0.61874,2.5015,4.9789,-0.00030518
0.42923,0.0086975,-0.0042758,-0.63385,2.5009,4.9783,0.00030518
0.40741,0.0079346,-0.0042758,-0.63812,2.5021,4.978,0
0.38605,0.0094604,-0.005226,-0.63431,2.5003,4.9774,0
0.36133,0.0099182,-0.0042758,-0.63721,2.5015,4.9783,0.00061035
0.33112,0.0065613,-0.0047509,-0.64972,2.5012,4.9783,0.00030518
0.30228,0.00045776,-0.0042758,-0.66513,2.5006,4.9786,0
0.2739,-0.0018311,-0.0047509,-0.67215,2.5015,4.9786,0.00030518
0.242,-0.0015259,-0.0038007,-0.67078,2.5018,4.9777,0.00030518
0.21454,-0.0012207,-0.005701,-0.67429,2.5015,4.9789,0.00061035
0.18311,-0.0021362,-0.005226,-0.6781,2.5009,4.9796,-0.00030518
0.16022,-0.0030518,-0.0047509,-0.67215,2.5009,4.9789,0
0.14725,-0.0018311,-0.0042758,-0.66452,2.5018,4.9792,0.00061035
0.13519,-0.0022888,-0.0038007,-0.66208,2.5015,4.9789,0
0.11429,-0.00015259,-0.0042758,-0.65674,2.5021,4.9783,0
0.08316,0.0013733,-0.0038007,-0.64041,2.5006,4.9792,-0.00030518
0.058746,-0.0010681,-0.0033257,-0.61951,2.5009,4.9796,0.00030518
0.04425,-0.0021362,-0.0047509,-0.59906,2.5012,4.9796,0
0.029297,-0.0015259,-0.0042758,-0.58258,2.5012,4.9783,0
0.016632,-0.0022888,-0.0047509,-0.56396,2.5003,4.9796,0.00061035
0.0054932,-0.0024414,-0.0042758,-0.54138,2.5018,4.9796,-0.0012207
-0.0030518,0.0010681,-0.0042758,-0.51651,2.5012,4.9786,0
-0.010529,0.00061035,-0.0047509,-0.48767,2.5006,4.9792,0.00030518
-0.024719,-0.002594,-0.0038007,-0.45517,2.5009,4.9786,0.00030518
-0.037384,-0.0047302,-0.0042758,-0.41992,2.5012,4.9789,0.00030518
-0.054626,-0.0036621,-0.0042758,-0.38605,2.5018,4.9796,-0.00061035
-0.079956,-0.00061035,-0.0047509,-0.35629,2.5015,4.9799,0
-0.10956,0.00091553,-0.0042758,-0.32852,2.5009,4.9796,0
-0.14343,0.00030518,-0.0047509,-0.298,2.5015,4.9789,0.00061035
-0.16022,-0.0032043,-0.0047509,-0.26642,2.5006,4.9786,-0.00061035
-0.17273,-0.0024414,-0.0042758,-0.23544,2.5021,4.9786,-0.00030518
-0.18585,-0.0010681,-0.0047509,-0.20615,2.5018,4.9799,0
-0.18799,-0.0036621,-0.0042758,-0.17654,2.5012,4.9792,0.00030518
-0.17929,-0.0036621,-0.005226,-0.14481,2.5006,4.9789,0.00030518
-0.18478,-0.0013733,-0.0042758,-0.11627,2.5018,4.9789,0.00061035
-0.18646,-0.0022888,-0.0042758,-0.091095,2.5003,4.9796,0.00061035
-0.18082,-0.0028992,-0.0042758,-0.068054,2.5006,4.9799,0.00030518
-0.18127,-0.0032043,-0.0042758,-0.04715,2.5009,4.9792,0
-0.18646,-0.0027466,-0.005226,-0.027466,2.5012,4.978,0.00030518
-0.18204,-0.00061035,-0.0033257,-0.012817,2.5009,4.9789,0.00061035
-0.18265,0.0028992,-0.0042758,0.0032043,2.5015,4.9783,0
-0.19104,0.00091553,-0.0042758,0.023041,2.5018,4.9792,0
-0.19913,-0.00030518,-0.0042758,0.041504,2.5012,4.9792,-0.00030518
-0.20081,-0.00045776,-0.005701,0.061951,2.5015,4.9808,0.00030518
-0.2066,-0.00061035,-0.0042758,0.081024,2.5015,4.9792,0
-0.21484,-0.00076294,-0.0047509,0.098267,2.5021,4.9789,0.00061035
-0.21561,0.00076294,-0.0047509,0.10956,2.5012,4.9789,-0.00030518
-0.21362,0,-0.005226,0.11917,2.5012,4.978,0
-0.20554,-0.0039673,-0.0047509,0.12939,2.5012,4.9796,0.00030518
-0.18661,-0.0082397,-0.0042758,0.14343,2.5012,4.9786,0
-0.19211,-0.0061035,-0.005701,0.16129,2.5015,4.9786,-0.00030518
-0.20615,-0.0036621,-0.0042758,0.1796,2.5018,4.9786,0.00030518
-0.20309,-0.0045776,-0.0047509,0.19196,2.5009,4.9792,-0.00061035
-0.19531,-0.0054932,-0.0042758,0.19897,2.5015,4.9799,0.00030518
-0.19577,-0.0042725,-0.0042758,0.20676,2.5015,4.9786,-0.00030518
-0.2002,-0.0033569,-0.0038007,0.2179,2.5012,4.9792,-0.00091553
-0.20203,-0.0032043,-0.0047509,0.22964,2.5015,4.9786,0.00030518
-0.18997,-0.0030518,-0.0047509,0.23804,2.5015,4.9786,0
-0.19547,-0.0061035,-0.0038007,0.24506,2.5015,4.9774,0.00030518
-0.19958,-0.0048828,-0.0038007,0.25192,2.5024,4.978,-0.00030518
-0.20782,-0.00076294,-0.0047509,0.25635,2.5009,4.9792,0.00061035
-0.21393,-0.0024414,-0.0042758,0.2623,2.5015,4.9792,0.00030518
-0.21683,-0.0038147,-0.005226,0.26794,2.5018,4.9796,-0.00030518
-0.22568,-0.0047302,-0.0042758,0.27206,2.5015,4.9777,0.00030518
-0.24323,-0.0067139,-0.0038007,0.27542,2.5015,4.9796,-0.00030518
-0.25208,-0.0064087,-0.0042758,0.27878,2.5006,4.9792,0
-0.25208,-0.0030518,-0.0042758,0.28427,2.5012,4.9796,0
-0.24841,0.0016785,-0.0038007,0.28961,2.5018,4.9796,0.00030518
-0.24826,0.0036621,-0.005226,0.29312,2.5018,4.9789,0.00030518
-0.23087,0.0041199,-0.0038007,0.29724,2.5009,4.9786,-0.00030518
-0.21912,0.0038147,-0.0042758,0.30106,2.5012,4.9796,-0.00030518
-0.21057,0.0042725,-0.0042758,0.30167,2.5015,4.978,0
-0.18539,0.0028992,-0.0042758,0.30289,2.5015,4.9783,0.00030518
-0.20081,0.0016785,-0.0047509,0.30487,2.5009,4.9783,-0.00030518
-0.22339,0.0032043,-0.0047509,0.31235,2.5018,4.9777,0
-0.22232,0.0038147,-0.005226,0.31784,2.5012,4.9774,0.00030518
-0.21423,0.0010681,-0.0047509,0.31784,2.5015,4.9777,0.00061035
-0.20981,0,-0.005226,0.31479,2.5015,4.9777,0
-0.20676,0.0024414,-0.0047509,0.31311,2.5018,4.9768,-0.00030518
-0.20386,0.002594,-0.0047509,0.31708,2.5012,4.9774,-0.00030518
-0.21255,0.0018311,-0.0047509,0.32211,2.5012,4.9771,0
-0.21652,0.0033569,-0.0038007,0.32104,2.5009,4.9777,0.00061035
-0.21362,0.0027466,-0.0042758,0.31723,2.5012,4.9789,0.00091553
-0.20813,0.00061035,-0.0047509,0.31357,2.5018,4.9786,-0.00030518
-0.20615,-0.002594,-0.0042758,0.31036,2.5018,4.9786,0.00030518
-0.20798,-0.0047302,-0.0047509,0.30975,2.5018,4.9786,0
-0.21149,-0.0013733,-0.0038007,0.30655,2.5021,4.9789,0.00061035
-0.21133,0.0013733,-0.0042758,0.30197,2.5009,4.9783,0
-0.20096,0.0016785,-0.0047509,0.29633,2.5021,4.9786,0
-0.18494,0.0030518,-0.0042758,0.28809,2.5024,4.9783,-0.00030518
-0.18036,0.0013733,-0.0033257,0.28412,2.5021,4.9786,-0.00030518
-0.16388,0.0010681,-0.0033257,0.28519,2.5018,4.9792,0.00030518
-0.16174,0.0018311,-0.0047509,0.27969,2.5,4.9792,0.00061035
-0.16525,0.00015259,-0.0047509,0.26978,2.5012,4.9789,0
-0.17014,-0.0030518,-0.005701,0.26169,2.5015,4.9796,0
-0.17426,-0.0019836,-0.0042758,0.26123,2.5015,4.9789,-0.00030518
-0.17303,-0.0010681,-0.0042758,0.25986,2.5015,4.9796,0.00030518
-0.16754,-0.00045776,-0.0047509,0.2507,2.5015,4.9786,0.00030518
-0.16266,0.00076294,-0.0047509,0.24506,2.5012,4.978,0
-0.14648,0.0028992,-0.0047509,0.24384,2.5012,4.9783,0
-0.14404,0.002594,-0.0042758,0.24307,2.5012,4.9783,0.00030518
-0.14771,0.0018311,-0.0047509,0.24292,2.5012,4.9796,-0.00030518
-0.14664,0.0032043,-0.0033257,0.2388,2.5015,4.9789,-0.00061035
-0.12741,0.002594,-0.0047509,0.23285,2.5018,4.9786,0.00030518
-0.11017,0.00045776,-0.0038007,0.22278,2.5006,4.9799,0
-0.11002,0.00091553,-0.0047509,0.2124,2.5031,4.9789,0
-0.11749,0.0015259,-0.0047509,0.20645,2.5012,4.9789,0
-0.11536,0.0019836,-0.0042758,0.20157,2.5015,4.9789,0
-0.1059,0.0032043,-0.0042758,0.19623,2.5009,4.9792,0.00030518
-0.089417,0.0039673,-0.0042758,0.18707,2.5006,4.978,-0.00030518
-0.078583,0.005188,-0.0042758,0.17258,2.5015,4.9792,0
-0.064545,0.005188,-0.0047509,0.15793,2.5003,4.9792,-0.00030518
-0.052643,0.004425,-0.005226,0.14542,2.5012,4.9786,0.00061035
-0.036621,0.0015259,-0.0047509,0.13718,2.5018,4.9789,0.00030518
-0.016632,-0.0015259,-0.0047509,0.13199,2.5015,4.9799,0
-0.0012207,-0.00045776,-0.0047509,0.12665,2.5015,4.9796,-0.00030518
0.0012207,0.0013733,-0.0042758,0.12466,2.5024,4.9789,0.00030518
-0.00030518,0.0016785,-0.0042758,0.12238,2.5006,4.9796,0
-0.0048828,0.00015259,-0.0047509,0.11841,2.5012,4.9783,0.00030518
-0.0062561,-0.00061035,-0.005226,0.10818,2.5018,4.9786,0.00030518
0.0048828,0.0018311,-0.0042758,0.098724,2.5021,4.9783,0
0.021515,0.0035095,-0.0042758,0.091858,2.5012,4.9792,0.00061035
0.030518,0.0012207,-0.0047509,0.086517,2.5015,4.9789,0
0.036621,0.002594,-0.0042758,0.081329,2.5009,4.9792,0.00030518
0.046539,0.0021362,-0.0047509,0.074463,2.5015,4.9796,-0.00091553
0.064545,-0.0019836,-0.0042758,0.066071,2.5003,4.9786,0.00091553
0.072937,-0.0045776,-0.0038007,0.052948,2.5015,4.9789,0
0.0737,-0.0028992,-0.0047509,0.041504,2.5015,4.9783,0.00030518
0.082855,-0.00091553,-0.0042758,0.030212,2.5021,4.9792,0.00030518
0.10086,-0.0019836,-0.0042758,0.02182,2.5021,4.9789,0.00061035
0.094147,-0.0039673,-0.0042758,0.01709,2.5015,4.9789,0.00091553
0.088959,-0.0038147,-0.0033257,0.015869,2.5003,4.9796,-0.00061035
0.092468,-0.0032043,-0.0042758,0.013275,2.5018,4.9796,0.00030518
0.10101,-0.0028992,-0.005226,0.0033569,2.5009,4.9792,0
0.10834,-0.0018311,-0.0042758,-0.0035095,2.5018,4.9783,0.00061035
0.10559,-0.002594,-0.0042758,-0.0061035,2.5015,4.9789,0.00030518
0.10315,-0.0010681,-0.0042758,-0.0038147,2.5012,4.9799,0
0.10651,0.00045776,-0.0042758,-0.0068665,2.5012,4.9796,0
0.10727,0.0013733,-0.0047509,-0.010986,2.5015,4.9783,0
0.11597,-0.00091553,-0.0047509,-0.01358,2.5015,4.9783,-0.00030518
0.11353,-0.0010681,-0.005226,-0.01236,2.5018,4.9792,-0.00030518
0.10742,0.0019836,-0.005226,-0.012512,2.5018,4.9786,-0.00061035
0.10803,0.0024414,-0.005226,-0.015717,2.5003,4.9796,-0.00030518
0.10605,0.00076294,-0.0047509,-0.021667,2.5018,4.9799,0.00030518
0.10239,0.0019836,-0.0038007,-0.024567,2.5006,4.9792,0
0.10544,0.0024414,-0.0047509,-0.027313,2.5009,4.9796,0
0.11917,0.0019836,-0.0047509,-0.031433,2.5009,4.9799,0
0.12985,0.0018311,-0.0042758,-0.037994,2.5015,4.9796,-0.00030518
0.14786,0.0028992,-0.0042758,-0.044556,2.5009,4.9792,-0.00030518
0.16129,0.0065613,-0.0042758,-0.046692,2.5018,4.9789,0.00030518
0.12299,0.0048828,-0.0038007,-0.040131,2.5018,4.9792,0.00030518
0.1059,0,-0.0038007,-0.035095,2.5015,4.978,-0.00030518
0.13016,0,-0.0047509,-0.035553,2.5018,4.9783,-0.00030518
0.11826,0.002594,-0.0042758,-0.040283,2.5012,4.9771,0.00061035
0.083618,0.0038147,-0.0042758,-0.045776,2.5024,4.9774,0.00061035
0.080261,0.005188,-0.0042758,-0.048828,2.5009,4.978,0
0.11398,0.005188,-0.0047509,-0.051575,2.5006,4.9783,0
0.12039,0.0048828,-0.0042758,-0.054626,2.5015,4.9777,0.00030518
0.11688,0.0057983,-0.0047509,-0.054169,2.5012,4.9771,-0.00030518
0.12253,0.0024414,-0.0047509,-0.055237,2.5018,4.9774,-0.00030518
0.11612,-0.0010681,-0.0038007,-0.052185,2.5009,4.9771,0
0.11368,-0.0016785,-0.0042758,-0.046234,2.5012,4.978,0.00030518
0.089874,-0.00076294,-0.0038007,-0.046082,2.5021,4.9777,0.00030518
0.036163,-0.00045776,-0.005226,-0.045013,2.5003,4.9771,0
0.010223,0.00076294,-0.0042758,-0.04425,2.5009,4.9783,0
0.06134,0.0015259,-0.0042758,-0.041504,2.5018,4.978,0.00030518
0.11566,0.0016785,-0.0042758,-0.042572,2.5015,4.9789,0.00030518
0.1265,0.0032043,-0.0042758,-0.046234,2.5006,4.9786,-0.00030518
0.11475,0.005188,-0.0042758,-0.050659,2.5006,4.9792,0
0.11841,0.0074768,-0.0038007,-0.055237,2.5006,4.9783,-0.00091553
0.121,0.0061035,-0.0042758,-0.05661,2.5018,4.9792,0.00030518
0.12024,0.0056458,-0.0042758,-0.059967,2.5009,4.978,0.00030518
0.12115,0.0036621,-0.0047509,-0.065918,2.5018,4.9783,0.00030518
0.11536,0.0018311,-0.0042758,-0.065765,2.5015,4.9789,0.00061035
0.11673,0.0027466,-0.0038007,-0.062256,2.5012,4.9796,-0.00091553
0.12756,0.0024414,-0.0047509,-0.061951,2.5012,4.9783,0.00061035
0.12863,0.0019836,-0.0042758,-0.062866,2.5021,4.9789,0.00030518
0.10605,0.0030518,-0.0028506,-0.063324,2.5012,4.9783,-0.00030518
0.084839,0.0015259,-0.0047509,-0.067444,2.5021,4.978,-0.00061035
0.088348,-0.0013733,-0.0042758,-0.06958,2.5012,4.9786,-0.00030518
0.088654,-0.0015259,-0.0042758,-0.065765,2.5015,4.9789,-0.00030518
0.084381,-0.00076294,-0.0033257,-0.062714,2.5018,4.9796,-0.00030518
0.084686,-0.00045776,-0.0042758,-0.059509,2.5006,4.9792,0.00030518
0.083923,0.00061035,-0.0047509,-0.056,2.5012,4.9792,0
0.076599,-0.0012207,-0.0042758,-0.054169,2.5006,4.9799,0
0.0737,-0.0053406,-0.0047509,-0.050812,2.5018,4.9792,-0.00030518
0.081787,-0.0061035,-0.0042758,-0.048065,2.5012,4.9792,0
0.096283,-0.0030518,-0.0042758,-0.04837,2.5009,4.9792,0.00061035
0.088043,-0.0013733,-0.0047509,-0.054321,2.5009,4.9789,0
0.076294,-0.0019836,-0.0038007,-0.058289,2.5018,4.9796,0.00030518
0.069885,-0.0028992,-0.005226,-0.061035,2.5009,4.9783,-0.00091553
0.074005,-0.004425,-0.0042758,-0.061035,2.5018,4.9799,0.00061035
0.088043,-0.0053406,-0.0042758,-0.060272,2.5006,4.9792,0
0.067596,-0.0057983,-0.0042758,-0.058899,2.5021,4.9796,-0.00030518
0.041504,-0.0057983,-0.0042758,-0.055542,2.5015,4.9792,0.00030518
0.043488,-0.0059509,-0.0028506,-0.050964,2.5015,4.9799,-0.00061035
0.049133,-0.0041199,-0.0042758,-0.046234,2.5012,4.9792,0
0.042877,-0.0019836,-0.0047509,-0.043335,2.5009,4.9789,0.00061035
0.035095,-0.0021362,-0.0047509,-0.04303,2.5009,4.978,0.00030518
0.045471,-0.0016785,-0.0038007,-0.045319,2.5006,4.978,0
0.049591,-0.0024414,-0.0038007,-0.045013,2.5018,4.9789,0
0.03952,-0.0016785,-0.0047509,-0.044556,2.5015,4.9786,-0.00091553
0.030975,-0.00076294,-0.0047509,-0.042267,2.5015,4.9789,-0.00030518
0.031433,-0.0019836,-0.0038007,-0.037689,2.5006,4.9792,0.00030518
0.033264,-0.0028992,-0.0047509,-0.036621,2.5021,4.9783,-0.00030518
0.032196,-0.00030518,-0.0042758,-0.032959,2.5009,4.9783,0
0.030212,0.00015259,-0.0042758,-0.027466,2.5012,4.9792,0
0.028076,-0.0018311,-0.0042758,-0.023956,2.5006,4.9789,0.00030518
0.026703,-0.0027466,-0.0047509,-0.022125,2.5012,4.978,0
0.014954,-0.0030518,-0.0047509,-0.019836,2.5018,4.9796,0
-0.00076294,-0.0018311,-0.0042758,-0.019531,2.5015,4.9789,0.00061035
-0.0035095,-0.0021362,-0.005226,-0.020142,2.5012,4.9792,0
0.0018311,-0.0027466,-0.005226,-0.02121,2.5018,4.9786,0.00061035
0.0090027,-0.0030518,-0.0042758,-0.02533,2.5003,4.9792,0.00030518
0.012207,-0.0028992,-0.0047509,-0.02655,2.5015,4.9786,0
0.023041,-0.0016785,-0.0047509,-0.023499,2.5006,4.9789,0.00030518
0.038452,-0.0036621,-0.005226,-0.019073,2.5021,4.9789,0.00030518
0.014496,-0.0036621,-0.0042758,-0.01358,2.5018,4.9786,-0.00030518
-0.0076294,-0.0033569,-0.005226,-0.01236,2.5009,4.9777,-0.00030518
0.00061035,-0.0047302,-0.0033257,-0.012665,2.5009,4.978,-0.00030518
0.0015259,-0.0036621,-0.0042758,-0.010529,2.5006,4.9786,0.00030518
-0.0012207,-0.0033569,-0.0038007,-0.0080872,2.5006,4.9789,0.00030518
-0.0090027,-0.0027466,-0.0042758,-0.0022888,2.5018,4.9789,0.00030518
-0.0056458,-0.0033569,-0.0042758,0.0022888,2.5031,4.9792,-0.00030518
0.0013733,-0.00045776,-0.0042758,0.0041199,2.5015,4.978,0.00030518
0.00015259,0.0012207,-0.005226,0.0054932,2.5009,4.9786,-0.00061035
-0.0038147,0.0028992,-0.0042758,0.004425,2.5006,4.9786,0.00030518
-0.0032043,0.002594,-0.0047509,0.0024414,2.5012,4.9796,0.00030518
0.00015259,0.0032043,-0.0042758,-0.0027466,2.5012,4.9792,0
0.011444,0.0027466,-0.0033257,-0.010223,2.5015,4.9799,0
0.014038,0.0019836,-0.0038007,-0.013123,2.5015,4.978,-0.00061035
0.007782,0.0018311,-0.0042758,-0.011444,2.5015,4.9783,0.00061035
-0.0022888,0.0021362,-0.0042758,-0.0088501,2.5009,4.9789,0
-0.002594,0.0032043,-0.0033257,-0.0076294,2.5015,4.9777,0.00091553
0.005188,0.0039673,-0.0047509,-0.0062561,2.5012,4.9777,-0.00061035
0.0053406,0.0027466,-0.0042758,-0.0057983,2.5015,4.9786,0.00030518
-0.0050354,0.0032043,-0.0047509,-0.0080872,2.5012,4.978,0
-0.0042725,0.0024414,-0.0047509,-0.01297,2.5012,4.9786,0.00030518
-0.00015259,0.0030518,-0.005226,-0.013885,2.5009,4.9774,-0.00030518
0.011139,0.002594,-0.005226,-0.010223,2.5015,4.9771,0.00061035
0.010834,0.0048828,-0.0042758,-0.0079346,2.5012,4.978,0
0.0061035,0.0050354,-0.0047509,-0.0059509,2.5027,4.978,0.00030518
0.0010681,0.0028992,-0.0038007,-0.0042725,2.5012,4.9774,0.00030518
-0.0039673,0.0021362,-0.0047509,-0.0041199,2.5006,4.9777,-0.00061035
-0.00061035,0.0032043,-0.0047509,-0.0062561,2.5015,4.9777,0
0.011597,0.0054932,-0.005226,-0.0062561,2.5012,4.9786,0.00030518
0.015717,0.0050354,-0.005226,-0.0057983,2.5012,4.9786,0.00030518
0.0094604,0.004425,-0.005226,-0.0068665,2.5018,4.9783,-0.00061035
-0.0036621,0.004425,-0.0047509,-0.0068665,2.5021,4.9789,0.00030518
-0.0036621,0.0024414,-0.0047509,-0.0094604,2.5012,4.9783,0
-0.0083923,0.0019836,-0.0047509,-0.011902,2.5012,4.9789,0.00030518
-0.007019,0.0018311,-0.005226,-0.011902,2.5003,4.9792,-0.00091553
-0.0012207,0.0018311,-0.005701,-0.0097656,2.5021,4.9783,0.00030518
0.0068665,0.0018311,-0.005226,-0.010529,2.5012,4.9786,0
0.0090027,0.0018311,-0.0042758,-0.012665,2.5024,4.9792,-0.00061035
0.0050354,0.0028992,-0.0042758,-0.015411,2.5024,4.9792,0
-0.0019836,0.005188,-0.0047509,-0.016632,2.5009,4.9786,0
0.00030518,0.0050354,-0.005226,-0.019684,2.5009,4.9789,0.00061035
0.0033569,0.0016785,-0.005701,-0.023193,2.5012,4.9774,0.00030518
0.012207,0.0012207,-0.0042758,-0.023346,2.5015,4.978,-0.00030518
-0.0018311,0.0028992,-0.0033257,-0.018463,2.5018,4.9796,0.00030518
-0.0177,0.0030518,-0.005226,-0.015869,2.5012,4.9792,0
-0.023041,0.0019836,-0.0047509,-0.015259,2.5015,4.9786,0.00030518
-0.019989,0.0032043,-0.0042758,-0.014191,2.5012,4.9805,0.00030518
-0.015259,0.0042725,-0.005226,-0.013885,2.5012,4.9799,0
-0.0091553,0.0059509,-0.0038007,-0.012054,2.5015,4.9792,0
-0.0065613,0.0048828,-0.0042758,-0.01236,2.5012,4.9792,0
-0.010071,0.0032043,-0.0047509,-0.01236,2.5015,4.9796,0
-0.014954,0.00076294,-0.005226,-0.012512,2.5015,4.9792,0.00091553
-0.0030518,0.0010681,-0.0042758,-0.011292,2.5009,4.9789,0.00030518
0.0042725,0.0041199,-0.0042758,-0.0085449,2.5003,4.9808,0.00061035
0.00045776,0.0035095,-0.005226,-0.0067139,2.5015,4.9786,0.00030518
-0.010223,0.0019836,-0.0042758,-0.0053406,2.5009,4.9789,-0.00030518
-0.015259,0.0030518,-0.0047509,-0.0036621,2.5009,4.9792,-0.00030518
-0.01297,0.0024414,-0.0047509,-0.0038147,2.5012,4.9792,0.00030518
-0.0097656,0.0035095,-0.0038007,-0.0067139,2.5012,4.9796,0.00030518
-0.0028992,0.0053406,-0.005226,-0.0090027,2.5012,4.9786,0
0.0053406,0.0024414,-0.005226,-0.010376,2.5015,4.9792,0
0.0062561,0.00015259,-0.005226,-0.0097656,2.5009,4.978,0.00030518
0.0038147,0.00091553,-0.0042758,-0.0068665,2.5012,4.9783,0.00030518
-0.0038147,0.0028992,-0.0047509,-0.0062561,2.5021,4.9786,0.00061035
-0.0016785,0.0041199,-0.0061761,-0.0071716,2.5015,4.9796,-0.00061035
0.00061035,0.0041199,-0.0047509,-0.0080872,2.5018,4.9796,0.00061035
-0.0016785,0.0016785,-0.0047509,-0.0085449,2.5015,4.9789,0.00030518
0.002594,0,-0.005226,-0.0047302,2.5006,4.9792,0.00061035
0.0080872,-0.00061035,-0.005226,-0.0032043,2.5015,4.9786,0.00061035
-0.00045776,0.0019836,-0.0042758,-0.00030518,2.5018,4.9783,0.00030518
-0.0053406,0.0050354,-0.0047509,0.0053406,2.5006,4.9796,0
-0.017853,0.0035095,-0.0042758,0.014191,2.5,4.9792,0.00030518
-0.014954,0.00091553,-0.0042758,0.02121,2.5006,4.9786,0
-0.020905,-0.00015259,-0.0047509,0.024567,2.5009,4.9796,0
-0.038605,-0.00061035,-0.0038007,0.025024,2.5018,4.9789,0
-0.046844,0.00091553,-0.0038007,0.02594,2.5015,4.9786,0.00061035
-0.037994,0.0028992,-0.0042758,0.024719,2.5009,4.9796,0.00030518
-0.021667,0.0024414,-0.0047509,0.016937,2.5006,4.9796,-0.00030518
-0.015411,-0.00076294,-0.005226,0.010223,2.5015,4.9789,0
-0.013733,-0.00015259,-0.005226,0.0083923,2.5012,4.9792,-0.00091553
-0.014496,0.002594,-0.0042758,0.0054932,2.5015,4.9789,0.00030518
-0.021515,0.0012207,-0.0047509,0.0039673,2.5018,4.9777,0
-0.021515,0.00091553,-0.0047509,0.0056458,2.5018,4.9786,-0.00091553
-0.02121,0.00030518,-0.0047509,0.0080872,2.5003,4.9792,-0.00030518
-0.010223,0.00091553,-0.0047509,0.0064087,2.5015,4.9789,0
0.00030518,0.0012207,-0.0042758,0.0024414,2.5012,4.9786,0.00091553
-0.0024414,0.0019836,-0.0047509,0.0032043,2.5003,4.9796,-0.00030518
-0.020447,0.0016785,-0.0047509,0.010986,2.5018,4.9802,-0.00030518
-0.036011,0.0015259,-0.0033257,0.018616,2.5021,4.9799,-0.00061035
-0.034027,0.0016785,-0.005226,0.02182,2.5009,4.9796,0
-0.031281,0.0032043,-0.0042758,0.024872,2.5015,4.9796,-0.00030518
-0.027008,0.0024414,-0.005226,0.02533,2.5012,4.9789,0
0.0061035,0.00045776,-0.0033257,0.022736,2.5009,4.9789,0.00061035
0.050354,0.0010681,-0.0038007,0.020142,2.5015,4.978,-0.00061035
0.035858,0.00015259,-0.005226,0.017853,2.5012,4.978,0.00061035
-0.02243,-0.00030518,-0.0042758,0.016479,2.5018,4.9777,0
-0.040436,0.00061035,-0.0038007,0.007782,2.5015,4.978,0
-0.029144,0.0013733,-0.0038007,0.0010681,2.5009,4.9777,0
-0.016479,0.0013733,-0.0047509,0.0030518,2.5015,4.9771,-0.00061035
-0.002594,0.00045776,-0.0047509,0.0062561,2.5015,4.9777,0.00030518
-0.013885,-0.0015259,-0.005226,0.0085449,2.5009,4.9777,0.00030518
-0.03006,-0.0016785,-0.0047509,0.013123,2.5009,4.9762,0.00030518
-0.023346,-0.0019836,-0.0042758,0.020142,2.5009,4.978,0.00030518
-0.02243,0,-0.0047509,0.028687,2.5012,4.978,0.00030518
-0.033722,0.0013733,-0.0033257,0.032806,2.5009,4.9771,0.00061035
-0.0383,0.0019836,-0.0038007,0.028381,2.5009,4.9774,-0.00061035
-0.03418,0.0018311,-0.0038007,0.022278,2.5015,4.9771,0
-0.037842,0.00076294,-0.0042758,0.020905,2.5015,4.9783,0.00030518
-0.043182,-0.00030518,-0.0042758,0.018768,2.5021,4.9792,0
-0.041046,-0.0016785,-0.005226,0.013428,2.5021,4.9789,0
-0.032959,-0.0015259,-0.0042758,0.0083923,2.5006,4.9792,-0.00030518
-0.027466,-0.0022888,-0.0038007,0.0068665,2.5024,4.9786,0.00061035
-0.018158,-0.0013733,-0.005226,0.0047302,2.5024,4.9786,0.00061035
-0.01358,-0.0024414,-0.0042758,0.0036621,2.5015,4.9783,0.00061035
-0.01297,-0.0013733,-0.0042758,0.0067139,2.5015,4.9789,-0.00061035
-0.010834,-0.00091553,-0.0033257,0.0073242,2.5009,4.9796,0
-0.007019,-0.0035095,-0.0047509,0.0082397,2.5012,4.9786,0.00030518
0.0016785,-0.0021362,-0.0047509,0.0061035,2.5018,4.9786,0.00061035
-0.0071716,0.0015259,-0.0042758,0,2.5009,4.9786,-0.00030518
-0.013885,0.00091553,-0.0042758,-0.0048828,2.5015,4.9783,0
-0.013428,-0.0027466,-0.005226,-0.010986,2.5015,4.9786,0.00030518
-0.012207,-0.0035095,-0.0047509,-0.014954,2.5006,4.9777,0
-0.0015259,-0.0018311,-0.0047509,-0.013733,2.5021,4.9783,0.00030518
0.0094604,-0.0022888,-0.0047509,-0.011902,2.5021,4.9789,-0.00030518
0.0039673,-0.0027466,-0.005226,-0.0057983,2.5009,4.9789,-0.00030518
-0.0041199,-0.00015259,-0.0047509,-0.0021362,2.5018,4.9792,-0.00061035
-0.013428,-0.0013733,-0.0047509,-0.00076294,2.5021,4.9789,0
-0.016632,-0.0013733,-0.0042758,0.0013733,2.5015,4.9786,0.00030518
-0.014648,0.00076294,-0.0038007,0.0030518,2.5012,4.9789,-0.00030518
-0.005188,0.002594,-0.0042758,0.0050354,2.5006,4.9792,0.00030518
-0.007782,0.0038147,-0.005226,0.0099182,2.5009,4.9789,-0.00030518
-0.021667,0.0042725,-0.0038007,0.014343,2.5021,4.9802,-0.00061035
-0.01297,0.0015259,-0.005226,0.016174,2.5006,4.9796,0
-0.007019,-0.00030518,-0.0038007,0.01709,2.5021,4.9796,0.00061035
-0.01358,0.00076294,-0.0033257,0.020294,2.5009,4.9799,0.00061035
-0.015564,0.0030518,-0.0047509,0.023346,2.5009,4.9786,0.00030518
-0.025177,0.0038147,-0.005226,0.024872,2.5006,4.9792,0.00030518
-0.027771,0.0027466,-0.0047509,0.023346,2.5015,4.9796,-0.00061035
-0.015869,0.0035095,-0.0047509,0.023956,2.5021,4.9799,0
-0.004425,0.002594,-0.0042758,0.02533,2.5018,4.9789,0
-0.0053406,0.00061035,-0.0042758,0.023956,2.5009,4.9792,-0.00030518
-0.013733,-0.00030518,-0.0047509,0.020142,2.5006,4.9789,-0.00030518
0.016327,-0.00061035,-0.0047509,0.016937,2.5021,4.9796,0.00030518
0.0354,0.00045776,-0.0038007,0.018921,2.5015,4.9783,-0.00030518
-0.011597,0.0013733,-0.0047509,0.020752,2.5009,4.9789,-0.00030518
-0.040283,0.00015259,-0.005226,0.015564,2.5006,4.9792,0.00030518
-0.01358,-0.00045776,-0.005226,0.015869,2.5009,4.9792,-0.00061035
-0.0013733,-0.00045776,-0.005226,0.023499,2.5009,4.9783,0.00030518
-0.0071716,0.00045776,-0.005226,0.031128,2.5009,4.9786,0.00030518
-0.016022,0.0013733,-0.0047509,0.034943,2.5012,4.9789,0.00030518
-0.020294,0.0015259,-0.0042758,0.036774,2.5009,4.9786,-0.00030518
-0.017395,0.0018311,-0.0047509,0.037994,2.5015,4.9786,-0.00030518
-0.0086975,0.00061035,-0.0047509,0.031128,2.5024,4.9777,0
-0.014954,0.0022888,-0.0047509,0.022736,2.5015,4.9796,0.00030518
0.00015259,0.0024414,-0.0033257,0.016937,2.5009,4.9789,0.00030518
0.027161,0.0033569,-0.0042758,0.0099182,2.5018,4.9786,-0.00030518
0.014801,0.0041199,-0.0047509,0.0074768,2.5021,4.9792,0.00030518
-0.0048828,0.0038147,-0.0047509,0.0062561,2.5015,4.9786,0.00030518
-0.019989,0.0042725,-0.0047509,0.0047302,2.5015,4.9789,0.00030518
-0.02594,0.0041199,-0.0038007,0.0018311,2.5003,4.9789,0
-0.012817,0.0027466,-0.0047509,-0.0041199,2.5015,4.9792,0
0.0024414,0.0019836,-0.0047509,-0.011139,2.5009,4.9777,0.00030518
0.018311,0.00030518,-0.005226,-0.016479,2.5015,4.9792,0.00061035
0.0088501,-0.00045776,-0.005701,-0.017395,2.5018,4.9783,0
-0.0047302,-0.0018311,-0.0038007,-0.012207,2.5018,4.9789,0
0.0022888,0,-0.005701,-0.0059509,2.5003,4.9789,0
0.013428,0.0010681,-0.0042758,0.0036621,2.5018,4.9792,0
0.007782,0.00030518,-0.005226,0.010681,2.5006,4.9789,-0.00030518
-0.0054932,-0.0015259,-0.0033257,0.013885,2.5021,4.9783,0.00061035
-0.010223,-0.0027466,-0.0042758,0.016479,2.5018,4.9792,0.00030518
-0.007782,-0.0016785,-0.0042758,0.019684,2.5018,4.9789,0.00061035
0.00015259,0.00030518,-0.0042758,0.020599,2.5009,4.9792,0
0.01236,0.0024414,-0.0033257,0.018311,2.5015,4.9789,0
0.0065613,0.0012207,-0.0042758,0.018463,2.5006,4.9786,0.00061035
-0.012665,0.0024414,-0.005226,0.018616,2.5015,4.9774,0
-0.011597,0.0024414,-0.005226,0.015106,2.5015,4.9783,0
0.0013733,0.00045776,-0.005226,0.010834,2.5012,4.978,0
0.0068665,-0.0019836,-0.0047509,0.0076294,2.5015,4.978,0
0.0018311,-0.0027466,-0.0038007,0.0057983,2.5009,4.9777,-0.00030518
0.0032043,0.00091553,-0.0038007,0.0057983,2.5006,4.9789,0.00061035
0.0093079,0.0021362,-0.005226,0.0047302,2.5015,4.9783,0
0.007782,0,-0.005226,0.0024414,2.5021,4.9762,0.00030518
0.013885,-0.00015259,-0.0042758,-0.002594,2.5006,4.9774,0.00030518
0.015869,0.0021362,-0.005226,-0.0090027,2.5012,4.9774,-0.00030518
0.014191,0.005188,-0.0042758,-0.016022,2.5012,4.9777,-0.00030518
0.024414,0.0038147,-0.0047509,-0.022278,2.5009,4.9777,0
0.034637,0.00076294,-0.0042758,-0.022125,2.5012,4.9771,0
0.027618,-0.00045776,-0.005226,-0.018463,2.5009,4.9789,0.00030518
0.014648,-0.00061035,-0.0047509,-0.014496,2.5015,4.9786,0.00061035
0.0093079,-0.00061035,-0.0033257,-0.011139,2.5018,4.9789,0
0.007019,-0.0021362,-0.0042758,-0.0067139,2.5012,4.9786,-0.00061035
-0.0019836,-0.00015259,-0.005226,-0.0022888,2.5018,4.9789,0
-0.0032043,0.0015259,-0.0042758,0.00045776,2.5012,4.9786,0
0.002594,0.0016785,-0.005226,0.00030518,2.5012,4.9789,0
0.0054932,0.00045776,-0.0042758,-0.00015259,2.5012,4.9789,0.00030518
0.0024414,-0.0016785,-0.0042758,0.0010681,2.5012,4.9792,-0.00030518
0.0047302,-0.0013733,-0.0038007,0.0018311,2.5012,4.978,0.00061035
0.027771,-0.0010681,-0.0047509,0.0036621,2.5012,4.9789,0
0.029297,-0.0022888,-0.0047509,0.0030518,2.5009,4.9792,-0.00030518
0.015717,-0.0027466,-0.0047509,-0.00045776,2.5012,4.9786,0.00030518
-0.00091553,-0.0016785,-0.0047509,-0.00061035,2.5024,4.9789,-0.00061035
-0.0048828,-0.0024414,-0.0042758,0.0015259,2.5027,4.9777,0.00091553
0.0064087,-0.0027466,-0.0042758,0.0045776,2.5015,4.9789,-0.00030518
0.0036621,-0.0018311,-0.0042758,0.005188,2.5015,4.9786,-0.00091553
-0.0016785,-0.00076294,-0.0047509,0.0068665,2.5021,4.9792,-0.00061035
-0.0012207,-0.0021362,-0.0047509,0.010223,2.5012,4.9789,0.00030518
0.0033569,-0.0012207,-0.0047509,0.0094604,2.5009,4.9786,0.00061035
0.0015259,0.00015259,-0.0042758,0.0065613,2.5021,4.9792,0.00030518
0.0062561,0.00015259,-0.0033257,0.0019836,2.5024,4.9805,0
0.010986,-0.0030518,-0.0042758,0.00091553,2.5012,4.9789,0
-0.005188,-0.0064087,-0.0042758,0.0062561,2.5003,4.9799,0
-0.02655,-0.0062561,-0.005226,0.014343,2.5006,4.9799,0.00061035
-0.012207,-0.0056458,-0.0042758,0.016785,2.5021,4.9792,0
-0.0021362,-0.0039673,-0.005226,0.017853,2.5009,4.9792,-0.00030518
-0.007019,-0.0033569,-0.0042758,0.016174,2.5018,4.9796,0.00030518
-0.012817,-0.00045776,-0.005226,0.011902,2.5015,4.9796,0.00030518
-0.014648,0.00015259,-0.005701,0.011597,2.5015,4.9796,0.00030518
-0.0053406,-0.00045776,-0.005226,0.010223,2.5006,4.9799,0.00030518
0.0074768,0.00045776,-0.0042758,0.0071716,2.5024,4.9796,0.00030518
-0.0028992,-0.0010681,-0.005701,0.0074768,2.5006,4.9802,0
-0.016632,-0.0027466,-0.0047509,0.0057983,2.5012,4.9792,0
-0.025482,-0.0016785,-0.0042758,0.0047302,2.5015,4.9774,-0.00030518
-0.0094604,0.0019836,-0.0038007,0.0012207,2.5018,4.9789,0
0.016479,0.0024414,-0.005226,-0.0071716,2.5006,4.9792,-0.00030518
0.048828,0.0045776,-0.0042758,-0.013428,2.5012,4.9789,-0.00030518
0.066986,0.0033569,-0.0033257,-0.010529,2.5021,4.9783,0
0.058136,0.0010681,-0.0042758,-0.0090027,2.5021,4.9786,0
0.038605,0.0012207,-0.0047509,-0.011139,2.5021,4.9786,0
0.03006,0.0013733,-0.0047509,-0.010986,2.5009,4.9792,-0.00030518
0.018921,-0.0012207,-0.0047509,-0.0045776,2.5018,4.9789,0
-0.014496,-0.0012207,-0.0047509,0.0030518,2.5009,4.9786,0
-0.012817,0.00045776,-0.0042758,0.0061035,2.5018,4.9783,0
0.036621,0.0015259,-0.0047509,0.005188,2.5012,4.9789,-0.00030518
0.02594,0.0015259,-0.0042758,0.0062561,2.5015,4.9786,0
0.010223,-0.00076294,-0.0042758,0.007019,2.5006,4.9786,0
-0.0024414,-0.002594,-0.005226,0.0090027,2.5012,4.9792,-0.00030518
-0.024872,-0.00045776,-0.0042758,0.013885,2.5003,4.9786,0
-0.03418,0.0012207,-0.0038007,0.013885,2.5012,4.9789,0
-0.03418,0.0019836,-0.0028506,0.01236,2.5012,4.9792,0
-0.031128,0.0032043,-0.0047509,0.011902,2.5015,4.9792,-0.00030518
-0.035553,0.0038147,-0.0042758,0.012512,2.5012,4.9789,0
-0.048065,0.0028992,-0.0047509,0.014496,2.5006,4.9774,0
-0.046387,0.0032043,-0.0042758,0.013123,2.5006,4.9789,0.00030518
-0.043945,0.002594,-0.0042758,0.013428,2.5009,4.9786,0
-0.039368,0.0021362,-0.005701,0.010681,2.5024,4.9786,0.00030518
-0.023499,0.00076294,-0.005226,0.0086975,2.5018,4.9786,0
-0.0042725,0.00091553,-0.005701,0.0057983,2.5012,4.9789,-0.00061035
-0.018158,0.0015259,-0.0047509,0.0041199,2.5006,4.9796,0
-0.043335,0.00030518,-0.0038007,0.00061035,2.5009,4.9789,0.00030518
-0.045319,-0.00030518,-0.0042758,-0.00091553,2.5,4.9796,0.00030518
-0.034943,-0.00076294,-0.0038007,0.002594,2.5012,4.9789,0.00030518
-0.027313,-0.00030518,-0.0033257,0.0057983,2.5009,4.9796,0
-0.013123,0.00045776,-0.0047509,0.0082397,2.5012,4.9789,-0.00030518
-0.01297,0.0013733,-0.005226,0.0079346,2.5009,4.9783,-0.00061035
-0.018158,0.00015259,-0.0042758,0.0035095,2.5024,4.9786,0.00061035
-0.02182,0.0010681,-0.005226,-0.00076294,2.5003,4.9783,0.00030518
-0.019531,0.0015259,-0.005226,-0.0032043,2.5027,4.978,0.00030518
-0.012512,0.0013733,-0.005226,-0.0033569,2.5012,4.978,0.00030518
-0.010834,0.0030518,-0.005226,0.0022888,2.5015,4.978,0.00030518
-0.011902,0.0024414,-0.0047509,0.0076294,2.5012,4.9783,0
-0.0090027,0.0019836,-0.0038007,0.0054932,2.5015,4.9786,0.00061035
-0.0091553,0.0019836,-0.0047509,0.0022888,2.5009,4.9774,0.00030518
-0.0079346,-0.0010681,-0.0047509,0.0038147,2.5012,4.9783,0.00030518
-0.0090027,-0.0024414,-0.005226,0.0067139,2.5012,4.978,-0.00061035
-0.0067139,-0.0028992,-0.0047509,0.0065613,2.5015,4.9777,0.00061035
0.0021362,-0.0015259,-0.0047509,0.0054932,2.5015,4.9774,0
0.016327,0.00061035,-0.0042758,0.0064087,2.5003,4.9783,-0.00030518
-0.0067139,0,-0.0038007,0.009613,2.5006,4.9783,-0.00061035
-0.025482,-0.0030518,-0.0047509,0.014343,2.5006,4.9786,0.00030518
-0.018311,-0.0036621,-0.0047509,0.018158,2.5015,4.9777,0.00030518
-0.012207,-0.0018311,-0.0042758,0.019836,2.5015,4.9789,0.00061035
-0.020905,-0.0022888,-0.0047509,0.017548,2.5021,4.9786,0.00030518
-0.010986,-0.0015259,-0.0038007,0.013885,2.5012,4.9799,0.00030518
-0.004425,-0.00091553,-0.0047509,0.01358,2.5018,4.9789,0
-0.00045776,-0.0018311,-0.0047509,0.014648,2.5006,4.9786,0.00030518
0.016632,-0.00015259,-0.005226,0.018616,2.5009,4.9783,0.00061035
0.0080872,0.0013733,-0.005226,0.023346,2.5015,4.9789,-0.00030518
0.010986,0.00045776,-0.0042758,0.021667,2.5015,4.9786,0.00030518
0.014343,-0.0016785,-0.0042758,0.01709,2.5015,4.978,0
0.00076294,-0.0015259,-0.0047509,0.015564,2.5003,4.9786,0
-0.0038147,-0.00091553,-0.0047509,0.014038,2.5,4.9792,0.00030518
-0.019226,0.00076294,-0.0042758,0.016174,2.5018,4.978,-0.00061035
-0.02121,0.0018311,-0.0047509,0.019684,2.5015,4.9783,0.00030518
-0.020447,0.0018311,-0.0038007,0.02121,2.5018,4.9783,0
-0.0086975,0.00045776,-0.0042758,0.021667,2.5015,4.9792,0
0.016022,0.0010681,-0.0042758,0.021515,2.5009,4.9786,0
0.0038147,0.0015259,-0.0038007,0.023193,2.5012,4.9796,0.00030518
-0.012665,-0.00091553,-0.005226,0.024109,2.5024,4.9799,0.00030518
-0.0038147,-0.0012207,-0.0042758,0.023041,2.5012,4.9789,0.00030518
0.0030518,0.00061035,-0.0047509,0.018768,2.5015,4.9796,0.00061035
0.004425,0.0013733,-0.0038007,0.016022,2.5015,4.9792,0.00030518
0.0028992,-0.00091553,-0.0042758,0.0097656,2.5021,4.9786,0
0.0053406,-0.0012207,-0.0042758,0.0080872,2.5021,4.9796,-0.00030518
0.0028992,0.00045776,-0.0042758,0.011139,2.5,4.9802,0.00061035
-0.0042725,0.0016785,-0.0038007,0.016022,2.5012,4.9799,0.00030518
-0.016479,0.00076294,-0.0042758,0.021515,2.5012,4.9792,-0.00061035
-0.019531,-0.00030518,-0.0042758,0.023804,2.5012,4.9792,0.00030518
-0.012817,0.00091553,-0.0042758,0.024872,2.5012,4.9789,0.00030518
-0.0047302,-0.00015259,-0.0042758,0.021515,2.5015,4.9796,0
0.0061035,0.00076294,-0.0038007,0.018463,2.5012,4.9789,0
0.01297,-0.0012207,-0.0033257,0.014343,2.5015,4.9796,0.00030518
-0.0028992,-0.0013733,-0.005226,0.014191,2.5018,4.9783,0
-0.014191,0.00015259,-0.0047509,0.016022,2.5015,4.9786,0.00030518
-0.01709,0.00015259,-0.0047509,0.016022,2.5012,4.9792,-0.00061035
-0.010681,0.0010681,-0.005701,0.01236,2.5015,4.9792,0.00030518
-0.0030518,0.0027466,-0.0047509,0.0068665,2.5015,4.9789,0.00061035
-0.0048828,0.0036621,-0.0042758,0.0054932,2.5006,4.978,0.00061035
-0.0056458,0.0039673,-0.0042758,0.0074768,2.5003,4.9792,-0.00091553
-0.00030518,0.0038147,-0.0042758,0.0067139,2.5021,4.9789,0
0.0012207,0.0041199,-0.0042758,0.0021362,2.5006,4.9789,0
-0.0064087,0.0042725,-0.0042758,-0.0045776,2.5021,4.9783,0.00030518
-0.013428,0.0039673,-0.0047509,-0.0088501,2.5003,4.9789,-0.00091553
0.00076294,0.0041199,-0.005226,-0.011139,2.5009,4.9799,0.00061035
0.010834,0.0041199,-0.0033257,-0.014954,2.5009,4.9789,0
0.012207,0.0027466,-0.0042758,-0.017548,2.5021,4.9792,0
0.0090027,0.0019836,-0.0033257,-0.020447,2.5018,4.9789,0.00030518
0.0080872,0.0016785,-0.0042758,-0.023956,2.5009,4.9789,0
0.0085449,0.0028992,-0.0038007,-0.021667,2.5015,4.9792,0
0.0019836,0.0065613,-0.0047509,-0.018311,2.5012,4.978,0.00030518
-0.010834,0.0045776,-0.0042758,-0.013733,2.5015,4.9789,0
-0.0083923,0.002594,-0.0038007,-0.0071716,2.5015,4.9783,-0.00030518
-0.0042725,0.0016785,-0.0042758,-0.0022888,2.5006,4.978,-0.00030518
0.0056458,0.00030518,-0.0042758,0.00076294,2.5015,4.9789,-0.00061035
0.0018311,0.00091553,-0.0047509,0.0024414,2.5006,4.9796,-0.00030518
-0.011902,0.00015259,-0.0047509,0.0054932,2.5003,4.9792,0.00061035
-0.01709,0.0021362,-0.0042758,0.0090027,2.5018,4.9786,0.00061035
-0.029602,0.0036621,-0.0028506,0.014801,2.5009,4.9799,0.00030518
-0.040283,0.0041199,-0.0042758,0.020142,2.5018,4.9796,0.00030518
-0.025482,0.0015259,-0.0033257,0.022888,2.5018,4.9789,0.00030518
-0.012665,-0.0013733,-0.0047509,0.023499,2.5006,4.9789,0.00030518
-0.0061035,-0.0028992,-0.0047509,0.023804,2.5009,4.9789,0.00030518
-0.0071716,-0.004425,-0.0042758,0.025177,2.5012,4.9799,0.00061035
-0.0028992,-0.0053406,-0.0047509,0.028229,2.5006,4.9789,0.00061035
-0.005188,-0.007019,-0.005701,0.026855,2.5006,4.9783,0.00030518
-0.00045776,-0.0079346,-0.0038007,0.02121,2.5015,4.9783,0.00061035
0.0073242,-0.0053406,-0.0038007,0.017548,2.5003,4.9783,-0.00030518
0.0073242,-0.0036621,-0.0042758,0.02182,2.5012,4.978,-0.00061035
0.007019,-0.0045776,-0.0042758,0.026245,2.5015,4.9783,0.00030518
0.0059509,-0.0067139,-0.0042758,0.02655,2.5015,4.9789,-0.00030518
0.0085449,-0.0050354,-0.0042758,0.025482,2.5015,4.9777,0
0.015564,-0.0022888,-0.0038007,0.027771,2.5006,4.978,0
0.016327,-0.00076294,-0.0047509,0.028076,2.5003,4.9774,0
0.015564,0.00091553,-0.0042758,0.027618,2.5015,4.9774,-0.00030518
0.0073242,0.0015259,-0.0033257,0.028687,2.5009,4.9786,-0.00061035
0.027771,0.00061035,-0.0038007,0.029449,2.5009,4.9786,-0.00030518
0.048218,0.0010681,-0.0038007,0.024872,2.5012,4.9774,0
0.032501,0.0015259,-0.0042758,0.017548,2.5018,4.9783,0
0.022583,0.0032043,-0.0047509,0.014954,2.5006,4.9786,-0.00030518
0.028076,0.005188,-0.005226,0.017395,2.5015,4.9783,0.00030518
0.026855,0.0038147,-0.0028506,0.021057,2.5009,4.9786,-0.00061035
0.0086975,0.0036621,-0.0042758,0.021057,2.5012,4.9786,0.00030518
0.0068665,0.0065613,-0.005226,0.018311,2.5012,4.9792,-0.00091553
0.021362,0.0057983,-0.0042758,0.016022,2.5012,4.9783,0.00030518
0.018311,0.0030518,-0.0047509,0.010071,2.5006,4.9789,0
0.01236,0.00061035,-0.0047509,0.0016785,2.5006,4.9792,0.00030518
0.022583,0.00091553,-0.0033257,-0.0024414,2.5006,4.9783,0.00030518
0.033264,-0.00015259,-0.0047509,-0.0050354,2.4957,4.9789,0
0.040741,-0.00045776,-0.0047509,-0.0068665,2.5018,4.9789,-0.00030518
0.054321,-0.00061035,-0.0042758,-0.0061035,2.5009,4.9786,0.00030518
0.034332,-0.00061035,-0.0042758,-0.0064087,2.5009,4.9786,0.00030518
0.010223,-0.0021362,-0.0047509,-0.0094604,2.5012,4.9796,0
0.0057983,-0.002594,-0.0042758,-0.013123,2.5012,4.9777,-0.00061035
0.022888,-0.0016785,-0.005226,-0.012665,2.5021,4.9783,0.00061035
0.022125,-0.00061035,-0.0042758,-0.0091553,2.5021,4.9796,0
0.013275,-0.0033569,-0.0047509,-0.0071716,2.5009,4.9799,-0.00030518
0.012665,-0.0019836,-0.0033257,-0.0086975,2.5021,4.9789,0.00061035
0.016022,0.00030518,-0.0047509,-0.007782,2.5006,4.9792,0
0.018616,0.00015259,-0.0042758,-0.0047302,2.5003,4.9796,0.00061035
0.016479,-0.002594,-0.0042758,-0.0045776,2.5012,4.9789,-0.00030518
0.0097656,-0.0033569,-0.0042758,-0.0012207,2.5009,4.9783,0.00030518
0.0038147,0.00091553,-0.0042758,0.002594,2.5006,4.9783,0.00030518
0.002594,0.0021362,-0.0042758,0.0039673,2.5018,4.9792,-0.00061035
0.014038,0.00061035,-0.0047509,0.0042725,2.5012,4.9792,0
0.018311,0.0010681,-0.0042758,0.0033569,2.5021,4.9786,0.00030518
0.0093079,0.0041199,-0.005226,0.0057983,2.5012,4.9792,-0.00061035
0.0016785,0.0079346,-0.0033257,0.0079346,2.5009,4.9786,-0.00030518
-0.0033569,0.0086975,-0.0028506,0.0067139,2.5018,4.9796,0.00030518
-0.00076294,0.0079346,-0.0042758,0.0032043,2.5027,4.9796,-0.00030518
0.024719,0.0071716,-0.0033257,0.0019836,2.5018,4.9792,0.00030518
0.030212,0.0053406,-0.0042758,0.00045776,2.5015,4.9792,0.00061035
0.00091553,0.0042725,-0.0042758,-0.00061035,2.5009,4.9796,0
-0.017242,0.0053406,-0.0033257,0,2.4997,4.978,0.00030518
-0.0042725,0.0033569,-0.0042758,0.0016785,2.5021,4.9792,0.00061035
0.0033569,0.00076294,-0.0047509,-0.0015259,2.5018,4.9789,-0.00030518
0.004425,-0.00030518,-0.0047509,-0.0056458,2.5009,4.9786,0
-0.0054932,-0.00091553,-0.0042758,-0.0047302,2.5015,4.9799,-0.00030518
-0.005188,-0.0019836,-0.0038007,-0.00015259,2.5009,4.9792,-0.00030518
0.00061035,-0.0030518,-0.0042758,0.0036621,2.5015,4.9786,0.00030518
0.0038147,-0.0018311,-0.0028506,0.0016785,2.5018,4.9786,-0.00030518
0.0030518,-0.00076294,-0.0042758,0.0016785,2.5006,4.9786,0
-0.00091553,-0.0033569,-0.0038007,0.002594,2.5018,4.9792,-0.00030518
-0.0088501,-0.0036621,-0.0033257,0.00045776,2.5015,4.9786,0
-0.002594,-0.00076294,-0.005226,-0.0038147,2.5012,4.9789,0.00030518
-0.0059509,-0.002594,-0.0042758,-0.0056458,2.5021,4.9786,0.00061035
-0.013428,-0.0018311,-0.0038007,-0.007019,2.5018,4.9796,0.00061035
-0.0083923,0.00045776,-0.0042758,-0.0090027,2.5012,4.9783,0
0.0032043,0.0015259,-0.0047509,-0.015106,2.5015,4.9792,0.00030518
0.018768,0.0032043,-0.0047509,-0.017548,2.5012,4.9786,0.00061035
0.032654,0.0056458,-0.0042758,-0.014343,2.5018,4.9792,-0.00030518
0.032806,0.0036621,-0.0038007,-0.010529,2.5012,4.9786,0.00030518
0.026703,0.0035095,-0.0033257,-0.014496,2.5012,4.9789,0.00061035
0.029602,0.0028992,-0.005226,-0.020752,2.5012,4.978,0
0.056152,0.0021362,-0.005226,-0.026703,2.5018,4.9786,0
0.038147,-0.0010681,-0.0047509,-0.035248,2.5012,4.9786,0
0.021515,-0.0053406,-0.005226,-0.038147,2.5012,4.9796,-0.00030518
0.025482,-0.0036621,-0.0047509,-0.035858,2.4997,4.9792,-0.00030518
0.027008,-0.00015259,-0.0042758,-0.037384,2.5015,4.9802,0.00030518
0.019379,0.0012207,-0.0042758,-0.034637,2.5015,4.9789,-0.00030518
0.010223,0.00030518,-0.005226,-0.028687,2.5012,4.9786,0.00061035
0.007782,-0.0018311,-0.0038007,-0.027924,2.5021,4.9792,0
0.0018311,-0.0013733,-0.005226,-0.027161,2.5021,4.9789,0
-0.00061035,-0.0010681,-0.0047509,-0.023499,2.5009,4.9805,0.00030518
0.012054,-0.00091553,-0.0042758,-0.019684,2.5009,4.9792,0.00030518
0.0054932,-0.0036621,-0.0042758,-0.018005,2.5012,4.9789,0
-0.020905,-0.0062561,-0.0042758,-0.018158,2.5015,4.9774,-0.00030518
-0.033569,-0.0090027,-0.0038007,-0.019226,2.5015,4.9783,-0.00030518
-0.02121,-0.0048828,-0.0047509,-0.017242,2.5027,4.9777,0.00030518
-0.013885,-0.0015259,-0.0038007,-0.017548,2.5015,4.9786,-0.00030518
-0.016785,-0.0021362,-0.0038007,-0.0177,2.5009,4.9777,0.00030518
-0.014496,-0.0027466,-0.0042758,-0.018311,2.5009,4.978,0
0.00061035,-0.0015259,-0.0042758,-0.019684,2.5024,4.978,0.00030518
-0.0093079,-0.0019836,-0.0038007,-0.019989,2.5024,4.9777,0.00030518
-0.0073242,-0.0030518,-0.005226,-0.019684,2.5009,4.9777,-0.00030518
-0.0045776,-0.0028992,-0.0047509,-0.018768,2.5021,4.9768,0
-0.002594,-0.0016785,-0.0047509,-0.018463,2.5003,4.9774,0.00030518
-0.0099182,-0.00076294,-0.0047509,-0.019531,2.5012,4.978,-0.00030518
-0.014954,-0.00076294,-0.0042758,-0.019379,2.5006,4.9774,0.00030518
-0.0065613,0.00061035,-0.0042758,-0.016632,2.5015,4.9789,0.00061035
-0.013123,0.00015259,-0.005226,-0.013733,2.5021,4.9786,-0.00030518
-0.011597,-0.00015259,-0.0042758,-0.01297,2.5018,4.9799,0.00030518
-0.0059509,-0.00045776,-0.0042758,-0.010986,2.5003,4.9792,-0.00061035
-0.010529,0.00076294,-0.0047509,-0.010071,2.5006,4.9786,0.00030518
-0.007782,0.00015259,-0.0047509,-0.0073242,2.5006,4.9796,0
-0.014038,0.00091553,-0.0047509,-0.007019,2.5021,4.9786,0.00030518
-0.01297,0.0013733,-0.0042758,-0.004425,2.5015,4.9783,0
-0.0085449,0.00045776,-0.0047509,-0.007019,2.5009,4.9792,0.00030518
-0.0057983,0.00076294,-0.0042758,-0.0074768,2.5018,4.9786,-0.00061035
-0.0086975,0.0013733,-0.0038007,-0.0030518,2.5021,4.9792,0.00030518
-0.018768,0.0018311,-0.0042758,0.00076294,2.5006,4.9792,0.00061035
-0.019379,0.0016785,-0.0047509,0.0050354,2.5021,4.9792,0.00061035
-0.010376,0.00061035,-0.0047509,0.0059509,2.5009,4.9789,0.00030518
-0.0071716,0.0021362,-0.0042758,0.0045776,2.5021,4.978,0.00061035
0.00015259,0.0024414,-0.005226,0.0028992,2.5018,4.9783,-0.00030518
0.0068665,0.0018311,-0.0042758,0.0015259,2.5006,4.9796,0.00061035
0.015411,0.0021362,-0.0047509,-0.0022888,2.5015,4.9789,-0.00061035
0.024719,0.00076294,-0.005226,-0.005188,2.5009,4.9789,0.00061035
0.010834,0.0021362,-0.0038007,-0.0050354,2.5009,4.9792,0.00030518
-0.0021362,0.0024414,-0.005226,-0.0094604,2.5012,4.9792,0
0.0018311,0.00076294,-0.005226,-0.016479,2.5018,4.9796,0
0.007019,-0.0015259,-0.0042758,-0.01709,2.5006,4.9792,0.00030518
0.014648,-0.002594,-0.0038007,-0.01236,2.5012,4.9792,-0.00030518
0.026398,-0.0033569,-0.0042758,-0.0079346,2.5,4.9805,0.00030518
0.0076294,-0.004425,-0.0042758,-0.0065613,2.5012,4.9783,0.00030518
-0.01236,-0.0039673,-0.0047509,-0.0033569,2.5015,4.9792,0.00030518
-0.018768,-0.0032043,-0.0047509,-0.0056458,2.5021,4.9792,0.00030518
-0.013275,-0.0047302,-0.0047509,-0.011749,2.5018,4.9792,0
-0.00030518,-0.0027466,-0.0047509,-0.017548,2.5018,4.9792,0.00030518
0.010071,0.0013733,-0.0038007,-0.021057,2.5009,4.9792,0.00061035
0.0045776,0.00076294,-0.0038007,-0.020599,2.5015,4.9796,0.00030518
0.0068665,0.0021362,-0.0038007,-0.018463,2.5018,4.9796,-0.00030518
0.0056458,0.002594,-0.0047509,-0.016327,2.5015,4.9796,-0.00030518
-0.0021362,0.00091553,-0.0047509,-0.01709,2.5015,4.978,0
0.0032043,0.00091553,-0.0047509,-0.016632,2.5012,4.9786,0.00061035
0.0073242,0.0030518,-0.0047509,-0.012207,2.5012,4.9789,0.00030518
0.015259,0.0053406,-0.0047509,-0.0097656,2.5015,4.9783,-0.00061035
0.015564,0.0064087,-0.0042758,-0.012207,2.5015,4.9783,0.00030518
0.013885,0.0054932,-0.0047509,-0.015717,2.5015,4.9796,0
0.0082397,0.0018311,-0.0047509,-0.016327,2.5009,4.9786,0
-0.00091553,0.0010681,-0.0038007,-0.0097656,2.5003,4.9796,-0.00030518
-0.0059509,0.0015259,-0.0042758,-0.0022888,2.5024,4.9783,0
-0.016479,0.0019836,-0.0042758,-0.0015259,2.5,4.9783,0.00030518
-0.019989,0.0021362,-0.0047509,-0.0062561,2.5009,4.9783,0.00030518
0.0045776,0.0013733,-0.0042758,-0.011597,2.5024,4.9786,0
0.029755,-0.00091553,-0.0047509,-0.016022,2.5021,4.9786,0.00030518
0.028839,-0.0028992,-0.005226,-0.016785,2.5012,4.9789,0
0.014801,-0.0016785,-0.0042758,-0.015869,2.5012,4.9792,0
-0.0097656,0.00061035,-0.005701,-0.015411,2.5006,4.9796,0.00030518
-0.015717,-0.0010681,-0.0047509,-0.014954,2.5018,4.9792,-0.00030518
-0.011597,-0.0013733,-0.0047509,-0.014343,2.5012,4.9789,0.00061035
-0.014038,0.00045776,-0.0047509,-0.016785,2.5021,4.9789,0.00061035
-0.023193,-0.0010681,-0.0033257,-0.017395,2.5018,4.9789,0
-0.032196,-0.0027466,-0.0047509,-0.018463,2.5009,4.978,-0.00030518
0.0061035,0.00091553,-0.005226,-0.021362,2.5003,4.9789,0.00030518
0.019989,0.0035095,-0.0042758,-0.021515,2.5018,4.9789,0
-0.0012207,0.0039673,-0.0047509,-0.019226,2.5012,4.9786,0
-0.015717,0.0042725,-0.005226,-0.019684,2.5018,4.9789,-0.00061035
-0.010223,0.0082397,-0.0061761,-0.019226,2.5021,4.9786,0
-0.013885,0.0094604,-0.0038007,-0.016632,2.5012,4.9789,-0.00061035
-0.0038147,0.0065613,-0.0047509,-0.015717,2.5018,4.9792,0.00030518
0.020294,0.0059509,-0.0042758,-0.015259,2.5009,4.9796,0
0.0035095,0.0093079,-0.0042758,-0.011902,2.5021,4.9792,0.00030518
-0.018158,0.0082397,-0.005226,-0.0042725,2.5012,4.9796,0.00030518
0.0039673,0.0086975,-0.0047509,0.00015259,2.5012,4.9799,0.00030518
0.02655,0.0076294,-0.0038007,0.0030518,2.5018,4.9792,0
0.0093079,0.0041199,-0.0042758,0.0086975,2.5018,4.9783,-0.00030518
0.00015259,0.00091553,-0.0033257,0.010834,2.5015,4.9783,0
-0.014648,-0.0042725,-0.0047509,0.0094604,2.5012,4.9777,0
-0.02533,-0.0086975,-0.0033257,0.0080872,2.5024,4.9777,-0.00091553
-0.0177,-0.010376,-0.0047509,0.0086975,2.5021,4.9774,0.00030518
-0.0010681,-0.010529,-0.005701,0.0099182,2.5009,4.9777,0.00030518
-0.00015259,-0.0091553,-0.0047509,0.013885,2.5018,4.9777,0.00030518
-0.011749,-0.0094604,-0.0042758,0.016174,2.5012,4.9762,0
-0.0068665,-0.0091553,-0.0047509,0.017548,2.5018,4.9765,-0.00030518
0.0045776,-0.0054932,-0.0047509,0.019836,2.5018,4.9771,0.00030518
0.043488,-0.0035095,-0.0038007,0.024719,2.5015,4.978,0.00091553
0.039825,-0.0032043,-0.0042758,0.027924,2.5003,4.9771,0
-0.017242,-0.00030518,-0.0047509,0.031281,2.5009,4.9771,0.00030518
-0.048828,-0.0010681,-0.0042758,0.037842,2.5012,4.9783,0.00030518
-0.048676,-0.0030518,-0.0042758,0.037842,2.5012,4.9783,-0.00061035
-0.035858,-0.00030518,-0.0047509,0.033722,2.5009,4.9789,0.00061035
-0.027313,0.002594,-0.0042758,0.032349,2.5012,4.9783,0
-0.020142,0.0028992,-0.0047509,0.031738,2.5009,4.9786,0
-0.022125,0.0036621,-0.0047509,0.030823,2.5015,4.9777,0.00030518
-0.025787,0.0041199,-0.005226,0.026855,2.5021,4.9783,0
-0.016174,0.0056458,-0.0047509,0.019989,2.5009,4.9786,0
-0.0093079,0.0050354,-0.0047509,0.018463,2.5015,4.9789,0
-0.015717,0.0032043,-0.0047509,0.022278,2.5024,4.9786,0.00030518
-0.028687,0.0045776,-0.0047509,0.025024,2.5012,4.9786,-0.00030518
-0.031586,0.0050354,-0.0033257,0.022736,2.5015,4.9789,0
-0.020294,0.0057983,-0.0038007,0.024109,2.5009,4.9789,0
-0.0024414,0.0062561,-0.0042758,0.025635,2.5006,4.9789,-0.00061035
0.0019836,0.0010681,-0.0047509,0.02594,2.5018,4.978,0.00061035
0.0059509,-0.0021362,-0.0042758,0.026703,2.5003,4.9786,0
-0.011444,-0.00061035,-0.0047509,0.027618,2.5015,4.9777,-0.00061035
-0.021057,0.0013733,-0.0042758,0.028076,2.5015,4.9792,-0.00030518
-0.0090027,0.0045776,-0.0047509,0.03067,2.5012,4.9799,0.00030518
-0.00015259,0.0033569,-0.0038007,0.034485,2.5021,4.9789,0.00030518
-0.0048828,0.0013733,-0.0033257,0.036163,2.5015,4.9786,0
-0.0057983,0.00076294,-0.0042758,0.035858,2.5006,4.9783,-0.00030518
-0.0091553,0.00030518,-0.005226,0.032654,2.5015,4.9805,0.00030518
-0.014038,-0.00030518,-0.0038007,0.03006,2.5015,4.9799,0.00030518
-0.020142,0.0021362,-0.0038007,0.028839,2.5003,4.9789,0
-0.0083923,0.0024414,-0.0042758,0.025635,2.5009,4.9789,-0.00030518
-0.0013733,0.0032043,-0.0038007,0.026398,2.5006,4.9799,-0.00061035
0.00061035,0.0035095,-0.0042758,0.028534,2.5009,4.9786,0.00030518
-0.0059509,-0.0012207,-0.0033257,0.030518,2.5009,4.9796,0
-0.014191,-0.0032043,-0.0042758,0.030518,2.5009,4.9796,0.00061035
-0.011902,-0.0018311,-0.005226,0.028229,2.5009,4.9786,0.00030518
-0.009613,0.0015259,-0.0042758,0.028839,2.5015,4.9792,0.00030518
-0.0090027,0.0021362,-0.0038007,0.028229,2.5009,4.9792,-0.00030518
-0.005188,0.0019836,-0.0042758,0.027466,2.5018,4.9792,0
-0.0039673,0.0033569,-0.0042758,0.027161,2.5012,4.9792,0.00061035
-0.018616,0.0027466,-0.0042758,0.029449,2.5018,4.9799,0.00030518
-0.032959,0.00076294,-0.0042758,0.035095,2.5024,4.9786,0
-0.020599,0.0010681,-0.0042758,0.034027,2.5015,4.9789,-0.00091553
-0.0086975,0.0013733,-0.0042758,0.029297,2.5009,4.9792,0
-0.0062561,0.0045776,-0.0042758,0.028839,2.5012,4.9786,0
-0.011749,0.0059509,-0.0042758,0.020905,2.5018,4.9786,0
-0.010986,0.0065613,-0.0038007,0.011597,2.5015,4.9783,-0.00030518
0.00061035,0.0050354,-0.0042758,0.0083923,2.5012,4.9792,0.00030518
0.00076294,0.0035095,-0.0047509,0.010681,2.5015,4.9789,-0.00061035
-0.013733,0.0018311,-0.0042758,0.013885,2.5006,4.9789,0.00061035
0.00091553,0.00045776,-0.0042758,0.011444,2.5009,4.9796,0.00030518
0.0097656,-0.0018311,-0.0047509,0.0094604,2.5015,4.9783,-0.00030518
0.0048828,-0.0015259,-0.0042758,0.0085449,2.5012,4.9789,0
0.0018311,-0.0021362,-0.0042758,0.0064087,2.5015,4.9799,0.00030518
-0.0035095,-0.004425,-0.0042758,0.0091553,2.5015,4.9789,0.00030518
-0.0079346,-0.0065613,-0.0042758,0.016022,2.5015,4.9792,-0.00061035
-0.0045776,-0.0079346,-0.0042758,0.019073,2.5012,4.9786,0.00061035
-0.010071,-0.0079346,-0.005226,0.016327,2.5021,4.9789,0.00030518
-0.018005,-0.0079346,-0.0047509,0.0085449,2.5015,4.9786,0
-0.016632,-0.0053406,-0.0047509,0.0079346,2.5021,4.978,0.00030518
-0.0022888,-0.0035095,-0.0038007,0.014191,2.5018,4.9792,0
0.004425,-0.0030518,-0.0042758,0.019531,2.5021,4.9789,0.00030518
0.012817,0.00076294,-0.0033257,0.02182,2.5003,4.9789,0
0.007782,0.0035095,-0.005226,0.024414,2.5015,4.9799,0.00030518
0.0074768,0.0042725,-0.0047509,0.024567,2.5012,4.9789,0.00030518
0.007782,0.002594,-0.005226,0.023499,2.5024,4.9799,0.00030518
0.0019836,0.0019836,-0.005701,0.020905,2.5015,4.9786,-0.00030518
0.0019836,0.0015259,-0.0042758,0.020752,2.5012,4.9783,0.00061035
0.00076294,0.0030518,-0.0047509,0.026093,2.5012,4.9796,0.00030518
-0.0059509,0.0065613,-0.0042758,0.030365,2.5012,4.9799,0.00030518
-0.0082397,0.0045776,-0.0038007,0.033875,2.5018,4.9783,0.00030518
-0.0036621,0.0012207,-0.0047509,0.032501,2.5015,4.9783,0.00030518
0.0056458,-0.0016785,-0.0042758,0.031738,2.5018,4.978,-0.00030518
0.0041199,-0.0024414,-0.0042758,0.030975,2.5018,4.9783,-0.00061035
0.0082397,-0.0018311,-0.0047509,0.035095,2.5,4.9774,-0.00061035
0.010986,-0.00076294,-0.0042758,0.039978,2.5009,4.9786,0.00030518
0.010376,-0.0016785,-0.005226,0.038605,2.5015,4.9777,-0.00030518
0.0062561,-0.0030518,-0.0047509,0.032806,2.5015,4.978,0
0.0032043,-0.0016785,-0.0047509,0.026245,2.5009,4.978,-0.00061035
0.01297,0.0019836,-0.0047509,0.020599,2.5015,4.9762,0
0.031586,0.0035095,-0.005226,0.018005,2.5009,4.9768,0.00061035
0.036316,0.0042725,-0.0047509,0.018158,2.5012,4.9771,-0.00091553
0.044708,0.0042725,-0.0033257,0.016632,2.5012,4.9768,0.00030518
0.039825,0.0028992,-0.0042758,0.013733,2.5015,4.9777,-0.00030518
0.027008,0.0033569,-0.0033257,0.016174,2.5018,4.9783,0.00061035
0.023651,0.0039673,-0.005226,0.026398,2.5015,4.978,0
0.014954,0.0039673,-0.005226,0.033417,2.5009,4.9783,0.00030518
-0.011444,0.0027466,-0.0042758,0.035248,2.5012,4.9786,0.00030518
-0.013733,0.0021362,-0.0047509,0.033417,2.5009,4.9783,0
-0.0042725,0.0030518,-0.0061761,0.03418,2.5009,4.9783,0.00030518
-0.0038147,0.0024414,-0.0047509,0.030823,2.5021,4.9789,-0.00030518
-0.007019,0.0033569,-0.0042758,0.027771,2.5018,4.9792,-0.00061035
-0.0045776,0.002594,-0.0042758,0.026703,2.5018,4.9786,-0.00061035
-0.0059509,0.0016785,-0.0047509,0.025635,2.5006,4.9783,0.00061035
-0.0085449,0.00061035,-0.0042758,0.021667,2.5012,4.9789,0
-0.014801,0.00045776,-0.005226,0.018463,2.5018,4.9792,-0.00091553
-0.0090027,0.0027466,-0.0047509,0.013123,2.5009,4.9792,-0.00030518
-0.010986,0.0027466,-0.0038007,0.0042725,2.5018,4.9789,-0.00030518
-0.0053406,0.0021362,-0.0028506,-0.0036621,2.5015,4.9789,0.00030518
-0.02182,0.0033569,-0.005701,-0.0053406,2.5012,4.9786,0
-0.033264,0.002594,-0.005226,-0.0048828,2.5015,4.978,0
-0.024109,0.0033569,-0.005226,-0.0086975,2.5021,4.9783,0
-0.01297,0.0042725,-0.0038007,-0.012054,2.5015,4.9789,0.00061035
-0.0085449,0.0053406,-0.0047509,-0.0086975,2.5018,4.9799,0
-0.011139,0.0021362,-0.0047509,-0.0032043,2.5018,4.9789,-0.00061035
-0.017242,-0.00015259,-0.0047509,0,2.5006,4.9799,0.00030518
-0.029755,-0.00045776,-0.005226,-0.00091553,2.5015,4.9786,0.00030518
-0.042877,0.00045776,-0.0047509,-0.005188,2.5006,4.9789,0.00030518
-0.039673,0.00030518,-0.0042758,-0.0057983,2.5009,4.9792,0
-0.032959,-0.0016785,-0.0033257,-0.005188,2.5018,4.9799,0.00061035
-0.020294,-0.0012207,-0.0038007,-0.0013733,2.5006,4.9792,0
-0.013733,0.0015259,-0.0042758,0.0019836,2.5018,4.9792,0
0.0013733,0,-0.0042758,0.0015259,2.5009,4.9789,0.00030518
0.027313,-0.002594,-0.0042758,-0.0015259,2.5006,4.9789,-0.00030518
-0.0024414,-0.0028992,-0.005226,0,2.5018,4.9799,-0.00030518
-0.04364,-0.0041199,-0.005226,0.007019,2.5018,4.9786,0
-0.043945,-0.005188,-0.0042758,0.013275,2.5018,4.9789,0.00061035
-0.013733,-0.0028992,-0.0042758,0.015411,2.5012,4.9786,0.00030518
-0.0074768,0.00030518,-0.0047509,0.019226,2.5009,4.9796,-0.00030518
-0.023193,-0.0013733,-0.0042758,0.018005,2.5009,4.9783,0.00061035
-0.016937,-0.0041199,-0.0033257,0.013123,2.5006,4.9786,-0.00030518
-0.0013733,-0.0042725,-0.0042758,0.013275,2.5018,4.9792,0.00030518
0.011902,-0.00030518,-0.005226,0.014496,2.5009,4.9792,0
0.035553,0.0012207,-0.0047509,0.017853,2.5015,4.9792,-0.00061035
0.015411,0.0028992,-0.0042758,0.021362,2.5006,4.9799,0.00061035
-0.023346,0.0039673,-0.0042758,0.02533,2.5018,4.9796,-0.00061035
-0.023956,0.002594,-0.0042758,0.027313,2.5012,4.9796,0.00091553
-0.0015259,0.0032043,-0.0038007,0.024567,2.5012,4.9796,0
-0.0022888,0.0041199,-0.0033257,0.021362,2.5027,4.9792,0.00030518
-0.021667,0.0013733,-0.0038007,0.023041,2.5021,4.9786,-0.00061035
-0.023041,-0.0010681,-0.0042758,0.025024,2.5015,4.9777,0
-0.0177,-0.00030518,-0.0042758,0.023499,2.5018,4.978,0.00030518
-0.012665,0.00030518,-0.0047509,0.016937,2.5015,4.9789,0.00030518
-0.013275,0.00076294,-0.0047509,0.011902,2.5015,4.9792,-0.00030518
-0.0054932,0.0013733,-0.0047509,0.01236,2.5012,4.9789,0.00030518
0.00061035,-0.00091553,-0.0033257,0.0088501,2.5027,4.9792,0
0.0097656,-0.0012207,-0.0038007,0.0076294,2.5012,4.9792,0
0.015717,0.00061035,-0.0038007,0.0079346,2.5009,4.9786,0.00030518
0.014954,0.0010681,-0.0042758,0.0039673,2.5015,4.9786,-0.00030518
0.0076294,0.00015259,-0.0047509,-0.0036621,2.5006,4.9783,0.00030518
0.015259,-0.00015259,-0.0042758,-0.0071716,2.5015,4.9777,0.00030518
0.027161,-0.0021362,-0.0033257,-0.0053406,2.5009,4.9792,0.00061035
0.025482,-0.0016785,-0.0047509,0.00076294,2.5018,4.9792,0.00061035
0.0048828,-0.0012207,-0.005226,0.0085449,2.5003,4.9796,-0.00030518
-0.0047302,0.00076294,-0.0042758,0.014954,2.5015,4.9789,0.00030518
